3.84385 1.78855 -18.0421
2.56418 -0.82341 45.5686
2.21372 2.6938 35.6067
2.00315 1.78955 28.4078
1.87918 3.45948 -14.1683
1.80079 2.70243 -23.1815
1.75106 1.65757 -24.5808
1.71011 2.45281 -34.4035
1.66173 1.69045 -28.2832
1.62924 0.399611 -22.5997
1.60902 -1.60346 -6.22448
1.54378 10 -44.4944
1.45924 8.70853 -50
1.40019 4.37092 -17.1203
4.20993 -2.01759 20.4552
2.74725 0.42565 33.9218
2.37207 5.1699 13.6406
2.134 1.82216 33.5534
1.984 2.87165 4.21289
1.86667 3.76531 -28.0206
1.78597 1.39438 -18.0954
1.74873 1.75446 -26.8599
1.71526 -0.482024 -10.1395
1.69168 -0.272356 -17.479
1.6383 -1.43577 -10.1251
1.61444 10 -36.0366
1.61223 9.08533 -50
1.48086 5.24308 -25.2205
4.71892 -6.95215 -50
2.61675 0.631138 29.1662
2.30027 2.31275 41.4034
2.04438 2.76501 23.0269
1.88512 3.29135 -6.03556
1.82947 2.5804 -26.9146
1.80562 1.5279 -31.2959
1.75467 1.30061 -27.0397
1.71864 -0.0603724 -12.9835
1.66691 0.12847 -18.6628
1.66001 -3.83621 9.5047
1.61106 10 -50
1.56889 4.49607 -11.8895
1.44271 5.24451 -16.7155
4.05624 -2.57714 -0.197905
2.59666 6.01696 -36.6381
2.26899 2.9795 45.9835
2.06059 4.43602 3.99054
1.873 3.17534 1.40489
1.78293 3.97265 -20.3258
1.74866 2.75511 -21.9231
1.70761 3.53347 -40.8629
1.69995 1.48627 -20.3657
1.63807 2.71506 -36.2604
1.66795 1.50714 -28.395
1.56983 10 -47.8915
1.49511 8.90375 -50
1.38926 6.53798 -26.9251
3.60304 -5.45696 40.5989
2.53034 0.311028 -3.55014
2.17374 6.63061 -45.6445
1.97063 9.34194 -50
1.8678 10 -44.1086
1.77314 10 -31.6785
1.73266 10 -26.1469
1.69962 10 -23.1294
1.66303 10 -27.3684
1.6452 8.87705 -13.3664
1.61114 5.82061 15.2293
1.59657 10 -50
1.58619 10 -48.6826
1.43938 7.77165 -27.2347
3.68386 -1.81703 -14.7775
2.48581 2.242 -18.9783
2.15103 7.21573 -50
1.91372 9.70007 -50
1.81796 10 -43.6206
1.7565 10 -31.5445
1.71699 10 -25.8458
1.67786 10 -15.6045
1.65059 10 -17.9996
1.61002 9.04895 -10.2333
1.5511 10 -6.68979
1.57843 10 -29.1914
1.5839 10 -43.9997
1.45122 5.62102 -8.0699
4.26084 -10 23.7064
2.51625 10 -22.3614
2.18334 6.83519 5.32486
1.96868 3.84265 -0.352273
1.88403 2.06458 -9.15263
1.83775 0.923835 -15.1689
1.8049 -0.0352394 -4.36005
1.75663 0.0180713 -9.86352
1.72242 0.00131388 -13.1523
1.6822 -0.203705 -14.0666
1.61872 -0.938484 -4.43403
1.58073 9.3357 -50
1.52303 7.82569 -46.1546
1.40445 5.39035 -23.252
4.39385 -10 25.673
2.60873 3.37249 22.6791
2.24893 4.62685 24.6397
1.98997 3.92396 -1.26453
1.89873 1.68072 2.67537
1.83559 2.41681 -21.9302
1.82537 0.821219 -21.1223
1.78761 -0.653036 -6.8541
1.76919 -1.87186 0.0627204
1.71033 -0.482236 -9.86492
1.63169 2.52617 -30.4573
1.60677 8.24145 -50
1.63974 5.07175 -28.4005
1.33984 7.14439 -28.2547
