-0.00855766 0.0236896 -0.00723643
-0.00820643 0.0233676 -0.00717101
0.0334193 -0.0437852 0.0110279
-0.207752 0.153357 -0.0264111
0.527256 -0.445034 0.0869588
0.351337 -0.449809 0.134744
-0.00995885 -3.27078e-05 6.10542e-06
-0.0252141 0.0397106 -0.0105448
0.00586755 -0.0163249 0.00491511
-0.00286347 -0.0147045 0.00556902
-0.336125 0.255948 -0.0456419
-0.369231 0.28066 -0.0500705
0.486986 -0.9 0.227098
0.421506 -0.347253 0.0653488
0.488274 -0.9 0.226938
-0.329136 0.443781 -0.13857
0.289405 0.0147572 -0.065892
0.220889 -0.189881 0.0362194
0.315325 -0.428318 0.137019
0.50172 -0.9 0.225281
0.500522 -0.9 0.225739
0.506287 -0.9 0.225163
0.498785 -0.9 0.225959
0.49292 -0.9 0.226579
0.498473 -0.9 0.225999
0.0177544 -0.508112 0.151779
0.504696 -0.9 0.225072
0.495924 -0.9 0.226274
0.495373 -0.9 0.226327
0.0598392 -0.199255 0.0893999
0.290081 -0.893502 0.277039
-0.901461 0.749458 -0.142902
0.0193193 -0.0379994 0.0105645
-0.0324105 0.0437183 -0.0111189
-0.0622568 0.0683703 -0.0158425
-0.0751904 0.0765846 -0.0170853
0.0119296 -0.0275246 0.00812428
0.584003 -0.82084 0.26433
0.688837 -0.888453 0.203678
0.739306 -0.9 0.20253
0.491698 -0.400322 0.0750145
0.093472 -0.0613526 0.00910308
0.449357 -0.396941 0.0777791
0.241013 -0.224015 0.0448685
-0.0868625 0.16051 -0.0754342
0.642512 -0.54686 0.10534
-0.0101026 0.000161608 -3.92508e-05
-0.040524 0.04826 -0.0117303
-0.01 -2.95458e-10 8.03116e-11
0.529205 -0.299028 0.0147447
-0.00832723 -0.00462739 0.00303757
0.00134336 0.00987912 -0.0027457
-0.00978281 0.0247282 -0.00743794
0.631538 -0.522016 0.100666
0.543589 -0.454328 0.086507
-0.0160509 0.00741781 0.000135206
-0.0176601 0.00951345 -0.000363961
-0.0168718 0.00856938 -0.000151969
0.0555323 -0.14374 0.0732231
-0.81516 0.9 -0.161087
-0.0445206 0.0321359 -0.00653457
0.0416059 -0.0531987 0.0136854
0.0354569 -0.0455778 0.0113838
0.0448582 -0.052469 0.012603
0.0867746 -0.160187 0.0771459
0.0532712 -0.0569361 0.0131856
0.0231997 -0.0359754 0.00963255
0.125485 -0.234221 0.0958709
0.146666 -0.261663 0.102195
0.022116 -0.0349509 0.00939729
0.311286 -0.536092 0.203636
0.0185742 -0.0320584 0.00884725
-0.0098115 -0.48378 0.146922
0.5076 -0.9 0.225129
-0.00782286 -0.485682 0.147319
0.50083 -0.9 0.225747
0.539764 -0.9 0.221889
0.669527 -0.9 0.208952
0.502937 -0.9 0.225582
0.507949 -0.9 0.225061
0.517148 -0.9 0.222965
0.494253 -0.9 0.226345
0.632314 -0.9 0.207575
0.677437 -0.9 0.206455
0.488896 -0.9 0.226923
0.508292 -0.9 0.224963
0.504439 -0.9 0.225223
0.005811 0.00833282 -0.00392286
0.369584 -0.645908 0.23321
0.0411718 -0.0477098 0.0114991
0.514231 -0.9 0.224482
0.520182 -0.9 0.223799
-0.000295271 0.0247262 -0.0137573
0.01 -1.2879e-10 2.10855e-11
0.3376 -0.621185 0.228844
-0.00156213 -0.0109772 0.00432984
0.516463 -0.9 0.224348
0.526324 -0.9 0.223398
-0.0120867 -0.483195 0.147044
-0.0169314 -0.477099 0.145561
-0.0279651 -0.47597 0.146229
0.585768 -0.9 0.215915
0.476066 -0.9 0.228088
0.484144 -0.9 0.227322
0.48666 -0.9 0.227095
0.480531 -0.9 0.227671
0.483475 -0.9 0.227386
0.422564 -0.853369 0.218942
0.942464 -0.9 0.126188
0.46428 -0.9 0.230116
0.468749 -0.9 0.228921
0.4559 -0.890326 0.227106
0.252295 -0.342853 0.106327
0.607397 -0.9 0.224904
0.208618 -0.348385 0.120836
0.0481259 -0.0996178 0.0624534
0.101927 -0.185615 0.0834054
0.218217 -0.366392 0.126986
0.348959 -0.626728 0.229493
0.370615 -0.647013 0.233641
-0.557926 0.43895 -0.0823849
-0.550837 0.42422 -0.0767949
-0.620814 0.480062 -0.0872457
-0.506764 0.218252 0.0152313
-0.508364 0.220189 0.014726
-0.55201 0.377359 -0.0530979
-0.117581 0.0868033 -0.0163881
-0.505043 0.391598 -0.0714477
-0.608933 0.472809 -0.0861591
-0.115692 0.0765842 -0.0116671
-0.170059 0.120334 -0.019897
-0.51937 0.400276 -0.0724413
-0.679767 0.538473 -0.1013
-0.68374 0.543943 -0.1026
-0.679469 0.543147 -0.102814
-0.675922 0.54306 -0.103201
-0.678263 0.547825 -0.104821
-0.678384 0.555762 -0.108364
-0.663492 0.504862 -0.0904815
-0.666669 0.483078 -0.07718
-0.700321 0.667176 -0.139112
-0.645824 0.470855 -0.0764108
-0.56103 0.285874 -0.00522084
-0.685862 0.481487 -0.0832473
0.0404673 -0.0491727 0.0120057
0.562554 -0.9 0.217898
0.0393607 -0.0483514 0.0118593
0.0281617 -0.0309308 0.00589018
0.0270988 -0.0299805 0.00567353
0.0355967 -0.0456402 0.0113919
-0.50753 0.554242 -0.121243
-0.631451 0.435247 -0.0617368
-0.767105 0.9 -0.238162
-0.851238 0.9 -0.194794
0.552038 -0.9 0.220179
0.037365 -0.0469979 0.0116373
-0.674265 0.525225 -0.0960952
-0.8431 0.888341 -0.23555
0.0452543 -0.0502785 0.0117729
-0.00735028 0.0379734 -0.0195829
0.038049 -0.0427519 0.00939609
0.0427046 -0.0508023 0.0122509
-0.015287 0.0497528 -0.0235257
-0.622874 0.9 -0.297015
-0.629991 0.9 -0.2951
-0.638866 0.9 -0.292735
-0.4079 0.394742 -0.0953453
-0.0178736 0.0132841 -0.0043807
0.0402495 -0.0492381 0.0120496
-0.332829 0.252611 -0.0449854
-0.00887363 -0.00910498 0.00442161
0.0529958 -0.0592851 0.0139152
0.0529026 -0.059222 0.013905
0.276238 -0.240616 0.0482311
-0.0098746 -9.83062e-05 1.7848e-05
-0.00483182 -0.0131338 0.00527499
-0.0162208 0.0236408 -0.00478053
0.0873017 -0.257832 0.104592
0.0860778 -0.25685 0.104408
0.122419 -0.285739 0.109802
0.213002 -0.356462 0.122867
0.115163 -0.279324 0.108532
0.233094 -0.373777 0.126253
0.127048 -0.288871 0.110325
0.119105 -0.283048 0.109294
-0.769386 0.9 -0.165654
0.00878587 0.00128967 -0.000278374
0.00813 0.00199973 -0.000432618
0.233882 -0.367422 0.123942
0.651059 -0.9 0.206906
-0.265323 0.255866 -0.0520917
0.269186 -0.398739 0.130288
0.470502 -0.9 0.228796
0.754765 -0.9 0.193972
0.0134143 -0.0279011 0.00807882
0.483418 -0.9 0.227207
0.020772 -0.0338754 0.00921202
0.0155617 -0.0296207 0.00839782
0.0366155 -0.0462463 0.011478
0.0416176 -0.0528456 0.013351
-0.040485 -0.452525 0.139991
0.0857393 -0.107488 0.0297293
0.17933 -0.302108 0.103706
0.0284871 -0.014907 0.00102565
0.0502567 -0.0566315 0.0132888
0.0407396 -0.038124 0.00642148
0.000528164 0.0142606 -0.00521673
-0.000374154 0.0151927 -0.00541499
0.0269996 -0.013502 0.000789314
0.00376561 0.010757 -0.00446275
0.0632575 -0.0570759 0.0120782
0.0463873 -0.0312032 0.00274176
0.0860639 -0.0741898 0.0135437
-0.0711933 0.0756862 -0.0183856
-0.492593 0.458812 -0.0979358
0.081277 -0.0699012 0.0122898
0.0272648 -0.0372887 0.00949334
-0.0483806 0.0937008 -0.0370681
-0.0184281 0.0327043 -0.00907675
-0.0181247 0.0323847 -0.00900186
-0.0362936 0.0507579 -0.0128605
-0.054254 0.0663998 -0.0162391
-0.00418363 -0.0136519 0.00537206
-0.00370123 -0.0140371 0.00544412
0.201858 -0.179268 0.0366018
0.561096 -0.467932 0.0909662
0.042685 -0.0473884 0.0110503
0.086598 -0.0842709 0.0182774
0.0187605 -0.0107684 0.00244132
0.045218 -0.0427367 0.00964938
0.00843558 -0.0236164 0.00722502
0.0568219 -0.0623981 0.0145051
0.0599088 -0.0647182 0.0149228
0.00332624 0.00693556 -0.00148054
0.286747 -0.415891 0.134059
0.289344 -0.418249 0.134531
0.261232 -0.396007 0.130387
0.220081 -0.361205 0.123629
0.266619 -0.400575 0.131269
0.138826 -0.298218 0.112058
0.222158 -0.354506 0.121436
0.246599 -0.373105 0.124797
0.137389 -0.294322 0.111028
0.220334 -0.353241 0.121195
0.108462 -0.273555 0.107403
0.109645 -0.272881 0.107095
-0.00489219 -0.0130759 0.00526297
-0.00378027 -0.0138297 0.00538794
0.014451 -0.0279818 0.0079892
-0.00126715 -0.0155928 0.00568758
0.0231651 -0.0349324 0.00928969
0.0313248 -0.041188 0.0104303
0.0224638 -0.0261469 0.00494506
0.0275627 -0.0224821 0.00187715
0.0081981 -0.00488579 -0.00200626
0.032258 -0.0291236 0.00405103
0.0297437 -0.0243355 0.00229189
0.0279224 -0.0273189 0.00458362
-0.00953442 -0.000375665 7.088e-05
-0.344821 0.270884 -0.0511628
-0.259086 0.205114 -0.0391517
0.0412977 -0.0409169 0.00765677
0.0115674 -0.0162703 0.00293672
-0.230154 0.199502 -0.0400808
-0.412394 0.322776 -0.0606309
0.0393433 -0.0394321 0.00738804
-0.00934943 -0.000502571 9.21056e-05
0.00196782 -0.0093024 0.00171176
-0.00745798 -0.00196537 0.000360548
0.00591101 -0.0125066 0.0023194
-0.00680833 -0.00246107 0.000449991
-0.00911743 -0.000668299 0.000120792
0.00838398 -0.0141911 0.00259985
0.0264262 -0.028621 0.00530473
0.000549549 -0.00790781 0.00142178
0.0122251 -0.0167757 0.00303051
-0.0073826 -0.00202418 0.000370606
-0.00532696 -0.00354432 0.000639687
0.00343868 -0.00992657 0.00176179
0.00820641 -0.0137432 0.00247863
0.012027 -0.0167585 0.00304164
0.473306 -0.411838 0.0801632
0.0505959 -0.0631037 0.0163861
0.0426935 -0.0490923 0.0113513
0.0330334 -0.0321555 0.00530026
0.0269132 -0.022098 0.00179665
0.0154128 -0.00150293 -0.00560634
0.0385546 -0.0375842 0.00670719
0.0018782 -0.0181585 0.00617415
0.00459542 -0.020305 0.0065738
0.00629618 -0.021632 0.00681943
0.000437759 -0.0171095 0.00599188
0.0038934 -0.0198911 0.00651551
-0.0021809 -0.0146531 0.00549014
0.00969071 -0.0244197 0.00735306
0.0087099 -0.0234622 0.00715434
0.00175989 -0.01718 0.00589486
0.00496684 -0.0201686 0.00650223
0.00207492 -0.0176626 0.00601148
0.00953685 -0.024146 0.00728513
0.0644102 -0.0684341 0.0156327
0.065067 -0.0689555 0.0157302
0.0503688 -0.0566483 0.0133596
0.0443702 -0.0517797 0.0124397
-0.0330938 0.0117883 0.000337825
0.0659346 -0.0695344 0.0158259
0.0478973 -0.0540232 0.0127181
0.0520809 -0.0570459 0.0132316
0.00532522 -0.0172506 0.00552361
0.0525033 -0.0573936 0.0133737
0.0557306 -0.0600706 0.0138942
-0.361245 0.377334 -0.0798352
0.0275695 -0.0147368 -0.00161119
0.0398507 -0.030452 0.00321616
0.0403294 -0.0315025 0.00366866
0.0350489 -0.0226556 0.000606748
0.041079 -0.0327356 0.00444248
0.0464917 -0.0376383 0.0058841
0.064783 -0.0563857 0.010143
0.0556715 -0.0472145 0.00822486
0.0524549 -0.0424922 0.00710147
0.0541843 -0.0433978 0.00723634
0.0479318 -0.0370745 0.00590575
0.0134976 0.000195855 -0.00217718
0.033311 -0.0240936 0.00332229
0.0358938 -0.0274038 0.00408279
-0.00824441 0.0232513 -0.00713387
-0.00678416 0.0216372 -0.00678089
-0.231615 0.259088 -0.0577956
-0.466403 0.424955 -0.0846973
0.0359198 -0.0263835 0.00377269
0.0137011 -0.00117578 -0.00178524
-0.00818624 0.0227906 -0.00700156
-0.011817 0.0266046 -0.00781821
-0.010821 0.0257319 -0.00764603
-0.00787439 0.0226262 -0.00697944
0.0399389 -0.0343525 0.00578012
-0.0166775 0.0319326 -0.00898375
-0.0146808 0.0298198 -0.00852726
-0.0142262 0.0294233 -0.00844867
0.0184132 -0.00690788 -0.00049664
0.0443194 -0.0361246 0.00594007
0.0227598 -0.0162456 0.000356059
-0.0117344 0.0391063 -0.0188495
-0.0388702 0.0810333 -0.0332455
0.0301347 -0.024743 0.00313636
-0.0378298 0.0796303 -0.0327592
-0.139855 0.209937 -0.0721424
0.0382525 -0.0465639 0.0114128
0.0396097 -0.0472766 0.011505
0.0557174 -0.0612953 0.0142733
0.0551694 -0.060761 0.0141624
0.0380062 -0.0455866 0.0111541
0.0556925 -0.0607293 0.0141055
0.0325808 -0.0425301 0.0107243
0.0338872 -0.0436607 0.0109474
0.0329865 -0.0429143 0.0108047
-0.104527 0.0687234 -0.0103123
0.0525896 -0.0589036 0.0138378
0.0320989 -0.0423193 0.0107066
0.0387243 -0.0497855 0.0124679
0.0810928 -0.143854 0.0709573
-1.13496 0.632127 -0.0498052
-0.964383 0.407961 0.0201043
-0.0308202 -0.9 0.454915
-0.54747 0.648567 -0.108673
-0.24779 0.307617 -0.0696083
-0.351887 0.428071 -0.0959313
-0.357754 0.434717 -0.0973599
-0.233707 0.28949 -0.0649353
-0.335512 0.406549 -0.0908921
-0.52953 0.63378 -0.141589
-0.474094 0.408888 -0.0798425
-0.310522 0.269112 -0.0525574
-0.466687 0.402718 -0.0786826
-0.654445 0.788618 -0.177352
-0.775563 0.9 -0.199035
-0.768973 0.9 -0.199768
-0.598048 0.9 -0.302948
-0.610415 0.9 -0.299078
-0.815454 0.9 -0.196849
-0.685769 0.9 -0.275443
-0.779699 0.9 -0.2472
-0.787594 0.9 -0.246211
-0.353822 0.316061 -0.0671634
0.550609 -0.9 0.180565
0.546187 -0.9 0.185814
0.470063 -0.9 0.226645
0.469909 -0.9 0.226798
0.465696 -0.9 0.229363
-0.57047 0.9 -0.335421
-0.564498 0.6755 -0.153451
-0.569206 0.678849 -0.153409
-0.738767 0.892408 -0.22152
-0.692577 0.788214 -0.175158
0.599266 -0.9 0.210657
0.0041387 0.0103621 -0.0043777
-0.275178 0.320524 -0.072512
-0.402485 0.459822 -0.103013
-0.420979 0.479179 -0.107142
-0.320597 0.371409 -0.0838054
-0.581687 0.652517 -0.144638
0.251942 -0.358154 0.120421
0.220749 -0.313542 0.106406
0.202292 -0.297031 0.105974
-0.00392592 0.0142356 -0.00301972
0.034939 -0.125949 0.0696936
0.0229708 -0.0355362 0.0094964
0.187149 -0.651782 0.179761
0.323704 -0.9 0.275327
0.272167 -0.731561 0.19625
0.244826 -0.706564 0.191132
0.377832 -0.9 0.257642
0.172044 -0.639677 0.177413
0.0593384 -0.0551016 0.010319
0.0100034 -4.451e-06 1.01072e-06
-0.162109 0.171306 -0.0359365
-0.0588982 -0.0350521 0.0508472
-0.198338 0.102523 0.0218563
-0.210255 0.201379 -0.0065312
0.119568 -0.219549 0.0902037
0.01 -1.38024e-15 2.97872e-16
0.01 6.24363e-12 -1.61283e-12
0.0240713 -0.019657 0.00462772
0.0912934 -0.161445 0.0752455
5.27064e-06 0.0254076 -0.0150089
0.0125737 -0.00419613 0.00102676
0.0413256 -0.0494892 0.0119691
0.0402783 -0.0490235 0.0119742
0.0414237 -0.0498705 0.0121267
0.0421651 -0.05048 0.0122444
0.0507575 -0.0576858 0.0136385
0.608779 -0.9 0.211174
0.520998 -0.9 0.223558
0.630915 -0.9 0.210035
0.298142 -0.758412 0.202399
0.63022 -0.9 0.211066
0.223388 -0.686314 0.186853
0.610079 -0.9 0.215257
0.611786 -0.9 0.21402
0.609098 -0.9 0.214997
0.605329 -0.9 0.21512
0.603369 -0.9 0.215513
0.596541 -0.9 0.216409
0.595255 -0.9 0.216258
0.598536 -0.9 0.215624
0.597002 -0.9 0.214642
0.584853 -0.9 0.217255
0.0322055 -0.0431357 0.0109452
0.030687 -0.04188 0.0107032
0.0395527 -0.0436082 0.0104161
-0.837795 0.874732 -0.188801
0.0413882 -0.0495506 0.0120181
0.0401036 -0.048948 0.011965
0.0389536 -0.0480148 0.0117585
0.0391386 -0.0483572 0.0118845
-0.725158 0.9 -0.245076
-0.745031 0.9 -0.264491
-0.571532 0.523509 -0.112449
-0.820489 0.9 -0.242909
-0.903131 0.9 -0.190263
-0.718549 0.9 -0.258323
-0.765624 0.9 -0.261019
-0.367592 0.296893 -0.0582203
-0.879502 0.853669 -0.209065
-0.738532 0.588641 -0.111533
-0.7293 0.57244 -0.105562
-0.507317 0.393895 -0.0719023
0.017925 -0.0314926 0.00873963
0.718556 -0.9 0.183124
0.578159 -0.9 0.217197
-0.662871 0.526195 -0.0975661
0.0184814 -0.0319119 0.00881297
-0.357874 0.276522 -0.0499391
0.0317784 -0.0307565 0.00645733
0.0443868 -0.0508751 0.0121483
0.223859 -0.357956 0.12233
0.220274 -0.349057 0.119866
0.206471 -0.324294 0.110797
0.23917 -0.380284 0.129371
0.628311 -0.56923 0.0791262
0.615221 -0.527292 0.067726
0.464145 -0.346674 0.0308809
0.662669 -0.617529 0.119092
0.785634 -0.9 0.249409
0.6448 -0.458822 0.0421929
-0.105173 0.184207 -0.0703954
-0.0429879 0.0594487 -0.0181935
-0.0138197 0.00122517 0.00560073
-0.0108546 -0.00441892 0.00748251
-0.00748171 -0.00903887 0.00722737
-0.0391917 0.0480293 -0.0117697
-0.022594 0.0363042 -0.00985966
-0.0226441 0.036438 -0.00991151
-0.0215169 0.0353505 -0.00966438
-0.0213322 0.0351821 -0.00963996
-0.0154577 0.029732 -0.00845835
-0.0189722 0.032804 -0.00907924
-0.0166896 0.0313186 -0.00888031
-0.103823 0.206399 -0.0894577
-0.102858 0.205308 -0.0892042
-0.0997388 0.201995 -0.0884327
-0.0205925 0.037881 -0.0113061
0.166409 -0.141431 0.0290997
0.10446 -0.0903718 0.0189661
0.112481 -0.100451 0.0223018
0.314176 -0.308673 0.0718294
0.254549 -0.257434 0.0645972
0.529225 -0.635148 0.186898
0.606662 -0.486873 0.0929869
0.672121 -0.246177 -0.0124482
0.55752 -0.0870759 -0.0621027
0.538488 -0.0543072 -0.0748944
0.45721 0.0685248 -0.111427
0.36313 -0.330931 0.0660424
0.158883 -0.18614 0.0551483
0.519614 -0.501908 0.112208
0.586515 -0.577557 0.13341
0.698465 -0.692898 0.161122
0.787083 -0.9 0.254887
0.790042 -0.9 0.253808
0.591231 -0.41903 0.0730813
0.447942 -0.411618 0.0846843
0.443649 -0.409256 0.0851241
0.447115 -0.406705 0.0837296
0.512855 -0.46646 0.0958897
0.503462 -0.451621 0.0919128
0.613238 -0.478157 0.0874134
0.212279 -0.180726 0.0348386
-0.000222128 0.137313 -0.0746029
-0.00703882 0.143317 -0.0759553
0.241998 -0.0795556 -0.0304635
-0.0294564 0.169328 -0.0817714
0.403463 -0.341643 0.0658042
0.538998 -0.68324 0.121476
-0.181766 0.31089 -0.111756
0.0472792 -0.0176049 -0.0338482
0.0260669 0.021907 -0.0424154
-0.0287318 0.143681 -0.0677833
0.131946 -0.18214 0.0611496
-0.572046 0.820656 -0.264273
0.00664072 0.00704436 -0.0036076
0.00669604 0.00599237 -0.0021748
0.00256437 0.0149284 -0.00560917
-0.480663 0.406346 -0.0795526
-0.636909 0.701384 -0.188198
0.415593 -0.326696 0.061506
0.943339 -0.822674 0.170303
-0.300502 0.0353374 0.0180594
0.169204 -0.174585 0.0382184
0.653649 -0.861289 0.270666
0.13189 -0.243291 0.0961602
-0.0262224 0.0234281 -0.00376753
0.443299 -0.9 0.265626
-0.722179 0.9 -0.203218
-0.711415 0.9 -0.204401
-0.698548 0.9 -0.20593
-0.0162643 0.0302325 -0.00850954
-0.0147209 0.0291036 -0.00830918
-0.190607 0.495287 -0.131761
-0.0155005 0.0297355 -0.00843177
-0.0892309 0.0924987 -0.0206941
-0.0134775 0.0279682 -0.00808002
-0.0108539 0.0256892 -0.00763037
1.01508 -0.831351 0.157203
-0.0490742 0.537901 -0.157887
1.01555 -0.703951 0.118399
-0.0274408 0.0400821 -0.0104618
0.995562 -0.814771 0.153981
0.60534 -0.494626 0.093085
-0.0200176 0.033388 -0.00911655
-0.0198776 0.0332175 -0.00907581
-0.018102 0.0317711 -0.00880499
-0.0194866 0.0328817 -0.00901279
0.109883 -0.0771054 0.0123801
0.265275 -0.2052 0.0368304
-0.146593 0.310694 -0.151105
-0.157189 0.333805 -0.157025
-0.154848 0.328782 -0.155795
-0.152447 0.324256 -0.154655
-0.146942 0.314484 -0.15222
-0.0522243 0.107188 -0.0643558
-0.0340765 0.0445507 -0.0112039
-0.0347181 0.0450005 -0.0112819
-0.0338899 0.0443426 -0.0111565
-0.184988 0.167745 -0.0346629
-0.0337456 0.0442039 -0.0111269
-0.0338455 0.0442232 -0.0111228
0.549726 -0.4456 0.0851273
0.55329 -0.465984 0.0946505
0.59428 -0.473253 0.0881859
0.591602 -0.467511 0.0862235
0.576899 -0.45974 0.0851459
0.580877 -0.464786 0.0862757
0.603776 -0.47608 0.089388
0.605992 -0.469813 0.0855081
0.486975 -0.209421 -0.0160982
0.602318 -0.468872 0.0855633
0.603727 -0.469412 0.0855918
0.500453 -0.215045 -0.0155981
0.607993 -0.9 0.18018
-0.0363857 0.077352 -0.0550307
0.280914 -0.216549 0.0388475
-0.191071 0.338505 -0.119426
0.194681 -0.0440947 -0.0265825
-0.329987 0.46382 -0.146425
0.18031 -0.15164 0.0293394
0.199506 -0.165327 0.0310632
0.270016 -0.225129 0.0425994
0.261904 -0.212245 0.0399814
0.186032 -0.144267 0.0259309
0.262848 -0.211943 0.039133
0.593361 -0.511986 0.0994215
0.739619 -0.9 0.26658
0.471278 -0.383927 0.0731954
0.630993 -0.658529 0.140003
0.553692 -0.429971 0.0784607
0.642188 -0.65827 0.138852
-0.0332602 0.0424054 -0.0106227
-0.0331284 0.042099 -0.0105375
-0.0328192 0.0414848 -0.010384
-0.0338343 0.0427114 -0.0106425
-0.0327737 0.0414403 -0.0103769
-0.0333224 0.0413651 -0.0103008
0.481927 -0.504855 0.113857
-0.00980328 -0.00034059 0.000134203
0.557842 -0.716547 0.218601
0.487533 -0.471093 0.102819
0.159048 -0.158208 0.0346033
0.198832 -0.23396 0.051955
0.104375 -0.151941 0.0483153
0.0604746 -0.0654317 0.0133356
0.138034 -0.191856 0.0596266
0.103114 -0.144858 0.044462
0.0636125 -0.0702868 0.0151937
-0.292901 0.323094 -0.07495
-0.0360263 0.0671158 -0.0218301
-0.023786 0.040804 -0.0093251
0.342497 -0.490602 0.14263
0.317494 -0.448842 0.13127
0.301458 -0.390735 0.0915953
0.0920712 -0.102831 0.0235962
0.392909 -0.378056 0.0869265
0.221429 -0.285555 0.0901855
0.497843 -0.540268 0.144742
0.471 -0.388663 0.0748889
0.594584 -0.615648 0.130437
0.620456 -0.634338 0.133592
-0.199792 0.70812 -0.203733
0.112642 0.386558 -0.126377
-0.523705 0.9 -0.222346
0.012372 0.477121 -0.14508
0.0170834 0.472636 -0.144139
0.0175448 0.00083744 -0.00271606
-0.225733 0.345879 -0.118541
-0.220405 0.339552 -0.117015
-0.215855 0.342069 -0.11978
-0.234688 0.356845 -0.122712
-0.265945 0.393008 -0.129826
-0.172802 0.31969 -0.11709
0.681687 -0.620076 0.12558
0.675034 -0.530139 0.0930976
0.682135 -0.548189 0.102165
-0.0405898 0.0486428 -0.0118348
0.57416 -0.312 0.00683911
-0.213066 0.35909 -0.12515
0.628008 -0.498723 0.0939963
0.660096 -0.502458 0.0919694
-0.0410554 0.0491297 -0.0119341
-0.0419691 0.0492627 -0.0118715
0.333202 -0.215167 0.0336249
-0.107124 0.107631 -0.0235687
0.807048 -0.9 0.198261
0.788034 -0.756721 0.156983
0.570995 -0.290141 0.0365309
-0.0331566 0.0329202 -0.00611854
0.802806 -0.9 0.198632
-0.0460813 0.0517532 -0.0121378
-0.0298537 0.0328564 -0.00632311
-0.0295826 0.0323664 -0.0061601
-0.0292323 0.0321396 -0.0061248
-0.0290542 0.0320017 -0.0061051
-0.028714 0.031746 -0.00605524
-0.0449101 0.0590764 -0.01578
-0.0379266 0.0449419 -0.0109647
-0.483701 0.687294 -0.127507
-0.487517 0.689533 -0.127822
0.136749 -0.267091 0.102911
0.138451 -0.269064 0.103351
-0.0314575 0.0331502 -0.00620061
0.668188 -0.572036 0.110616
0.744403 -0.785803 0.168324
0.756495 -0.806934 0.179539
0.79322 -0.869889 0.211748
-0.0243168 0.0170407 -0.00109597
-0.0251058 0.0214613 -0.00507558
0.753598 -0.630724 0.120684
0.757345 -0.635439 0.121858
0.757627 -0.611724 0.114626
0.694874 -0.496506 0.0825367
0.465179 -0.0393238 -0.0999718
0.384826 0.0464884 -0.0551882
0.370683 -0.303011 0.0569492
-0.633869 0.9 -0.211122
0.552316 -0.453924 0.0861062
-0.185209 0.53885 -0.143973
-0.267395 0.625993 -0.163111
0.481701 -0.389577 0.0729138
-0.0414295 0.0473364 -0.0112655
-0.0429432 0.0496711 -0.0119179
-0.0436927 0.0507923 -0.0121945
-0.0401176 0.0486973 -0.0118956
-0.0443067 0.0512454 -0.0122806
-0.0150936 0.00779674 -0.00188046
0.700798 -0.555025 0.0683348
0.619891 -0.49558 0.0920767
0.664165 -0.518487 0.094872
0.662895 -0.517986 0.0948361
0.379307 -0.134236 -0.0288775
0.779182 -0.732826 0.114614
-0.019861 0.0323607 -0.00881971
-0.0266325 0.0376765 -0.00980502
-0.0244612 0.0358856 -0.00946332
-0.0304353 0.0407226 -0.0103768
-0.0351276 0.0444496 -0.0110726
-0.0351424 0.0445962 -0.0111156
-0.0292905 0.0387816 -0.00983307
-0.0311307 0.0404332 -0.0102043
-0.0349385 0.0436324 -0.0108159
-0.0374454 0.0456061 -0.0112006
-0.042369 0.049587 -0.0119554
-0.0445753 0.0513603 -0.012292
-0.0108995 0.00320068 0.00333671
0.0116566 -0.0368465 0.0178488
0.0364119 -0.0780957 0.0324189
0.0331747 -0.0731262 0.0307252
0.0315778 -0.0709867 0.03004
0.0953237 -0.155704 0.0562195
-0.0324116 0.0315033 -0.00558458
0.0726964 -0.0954313 0.0230653
-0.028752 0.023053 -0.00340303
0.00104023 -0.0108069 0.00405803
0.00263103 -0.00736947 0.00288522
-0.53651 0.450576 -0.0865715
0.01 9.78708e-11 2.82279e-11
0.01 1.41316e-10 3.88588e-11
0.01 -1.21469e-12 3.31738e-13
-0.0315484 0.0423794 -0.00911735
-0.323346 0.30942 -0.0632395
0.00662585 0.00429012 -0.0013067
-0.0205866 0.0189285 -0.00291736
-0.523325 0.621766 -0.13855
0.542959 -0.690717 0.159258
-0.547444 0.650736 -0.14506
-0.514853 0.61803 -0.138194
0.0416077 -0.0544434 0.0135426
-0.0298037 0.0286059 -0.00495931
0.101924 -0.107079 0.024101
0.0294604 -0.0495143 0.0131036
-0.0228674 0.0149104 -0.0014922
0.026096 -0.0435094 0.0116058
-0.406871 0.468455 -0.103033
-0.0504928 0.0565169 -0.0133006
-0.097955 0.101605 -0.0228505
-0.283292 0.405338 -0.129358
0.00154339 -0.0274176 0.0158062
0.000805564 -0.0263279 0.0154364
-0.642065 0.9 -0.286086
-0.0523475 0.0585935 -0.0137603
-0.0388823 0.0468702 -0.0114471
-0.0541864 0.0600368 -0.0140318
-0.044683 0.0516929 -0.0123807
-0.0562696 0.0616724 -0.0143357
-0.0555064 0.0610954 -0.0142314
-0.0108295 0.025609 -0.00760761
-0.0107521 0.0255442 -0.0075953
-0.00735335 0.0227603 -0.00706596
-0.357131 0.472285 -0.144639
2.89009e-06 0.0168805 -0.00596428
0.00288461 0.0146211 -0.00554588
-0.0160562 0.0299879 -0.00845924
-0.0479819 0.0551462 -0.0131202
-0.0498077 0.0565835 -0.0133885
-0.188175 0.300979 -0.101347
-0.0490434 0.0559458 -0.0132692
-0.103506 0.279488 -0.111427
-0.0478269 0.0548826 -0.0130503
-0.0495757 0.0563719 -0.0133435
-0.0322473 0.0413897 -0.0103899
0.270009 -0.213763 0.0391108
-0.0351118 0.043539 -0.0107984
0.331735 -0.25227 0.0449405
0.629034 -0.9 0.295304
0.637167 -0.9 0.293217
0.468221 -0.589475 0.178026
0.644785 -0.9 0.29147
0.121875 -0.194725 0.069424
0.123379 -0.19512 0.0693324
0.399251 -0.339354 0.0682473
0.0375461 -0.0300648 0.00689531
0.365362 -0.329828 0.0684991
0.384452 -0.35265 0.0738056
0.437189 -0.486568 0.108111
0.384512 -0.42331 0.0935264
0.05946 -0.0531231 0.0117087
0.447947 -0.415309 0.0859621
0.0696629 -0.0822069 0.0194881
0.387377 -0.336071 0.0726048
0.0652211 -0.0749799 0.0235545
0.708795 -0.9 0.274079
0.362601 -0.327184 0.0669696
0.0338499 -0.0281704 0.00644521
-0.041195 0.0390614 -0.00704756
0.067874 -0.0760561 0.0178852
-0.0605006 0.0747547 -0.0197449
0.460324 -0.659616 0.215747
0.360325 -0.320597 0.0665365
0.39297 -0.405522 0.0892828
0.0337567 -0.0362657 0.00912407
0.381195 -0.361167 0.0768644
0.0326783 -0.0397129 0.0101722
0.0227937 -0.0279949 0.00763411
0.625021 -0.9 0.296193
0.634552 -0.9 0.29394
0.639386 -0.9 0.292743
0.635937 -0.9 0.293545
0.281356 -0.241007 0.0470649
0.114056 -0.182382 0.0651269
0.215533 -0.167584 0.0304143
0.520405 -0.402457 0.0730766
0.147322 -0.102902 0.0167466
0.249482 -0.194983 0.0352525
0.187052 -0.149302 0.0271377
0.240733 -0.180906 0.0317372
0.310918 -0.239858 0.0431685
-0.671559 0.9 -0.20724
0.409748 -0.320464 0.058416
0.267728 -0.204863 0.0364904
0.300137 -0.230259 0.041176
0.268326 -0.202824 0.0358048
0.783369 -0.738343 0.150083
0.765605 -0.622812 0.117026
-0.204845 0.344284 -0.119823
-0.0862941 0.155118 -0.0737068
-0.019422 0.0112659 0.0017513
-0.08437 0.15199 -0.0729995
-0.0393203 0.0477376 -0.0116634
-0.0399353 0.0482216 -0.0117642
-0.0402595 0.048645 -0.0118646
-0.0403856 0.0487878 -0.0118984
-0.0414766 0.0496568 -0.0120605
0.0521037 -0.0286375 0.00302091
-0.631038 0.9 -0.210733
-0.658327 0.9 -0.205326
-0.670928 0.9 -0.202501
-0.669507 0.9 -0.202072
-0.673161 0.9 -0.200408
-0.63666 0.9 -0.20506
0.117733 0.384862 -0.126897
0.146085 0.357495 -0.121125
0.175837 0.331023 -0.115769
0.896721 -0.571611 0.0883775
0.921098 -0.590779 0.0922849
0.810702 -0.674039 0.12861
0.682208 -0.261854 -0.019213
0.19243 0.313253 -0.112009
0.884249 -0.570496 0.0896269
0.898611 -0.570904 0.0884973
0.859201 -0.508953 0.0734508
0.748648 -0.584843 0.107157
-0.00690314 0.622291 -0.220482
0.239295 -0.0380896 -0.0466106
0.225812 -0.0405235 -0.043051
0.373197 -0.342382 0.0682821
0.49057 -0.434373 0.0853343
0.686278 -0.625666 0.126325
0.172005 0.332289 -0.115983
0.185046 0.321006 -0.113718
0.177288 0.329031 -0.115367
0.18272 0.323882 -0.11423
1.03236 -0.704353 0.116456
0.419722 -0.334181 0.0619099
0.0239169 0.472908 -0.144997
0.184832 0.313296 -0.111112
0.154292 0.340773 -0.116255
0.178148 0.316938 -0.111012
0.188652 0.308107 -0.108878
0.201644 -0.154156 0.0273711
0.131742 0.367836 -0.122362
0.187005 0.314393 -0.11145
0.20294 0.29891 -0.108228
0.188986 0.313398 -0.111487
0.192985 0.30911 -0.110514
-0.00880719 0.49011 -0.146969
-0.309746 0.599172 -0.224692
-0.308068 0.598196 -0.224622
-0.0552749 0.395124 -0.18644
-0.00465436 0.353828 -0.178598
0.655196 -0.9 0.283706
-0.295398 0.74585 -0.301991
0.65767 -0.420988 0.0322356
0.654629 -0.271624 -0.0134069
0.628431 -0.232792 -0.023762
0.689149 -0.380676 0.0168
0.729847 -0.357012 0.0033988
0.723232 -0.428409 0.0290276
-0.0554623 0.111569 -0.0653671
-0.0863073 0.160296 -0.0770153
-0.0772604 0.145931 -0.0735351
-0.0832282 0.155327 -0.0756902
-0.0717255 0.137069 -0.0714726
-0.149468 0.254966 -0.0987358
-0.441195 0.9 -0.23384
-0.298017 0.9 -0.280684
-0.143249 0.66575 -0.196363
-0.269713 0.855911 -0.264024
-0.157009 0.694685 -0.210312
-0.277771 0.74701 -0.2033
0.184417 0.310315 -0.108536
0.181319 0.314724 -0.109788
0.19834 0.289263 -0.101582
0.158237 0.351334 -0.118622
0.174372 0.320309 -0.109799
-0.295965 0.559526 -0.211977
0.6531 -0.296084 -0.113162
0.826476 -0.60253 -0.00208648
0.806287 -0.592703 -0.00201432
0.454871 -0.020001 -0.106087
0.581724 -0.644324 0.142284
0.000721007 -0.0160452 0.00561906
-0.332134 0.607265 -0.223341
-0.140994 0.274531 -0.104764
-0.0428646 0.0892414 -0.0580146
0.208543 -0.273212 0.0623403
0.502053 -0.403439 0.0769981
0.0995214 -0.113655 0.0267174
0.460049 -0.308059 -0.0564945
-0.488246 0.725983 -0.2448
-0.00565605 -0.00860769 0.00397368
-0.00557759 -0.0087536 0.00402719
-0.00996624 -3.55325e-05 7.71829e-06
0.485853 -0.524831 0.117211
-0.0616487 0.664654 -0.227204
1.25682 -0.9 0.0843706
-0.124494 0.22798 -0.0940859
-0.114527 0.216395 -0.0914899
-0.0890942 0.174725 -0.0794987
-0.00946871 -0.000550719 0.000117499
0.832062 -0.325332 -0.0274848
0.884173 -0.391154 -0.00594301
0.850222 -0.338686 -0.0246823
0.867948 -0.358741 -0.0128494
0.803747 -0.276986 -0.0398029
0.843609 -0.336958 -0.0121685
-0.337827 0.621488 -0.228911
-0.336319 0.620087 -0.228596
-0.349673 0.63096 -0.230695
-0.322154 0.609187 -0.226642
-0.301556 0.583719 -0.219036
-0.199028 0.34446 -0.120522
