-0.00143323 -0.00822623 0.00298554
-0.00140315 -0.00829217 0.00301875
-0.00363164 -0.00463843 0.00202805
-0.00327794 -0.0049463 0.00207606
-0.00360323 -0.00466146 0.00201044
-0.00527474 -0.00196173 0.00127642
-0.00275534 -0.00500733 0.0016835
-0.0020486 -0.0061121 0.00197176
-0.00211027 -0.0059101 0.00190324
-0.00259569 -0.00529001 0.00174022
-0.00215287 -0.00575697 0.00182947
-0.00214654 -0.0058244 0.00185371
-0.00589634 -0.000231513 0.00011504
-0.00335844 -0.00433969 0.00117813
-0.00589902 -0.000215035 8.08756e-05
-0.00061778 -0.00872831 0.00229281
-0.000526517 -0.0088699 0.00231481
-0.00355067 -0.00433651 0.00116082
-0.00527973 -0.000864782 -0.000245888
-0.00604782 0.000230146 -0.000244766
-0.00607832 0.000331505 -0.000331112
-0.00606902 0.000322592 -0.000344191
-0.00607117 0.000340154 -0.00036883
-0.00598413 0.000169592 -0.000338733
-0.00613646 0.000532156 -0.000498574
-0.00614143 0.00055843 -0.00052841
-0.00612644 0.000519054 -0.00050439
-0.00610734 0.000522545 -0.000562907
-0.00613552 0.000594007 -0.000600055
-0.00480907 -0.00212771 -7.08348e-05
-0.00363894 -0.00038617 -0.000470361
-0.00279243 -0.00255219 0.000132979
-0.00241444 -0.00340197 0.000305405
-0.000729402 -0.00652147 0.00111556
-0.000821599 -0.00630897 0.00104259
-0.00106476 -0.0057981 0.00090208
-0.00234437 -0.00318494 0.000477067
-0.00222942 -0.00337565 0.000502811
-0.00181819 -0.00415783 0.000696462
-0.00169021 -0.00438758 0.00074271
-0.00118358 -0.00545621 0.00101354
-5.52788e-05 -0.00682578 0.00132407
-0.00174263 -0.00452609 0.00115466
-0.00160352 -0.00432869 0.00108184
8.01862e-05 -0.00678253 0.00176692
-0.00159136 -0.00482248 0.00121548
0.000146149 -0.00666663 0.00164194
0.000225593 -0.0068027 0.00164041
-0.00128341 -0.00519104 0.00167282
-0.00162333 -0.00493144 0.00162553
0.000229349 -0.00688785 0.00204575
0.000780304 -0.00873433 0.0025527
0.000886084 -0.00907304 0.00276198
-0.00108157 -0.00555391 0.00175617
-0.00198751 -0.00423285 0.00180873
-7.55186e-06 -0.0063142 0.00225494
1.4871e-06 -0.00634173 0.00226239
3.30369e-06 -0.00635006 0.00226473
6.88979e-06 -0.00635619 0.00226624
0.000384737 -0.00815946 0.00277325
-0.00288999 -0.00523226 0.00219018
-0.0044967 -0.00330485 0.00175615
-0.0048382 -0.00280888 0.00163797
-0.00378173 -0.00442159 0.00202647
-0.00461705 -0.00289409 0.00136915
-0.00379839 -0.0043946 0.00201383
-0.00540405 -0.00140914 0.000826748
-0.00589778 -0.00020153 8.7394e-05
-0.00564215 -0.000623202 0.000224971
-0.00537044 -0.00143017 0.000801865
-0.00585437 -0.000267132 9.78476e-05
-0.00557132 -0.00109147 0.000678898
-0.00589255 -0.00024687 0.000128137
-0.00587876 -0.000266962 0.00012426
-0.00582605 -0.000353438 0.000135159
-0.00584197 -0.000321309 0.00010793
-0.00530359 -0.00123985 0.000346067
-0.00530892 -0.0012864 0.000352892
-0.00607876 0.000313594 -0.000293312
-0.00598337 0.000161525 -0.000267618
-0.00597527 9.40588e-05 -0.000210536
-0.00591253 3.21394e-05 -0.000262796
-0.00503824 -0.00147817 0.000111719
-0.00543909 -0.000871599 -5.88382e-05
-0.00573206 -0.000151414 -0.000338693
-0.00592199 0.000142844 -0.00040988
-0.00588588 6.9579e-05 -0.00039118
-0.00365468 -0.00386343 0.000575801
-0.00505858 -0.00114165 -0.000664257
-0.0043336 -0.00303768 0.000333063
-0.00606733 0.000408331 -0.000476443
-0.00598653 0.000250949 -0.000436507
-0.00417324 -0.00336669 0.000485241
-0.00454903 -0.00252669 8.19429e-05
-0.00524312 -0.000845643 -0.000766015
-0.00445619 -0.00280095 0.00023801
-0.00604955 0.000264918 -0.000283331
-0.00604508 0.000261042 -0.000296167
-0.00592164 -6.69182e-06 -0.000185385
-0.00585983 -7.65175e-05 -0.000240811
-0.00592167 4.3842e-05 -0.000288158
-0.00514722 -0.00149251 0.000106695
-0.00591051 -0.000224273 0.000135825
-0.00591561 -0.000214196 0.000129466
-0.0059131 -0.000209624 0.000115157
-0.00590167 -0.000215624 9.61963e-05
-0.00589127 -0.000226232 9.10975e-05
-0.00567443 -0.000647611 0.000211726
-0.005492 -0.00136903 0.000904773
-0.00553328 -0.00130057 0.0008879
-0.00557341 -0.00123463 0.000871501
-0.00552775 -0.00128918 0.000861644
-0.00566649 -0.000923334 0.000624184
-0.00553804 -0.00118574 0.000730967
-0.00477668 -0.00264723 0.00140406
-0.00520855 -0.00182467 0.00100623
-0.00500113 -0.00217044 0.00115636
-0.00499091 -0.00235393 0.00133529
-0.00553085 -0.00109695 0.000625552
-0.00539281 -0.00120872 0.000566285
-0.00264939 -0.00375387 0.00169483
-0.00259447 -0.00390193 0.00175454
-0.00254766 -0.00402236 0.00179596
-0.00253387 -0.00406271 0.00180541
-0.00274645 -0.00377623 0.00170507
-0.0026708 -0.00394912 0.00176126
-0.00245704 -0.00391734 0.00138035
-0.00244369 -0.00400245 0.00140896
-0.00238484 -0.00412483 0.00144052
-0.00242475 -0.00411694 0.00143606
-0.00244402 -0.00410181 0.00142068
-0.00241826 -0.00419506 0.00144148
-0.00230864 -0.00401026 0.00103651
-0.00227304 -0.00412517 0.0010614
-0.00225278 -0.00417358 0.00106365
-0.00222946 -0.00423486 0.00107165
-0.00218699 -0.0043126 0.00108086
-0.00215639 -0.00442489 0.00110571
-0.00260142 -0.00292701 0.000466309
-0.00266477 -0.00289327 0.000444945
-0.00279781 -0.00284941 0.000425531
-0.00285078 -0.00272768 0.000376898
-0.00300418 -0.00255867 0.000322337
-0.00287811 -0.00276341 0.000367994
-0.00636096 0.000897722 -0.00051589
-0.00622845 0.000544438 -0.000311676
-0.00639112 0.00103217 -0.000634339
-0.00637033 0.000894622 -0.000521076
-0.00636788 0.000905567 -0.000532564
-0.00645349 0.00114238 -0.000691359
-0.0029086 -0.00321491 0.000389419
-0.0025001 -0.00326794 0.000334977
-0.00275103 -0.00329871 0.000337203
-0.00287533 -0.00313601 0.000291522
-0.00679876 0.00162506 -0.000818215
-0.00654475 0.00136247 -0.000788727
-0.00282059 -0.00300618 0.000472835
-0.00269315 -0.00320505 0.000505398
-0.00579231 -0.000280854 -0.00012085
-0.00555211 -0.000763436 8.62379e-06
-0.00614778 0.000477101 -0.000309839
-0.00622822 0.000617949 -0.000374132
-0.00267331 -0.00368079 0.000946477
-0.00265495 -0.00366935 0.000929478
-0.00259014 -0.00371105 0.000926908
-0.00257637 -0.00370906 0.000918762
-0.00267064 -0.0035839 0.000877338
-0.00262643 -0.00361273 0.000875756
-0.00277642 -0.0032346 0.00114603
-0.00276 -0.00338123 0.00119146
-0.00265895 -0.00355279 0.0012344
-0.00268285 -0.00354091 0.00122412
-0.0027069 -0.00348091 0.00119074
-0.00250583 -0.00380769 0.00128579
-0.0019614 -0.00414568 0.00174373
-0.00184142 -0.00437171 0.00182051
0.000416577 -0.00799942 0.00273406
-0.00182833 -0.00442796 0.00183579
-0.0019539 -0.00422757 0.00176097
-0.00144604 -0.00479083 0.00190658
0.00176227 -0.00459459 0.00167878
0.00191052 -0.00480283 0.00174523
0.00173471 -0.00462446 0.00170997
0.00195329 -0.00488008 0.0017743
0.00196463 -0.00493794 0.00180566
0.00183405 -0.00487278 0.00181995
0.00180131 -0.00562284 0.0015858
0.00179071 -0.00561346 0.00158842
-0.0018279 -0.000392409 0.000220997
-0.00169221 -0.000651271 0.000338171
0.000794894 -0.00415938 0.00119373
-0.00183526 -0.000413885 0.000250266
-0.00183842 -6.47164e-05 -0.000242813
-0.00168504 -0.000326816 -0.000191853
-0.00132326 -0.000975526 -1.95798e-05
-0.001945 0.000123965 -0.000339763
-0.000635053 -0.00222506 0.000303511
-0.00128572 -0.00125705 4.7969e-05
-0.000357411 -0.00280364 0.000180034
-0.000795818 -0.00198465 -2.75929e-05
-0.00160861 -0.000446183 -0.000479006
-0.000790018 -0.00215162 -1.98164e-06
-0.000651652 -0.00259885 0.000117064
0.000322389 -0.00431965 0.000573986
-7.4072e-05 -0.00342408 0.000263877
-5.63559e-05 -0.00343981 0.000239596
0.000633507 -0.0048405 0.00060338
0.00059152 -0.00475015 0.00055611
0.000188432 -0.00421571 0.000401639
-3.07262e-05 -0.00392204 0.000314953
6.77585e-05 -0.00421601 0.000499631
1.61414e-05 -0.00409706 0.000434395
-0.000262985 -0.00371764 0.000319003
-0.000304911 -0.00362585 0.000270594
-0.000504329 -0.00335232 0.00018566
-0.000804673 -0.00294896 6.5642e-05
0.000328781 -0.00409105 0.000554312
0.000571166 -0.00448483 0.000612234
0.00245535 -0.00727183 0.00131593
0.00240191 -0.00718206 0.00127845
0.000363757 -0.0040844 0.000472301
0.00220222 -0.00684213 0.00113448
3.20684e-05 -0.00393232 0.00077682
-5.97698e-06 -0.00383817 0.000729218
7.07305e-05 -0.00389128 0.000727606
1.27798e-05 -0.00394772 0.000743168
0.000457718 -0.00451054 0.000868721
0.000360191 -0.00442103 0.000838683
6.16807e-05 -0.00465528 0.00131238
-2.15997e-05 -0.00448087 0.00125054
0.000145939 -0.00441489 0.00124129
-0.000682665 -0.00347695 0.0010141
8.61577e-05 -0.00445234 0.00125673
0.000701488 -0.00546352 0.00152077
-0.000179637 -0.00434659 0.00168002
-0.000231169 -0.00428889 0.00166742
-0.000178452 -0.0043703 0.00168711
1.92617e-05 -0.00448887 0.00170489
-0.000107113 -0.00446526 0.00170921
0.000249955 -0.00482562 0.00178519
0.00101562 -0.0063934 0.00168203
0.00101568 -0.00637261 0.00166898
0.00104359 -0.00654286 0.00172073
0.0010562 -0.00640225 0.00166467
0.000975614 -0.00643206 0.00166181
0.00101567 -0.006513 0.00168249
0.00118158 -0.00683472 0.00149878
0.00118659 -0.00683801 0.00148551
0.000996327 -0.00662814 0.00142351
0.00121667 -0.0068933 0.00147974
0.00104094 -0.0067332 0.0014419
0.00109434 -0.00686366 0.00148086
0.000592996 -0.00626998 0.000986745
0.000638989 -0.00637216 0.000988174
0.000834476 -0.00659981 0.00102673
0.000667369 -0.00643134 0.000979858
0.000670504 -0.0064323 0.000966184
0.000883644 -0.0067205 0.00103522
0.000201768 -0.00601519 0.000692332
0.000529647 -0.00656769 0.000842626
0.000580471 -0.00668527 0.000873337
0.000157238 -0.00610418 0.000677511
0.000455212 -0.00647126 0.00075317
0.00044602 -0.00652872 0.000763642
0.000307716 -0.00608734 0.000636661
5.54015e-05 -0.0057785 0.000538035
0.000304722 -0.00607709 0.000590505
0.000303677 -0.00609332 0.000581976
0.000291002 -0.00608808 0.000568387
0.000168693 -0.00601531 0.000548377
0.000557461 -0.00629186 0.000698503
0.000590165 -0.00632052 0.000681045
0.000536948 -0.00625855 0.000647561
0.000396962 -0.00609416 0.000591763
0.0005241 -0.00623694 0.00060924
0.000515993 -0.00627481 0.000618788
0.000647183 -0.00643569 0.000840193
0.000672586 -0.00645676 0.000821616
0.000649072 -0.0064425 0.000803683
0.000611452 -0.00640016 0.000780993
0.000673523 -0.00652442 0.000816696
0.000387603 -0.00630036 0.000775213
0.000324342 -0.0061259 0.00100149
0.000198974 -0.00596746 0.000942202
0.000214612 -0.00599825 0.000934896
8.14231e-05 -0.00584486 0.000883405
0.000184266 -0.00599176 0.000913162
0.000468144 -0.00636124 0.000993971
0.0010734 -0.00685545 0.00153668
0.00107519 -0.00684874 0.00152088
0.00109472 -0.00688477 0.00152298
0.00108679 -0.00687986 0.00151323
0.00109312 -0.00689792 0.00151516
0.00125869 -0.00709223 0.00155625
0.000838845 -0.00626909 0.00172106
0.000990435 -0.00655654 0.00180004
0.00105933 -0.00665689 0.00182599
0.00101696 -0.00648551 0.00177226
0.00116048 -0.00683246 0.00187433
0.00118221 -0.00691773 0.00190165
0.00216815 -0.00657788 0.00177823
0.00218621 -0.00661379 0.00178738
0.00253412 -0.00701274 0.00187575
0.0025541 -0.00706133 0.00188853
0.00258457 -0.00713208 0.00190701
0.00238619 -0.00697172 0.00187673
0.00268175 -0.00732344 0.00159567
0.00270335 -0.00738216 0.00161124
0.00267966 -0.00733161 0.00157757
0.00268809 -0.00735706 0.00157723
0.00270803 -0.00740005 0.00157957
0.00295835 -0.00778686 0.00165719
0.00246025 -0.00705119 0.00112162
0.00243526 -0.00701655 0.00109893
0.00242973 -0.007013 0.0010833
0.0023945 -0.00696678 0.00105837
0.00241461 -0.00700768 0.0010583
0.00247124 -0.00709648 0.00107053
0.0023629 -0.00676065 0.000774475
0.00235905 -0.00674575 0.000749972
0.00235366 -0.00673691 0.000729728
0.00237657 -0.00680373 0.000747216
0.00240148 -0.00687849 0.000767413
0.00210801 -0.00650681 0.000634412
0.00225668 -0.00655267 0.000589099
0.00195343 -0.00624163 0.000499396
0.00225405 -0.0065224 0.000537909
0.00220772 -0.00645495 0.000505357
0.00212699 -0.0063882 0.000473761
0.00222117 -0.00628815 0.000360242
0.00223754 -0.0064172 0.000563142
0.00222066 -0.00636593 0.000525441
0.00221287 -0.00634017 0.00049972
0.00225128 -0.00636962 0.000489447
0.00224922 -0.00636011 0.00047176
0.00225715 -0.00636696 0.000457427
0.00232701 -0.00659856 0.000767978
0.00255847 -0.00691604 0.000818561
0.00247092 -0.00677464 0.000769635
0.00240247 -0.0066669 0.000732858
0.00231057 -0.00652962 0.000687177
0.00222327 -0.00640524 0.000646814
0.00260435 -0.00699699 0.00117895
0.00252037 -0.00683633 0.00110406
0.00256949 -0.00691651 0.0011237
0.00260351 -0.00697483 0.00113802
0.00257351 -0.0069132 0.00110607
0.00264088 -0.00702129 0.00112473
0.00289371 -0.00733013 0.00166788
0.00289645 -0.00731953 0.00165293
0.00223248 -0.00640451 0.00136043
0.00236755 -0.00654157 0.00138939
0.00271736 -0.00692371 0.00147255
0.00255718 -0.0067957 0.00144856
0.00278497 -0.00705691 0.00197312
0.00281766 -0.00709107 0.00197755
0.00279118 -0.00705808 0.00196614
0.00275125 -0.00697366 0.0019304
0.0024753 -0.00666313 0.0018536
0.00289945 -0.00720575 0.00200194
0.000936833 -0.00259291 0.00123355
0.001477 -0.00388052 0.00157122
0.000812441 -0.00232076 0.00116311
0.000832204 -0.00237306 0.00117701
0.000845111 -0.00242228 0.00119062
0.00140454 -0.00382237 0.0015603
0.00171802 -0.00461794 0.00141076
0.00175663 -0.00465656 0.00141887
0.00171585 -0.00461575 0.0014103
0.00167969 -0.00457955 0.00140269
0.00168216 -0.00458203 0.00140321
0.00172958 -0.00462932 0.00141313
0.00127844 -0.00349664 0.000753932
0.00125955 -0.0035043 0.000757931
0.00136287 -0.00363591 0.000788114
0.00163041 -0.00435644 0.000980195
0.00156025 -0.00427226 0.000961254
0.00154816 -0.00425769 0.000957973
0.00120765 -0.00341855 0.0004785
0.0013067 -0.00352012 0.000489679
0.00139224 -0.00357453 0.000469311
0.00127347 -0.00343935 0.000443902
0.00125346 -0.00339887 0.000423669
0.00147334 -0.00364909 0.000470723
0.00123039 -0.00327653 0.000332222
-0.00197145 7.46992e-05 -0.000109516
-0.00223939 0.000631745 -0.000398128
-0.00246142 0.00108834 -0.000631442
-0.00246108 0.00109984 -0.000644448
-0.00248539 0.00127031 -0.000798687
0.00138004 -0.00348027 0.00039447
0.00139371 -0.00347236 0.000376275
0.00137077 -0.00344483 0.000370078
0.0013051 -0.00328737 0.000281608
0.00129853 -0.00325436 0.000257214
-0.00225826 0.000799873 -0.000546272
0.00156884 -0.00397706 0.000688626
0.00153628 -0.00391947 0.000663173
0.00153792 -0.00390264 0.000646718
0.00152357 -0.003874 0.000632581
0.00147408 -0.00379585 0.000602333
0.00141773 -0.00371088 0.000571616
0.00129996 -0.00291056 0.00042052
0.00133796 -0.00304848 0.000498464
0.00143649 -0.00336147 0.000669264
0.00148038 -0.00347511 0.000727342
0.00145943 -0.00344579 0.000717077
0.000898924 -0.00218101 0.000502355
0.000281896 -0.000711633 0.000442791
0.000210657 -0.000576695 0.000386227
0.000243351 -0.000759086 0.00056498
0.000360158 -0.000948243 0.000611224
0.000139395 -0.000429215 0.000315566
0.000544655 -0.00126755 0.000690796
0.00230114 -0.00394411 0.00168581
0.00244512 -0.00416095 0.00176434
0.00303634 -0.00483933 0.00189885
0.0030447 -0.00484782 0.00190055
0.00299993 -0.00479993 0.00189
0.00186365 -0.00358215 0.00162467
0.00227868 -0.00265104 0.00113023
0.00210252 -0.00372322 0.00164789
0.00206308 -0.00367564 0.00163702
0.00106877 -0.00239616 0.00134266
0.00118376 -0.00260124 0.00139315
0.000797173 -0.00201269 0.00125206
0.000600376 -0.00119119 0.000584503
0.000762007 -0.00151603 0.000746182
0.000485159 -0.00115259 0.000661955
0.000623278 -0.00134002 0.000705877
0.000761356 -0.00151508 0.000745984
0.000491399 -0.0011625 0.000664405
1.72321e-05 -2.5996e-05 6.24444e-06
7.2998e-06 -1.16185e-05 2.82497e-06
6.62804e-06 -1.08092e-05 2.64156e-06
1.23854e-05 -1.97997e-05 4.81802e-06
1.11593e-05 -1.82117e-05 4.45086e-06
7.95505e-06 9.82452e-06 -2.79849e-05
-0.000351124 0.000859262 -0.000522261
-0.000232336 0.000658877 -0.00045276
-0.000306432 0.000800375 -0.000515424
-0.000266071 0.00073754 -0.000500321
-0.000259874 0.000734226 -0.000505939
-0.000206732 0.0006567 -0.000498794
-0.000317101 0.000886321 -0.000604532
-0.00033279 0.000933227 -0.000637338
-0.00028591 0.000855736 -0.000616398
-0.000310358 0.000925685 -0.000664553
-0.000324182 0.000965177 -0.000692919
-0.000328311 0.00100577 -0.000742196
0.000446959 -0.000314465 -0.000326131
0.00324995 -0.00329984 0.000337458
-9.89148e-05 0.000538735 -0.000513028
-0.000308728 0.000897339 -0.000601424
-0.00041032 0.00101285 -0.000610244
-0.000490649 0.00120803 -0.000727437
0.00321362 -0.00280261 0.000387176
0.00314686 -0.00252788 0.000304029
0.00306055 -0.00243569 0.000275255
0.00309233 -0.00247866 0.000285281
0.00314385 -0.00268578 0.000339613
0.00315973 -0.00268975 0.000334566
0.00284683 -0.00196136 0.000475971
0.0028399 -0.00198681 0.000519394
0.0028342 -0.00193153 0.000504358
0.00285167 -0.00196275 0.000512162
0.00288727 -0.00204396 0.000533325
0.00302175 -0.00240641 0.000629957
0.00219141 -0.000568421 0.00040767
0.00226634 -0.000797827 0.000575133
0.00227378 -0.000813548 0.000579408
0.00227916 -0.000821587 0.000581342
0.00227141 -0.000810911 0.000578826
0.00231334 -0.00089011 0.000598807
0.00240366 -0.00128436 0.000994536
0.00243695 -0.00141054 0.00110382
0.0024128 -0.00137751 0.0010961
0.00247436 -0.00147695 0.00112038
0.00247155 -0.00147277 0.00111936
0.0024188 -0.00137943 0.00109614
-0.00292965 0.00291632 -0.00115123
-0.00293202 0.00288262 -0.0011409
-0.00283472 0.00246809 -0.0010253
-0.0027719 0.00241804 -0.00101594
-0.00278849 0.00243193 -0.00101861
-0.003024 0.00279712 -0.00110698
-5.11655e-06 8.72914e-06 -3.25555e-06
-4.79854e-06 8.96792e-06 -3.54699e-06
-9.84471e-06 1.69005e-05 -6.38935e-06
-6.59289e-06 1.32005e-05 -5.76624e-06
-1.01691e-05 2.13608e-05 -1.05076e-05
-0.000292703 0.000777331 -0.00046286
6.33868e-05 -0.000221678 0.000186388
6.42322e-05 -0.000225874 0.000190906
6.42319e-05 -0.000229935 0.000197374
5.96578e-05 -0.000219917 0.000192935
5.77667e-05 -0.00021361 0.00018784
2.55075e-05 -0.000147544 0.000166571
0.000169998 -0.000600709 0.000512284
0.000294816 -0.00109504 0.000971248
0.000252187 -0.000995443 0.000930234
0.000218123 -0.000914234 0.000888154
0.000141614 -0.000535421 0.000485379
1.35205e-06 -0.000272666 0.00044651
4.5713e-05 -0.00041566 0.000619244
-7.31313e-06 -0.000294945 0.000597159
-7.05119e-05 -0.000145521 0.000556551
-0.000269175 0.000369079 0.000408929
-0.000422653 0.000746574 0.000303308
-0.000683793 0.00142834 0.000105222
7.89072e-05 -0.000487856 0.000644378
3.88883e-05 -0.000396201 0.00062589
1.30198e-06 -0.000306001 0.00060208
-5.74022e-05 -0.000167341 0.000563654
-0.00096581 0.00196442 7.78338e-05
-0.000600286 0.00116286 0.000170839
-0.000336461 0.000632434 0.000196336
-0.000445142 0.000902104 0.000120972
-0.000439023 0.000864114 0.000138003
-0.000668833 0.00151821 -6.22818e-05
-0.00069643 0.00156423 -7.05771e-05
-0.000837817 0.00186248 -0.000153028
-0.00018912 0.000371803 4.29742e-05
-0.000197982 0.000385005 4.022e-05
-0.000255926 0.000527196 -7.762e-06
-0.000374694 0.000825859 -9.70061e-05
-0.000416865 0.00092712 -0.000131491
-0.000763131 0.00179902 -0.000393702
-0.000104755 0.00033757 -0.000258659
-0.00010522 0.000334667 -0.000252579
-0.000112995 0.000349739 -0.000254852
-0.000124293 0.000381304 -0.000271172
-0.000120156 0.000369065 -0.000263253
-0.000230669 0.000632205 -0.000365263
-0.00097772 0.00227943 -0.00113287
-0.000413138 0.00123445 -0.00087305
-0.000968663 0.0022711 -0.00113329
-0.000965667 0.00227042 -0.00113354
-0.00044468 0.00130485 -0.000891362
-0.000414013 0.001247 -0.00087681
-0.00377023 0.00414331 -0.00144438
-0.00401614 0.00484307 -0.00181147
-0.00435749 0.00563574 -0.00216139
-0.00439071 0.00573586 -0.00222555
-0.00422007 0.0053762 -0.00213306
-0.00407045 0.00515257 -0.00205859
-0.0034864 0.0048284 -0.00149474
-0.00342389 0.00332317 -0.0010488
-0.00602465 0.00909202 -0.00271438
-0.00602909 0.00911791 -0.00273882
-0.00628987 0.0100395 -0.00344612
-0.00395825 0.00679185 -0.00240668
-0.00258984 0.00418956 -0.00107003
-0.00753954 0.0122307 -0.00317396
-5.93451e-05 0.00010826 -2.52952e-05
-9.62535e-05 0.000179061 -4.59675e-05
-9.36836e-05 0.000171682 -4.36257e-05
-0.000200179 0.000389017 -9.51825e-05
-0.000327207 0.000434128 0.00019623
0.000104384 -0.000445395 0.00044909
-0.000396527 0.000601488 0.000164681
-0.000606408 0.00104351 4.99153e-05
-0.000481362 0.000666576 0.000163572
-0.000182583 0.000145543 0.000308879
-3.34667e-05 -0.000281995 0.000557675
0.000121907 -0.000581879 0.000646833
9.44453e-05 -0.000526557 0.000645506
-0.000784793 0.00112935 0.000209882
-8.64786e-06 -0.000311822 0.000607611
-0.000467072 0.000727585 0.000327675
0.000229734 -0.000788512 0.000650217
0.000222858 -0.000781564 0.000656686
0.000254836 -0.000851326 0.000692411
0.000215517 -0.000788179 0.000685023
0.000218334 -0.000802524 0.000702104
7.70111e-05 -0.000541877 0.000649236
0.000347536 -0.00121049 0.00101473
0.000475361 -0.00147354 0.00111429
0.000351801 -0.00122952 0.00102203
0.000271668 -0.00106456 0.000958803
0.00024714 -0.0010008 0.000932691
-0.000166259 -0.000121093 0.000594412
-3.04291e-05 8.03719e-05 -5.12774e-05
-6.1748e-05 0.000158456 -8.87804e-05
-4.1041e-05 0.00010681 -6.70734e-05
-7.98285e-05 0.000205088 -0.000115727
-5.74275e-05 0.000145488 -8.80872e-05
-9.28573e-05 0.000200951 -9.52581e-05
-0.0033081 0.00401733 -0.00132961
-0.00339701 0.0041512 -0.0013858
-0.00346165 0.00425703 -0.00143593
-0.0035098 0.00435402 -0.00148062
-0.00355695 0.00438037 -0.0014846
-0.00336864 0.00408414 -0.00137486
-0.00307958 0.00356359 -0.00151191
-0.00312786 0.00360201 -0.0015191
-0.00317808 0.00363876 -0.0015256
-0.00362555 0.0044548 -0.00187823
-0.00363796 0.00446517 -0.00188448
-0.00349295 0.00418365 -0.0017692
-0.000303771 0.00101593 -0.000817438
-0.000231433 0.000864561 -0.000778539
-0.000318308 0.00117261 -0.00104313
-0.000316347 0.00116856 -0.00104209
-0.000310786 0.00115795 -0.00103941
-0.000466447 0.00146924 -0.00111872
-0.000322888 0.000848926 -0.000457364
-0.00035585 0.000958442 -0.000505471
-0.000377804 0.000983448 -0.000529249
-0.000449689 0.00125227 -0.000694769
-0.000416511 0.00118453 -0.000676049
-0.000434822 0.0011219 -0.000578134
-0.00127005 0.00286556 -0.000634511
-0.00124083 0.00281785 -0.000621583
-0.000965158 0.00222606 -0.000501536
-0.00127961 0.00306905 -0.00072239
-0.00109107 0.00253869 -0.000599059
-0.0015241 0.00338688 -0.000812783
0.00220931 -0.000458041 0.000249226
0.0021525 -0.00038405 0.000233981
0.00216262 -0.000412599 0.000253672
0.00212734 -0.000343096 0.000224922
0.00217095 -0.000434228 0.000271032
0.00212688 -0.000359678 0.000244073
-0.000681249 0.00271434 -0.000272907
-0.000669572 0.00266565 -0.000240047
-0.000588909 0.00253825 -0.00019336
-0.00145228 0.00356027 -0.000416749
-0.00266356 0.00496031 -0.000708406
-0.000379757 0.00190456 2.80865e-06
-0.000632098 0.00268497 -0.00028588
-0.000613871 0.00263562 -0.000257238
-0.000548128 0.00252571 -0.000212756
-0.000458115 0.00239297 -0.000169524
-0.00029869 0.00217189 -0.000105065
-0.000245283 0.00192569 -3.50811e-05
-0.00117509 0.00286432 -0.000449251
-0.00115432 0.00282625 -0.000432788
-0.00120311 0.00284755 -0.000423942
-0.00117963 0.00281515 -0.000412732
-0.00115511 0.00279168 -0.000408125
-0.00156695 0.00317629 -0.000475645
-0.00109064 0.00274879 -0.000726472
-0.00105357 0.0026134 -0.000689191
-0.00112802 0.00284841 -0.000752996
-0.0012113 0.00304628 -0.000804865
-0.00148005 0.00368278 -0.000971623
-0.00145201 0.00366066 -0.000967511
-0.00040304 0.00115814 -0.000670007
-0.000394906 0.00113231 -0.000664082
-0.000461145 0.00129307 -0.000706394
-0.000533567 0.00147476 -0.000754386
-0.000528411 0.00145531 -0.000749
-0.000854639 0.00224623 -0.000956915
-0.000267617 0.000945882 -0.000799677
-0.000268838 0.000949236 -0.000800574
-0.000343264 0.00110515 -0.000840645
-0.000270014 0.000959348 -0.0008035
-0.000559324 0.00173494 -0.00119005
-0.000706903 0.00201106 -0.00125956
0.00075458 0.00382769 -0.00171195
0.000626315 0.0040541 -0.00180255
0.000584595 0.00411396 -0.0018268
0.00391783 0.00074166 -0.00111509
0.000585922 0.00408631 -0.00181863
0.00407564 0.000341391 -0.000929117
0.000344851 0.00421127 -0.00145143
0.000275855 0.00432915 -0.00149299
0.003935 0.000416837 -0.000610409
0.00378285 0.00081294 -0.000763447
0.000243956 0.00439938 -0.00152162
0.00381232 0.000685084 -0.000678643
0.000153801 0.0042961 -0.00112267
0.000141448 0.00430838 -0.00112525
0.000143714 0.00430604 -0.00112475
0.00380565 0.000642775 -0.000355306
0.000199106 0.00425063 -0.00111311
0.00373155 0.000714133 -0.000370027
0.00401982 -5.35754e-05 3.46635e-05
0.00402949 -8.02961e-05 5.23711e-05
0.00404193 -0.00011471 7.52027e-05
0.00405923 -0.000161608 0.000105644
0.00406937 -0.000188927 0.000123212
0.00412189 -0.000329521 0.000213982
0.0041946 -0.000503315 0.000310808
0.00403609 -9.42195e-05 5.87573e-05
0.00406201 -0.000163123 0.000102611
0.0040927 -0.000245159 0.000155165
0.00411012 -0.000292294 0.000185783
0.00421621 -0.000570717 0.00036156
0.00137298 0.00120611 9.91581e-05
0.000723197 0.00268211 -0.000271963
0.000756691 0.00263251 -0.000253645
0.000792642 0.00257366 -0.000230067
0.00443281 -0.000961383 0.000461555
0.00450841 -0.00122487 0.000608166
0.00151185 0.000897031 2.56737e-05
0.00150243 0.000922825 3.48811e-05
0.00129894 0.00138326 -8.43953e-05
0.00114507 0.00175985 -0.000184071
0.000969801 0.00205254 -0.000253315
0.000844636 0.0021773 -0.000271554
0.00196426 0.000103657 -7.21553e-05
0.00196261 0.000108055 -7.4868e-05
0.00196175 0.000108622 -7.36095e-05
0.0019567 0.000119065 -7.78552e-05
0.00195435 0.000122605 -7.7865e-05
0.00188389 0.000254597 -0.000109955
0.00181435 0.000681487 -0.000608729
0.00181024 0.000698217 -0.000624764
0.0018089 0.000714826 -0.000646079
0.00180118 0.000730689 -0.0006528
0.00181281 0.000691918 -0.000621238
0.00180778 0.000711195 -0.000637149
-0.000823769 0.00241932 -0.00119166
-0.00139575 0.00346499 -0.00160099
-0.00146183 0.0036234 -0.00167545
-0.00137154 0.00352242 -0.00165328
-0.000993301 0.0031145 -0.0015648
-0.00112668 0.00326063 -0.00159657
-0.000381673 0.00697779 -0.00187899
-0.000398883 0.00703493 -0.00189458
-0.000434589 0.00711496 -0.00191537
-0.000458203 0.00716657 -0.00192873
-0.000495393 0.00724355 -0.00194847
-0.000501641 0.00729448 -0.00196313
-0.00052053 0.007266 -0.0016149
-0.000490162 0.0072262 -0.00158374
-0.000507002 0.00727913 -0.00159803
-0.000486589 0.00723307 -0.00156095
-0.000487235 0.00725201 -0.00155368
-0.000449244 0.00721632 -0.00153233
-0.000271906 0.00677275 -0.0010612
-0.000258402 0.00675758 -0.00103741
-0.000226148 0.00671594 -0.00100658
-0.000225748 0.00671987 -0.000993139
-0.000209045 0.00671871 -0.000977878
-0.000253309 0.00681763 -0.000988514
3.97551e-05 0.00602333 -0.000581192
-0.000200246 0.0063746 -0.000637367
-7.34857e-06 0.00610799 -0.000571673
-0.000246205 0.00641352 -0.000641895
-9.71198e-05 0.00630413 -0.000622498
-2.80499e-05 0.00598464 -0.000471687
-0.000127766 0.00602557 -0.0004593
-0.000109145 0.00595705 -0.000412704
0.000346148 0.00536216 -0.000246068
-5.3826e-05 0.00584249 -0.000353992
2.60815e-05 0.00574603 -0.00033136
0.000950186 0.00455033 -4.20337e-06
0.000208792 0.0059185 -0.000444178
0.000218626 0.00589998 -0.000416718
0.000260521 0.00583649 -0.000379485
0.000255315 0.00583702 -0.000364128
0.000294486 0.00577589 -0.000332342
-0.000283224 0.00661499 -0.000520366
-4.44843e-05 0.00620395 -0.000674663
-4.43028e-05 0.00619457 -0.000649238
-0.000241922 0.00641563 -0.000681608
-1.86499e-06 0.00612669 -0.000598367
-0.000238074 0.00639348 -0.00064533
3.0777e-06 0.00616898 -0.000590935
-0.00018883 0.00636565 -0.0009927
-0.000214552 0.00644178 -0.00101322
-0.000225911 0.00647475 -0.00102209
-0.000243433 0.00652214 -0.00103469
-0.000238228 0.00650109 -0.00101099
-0.000274669 0.00658688 -0.00101975
-0.000256172 0.00675372 -0.00156993
-0.000767595 0.00732847 -0.00168978
-0.000245124 0.0067029 -0.00152318
-0.00075361 0.00727012 -0.0016476
-0.000234001 0.00665594 -0.00148531
-0.000314964 0.00682943 -0.00153759
-0.000295227 0.00637692 -0.00180995
-0.000341149 0.0064281 -0.0018058
-0.000514685 0.00667433 -0.00186166
-0.000407631 0.00654964 -0.00181124
-0.000837195 0.00714105 -0.00197623
-0.00118668 0.00764901 -0.00212082
0.00181422 0.00562563 -0.00167095
0.00147403 0.00648968 -0.00189954
0.00142124 0.00659059 -0.00192503
0.0017141 0.00581025 -0.00153734
0.00147919 0.00645569 -0.00182534
0.000943959 0.00673219 -0.00174461
0.00197858 0.00587738 -0.00131904
0.00181608 0.00608197 -0.00135066
0.000773551 0.00731347 -0.0016352
0.000768355 0.0073266 -0.00162412
0.00100558 0.00691461 -0.00144488
0.000775032 0.00725242 -0.00156816
0.00113121 0.00679855 -0.00111165
0.0011285 0.00682518 -0.00110139
0.00118627 0.00673721 -0.00104792
0.00112817 0.00683815 -0.00107297
0.00108904 0.00691079 -0.00107828
0.00104789 0.00701642 -0.00109935
0.00171884 0.00616222 -0.000660033
0.00171381 0.00618347 -0.00064241
0.0017068 0.00619635 -0.000625527
0.00171024 0.00620335 -0.000611737
0.00147303 0.00655323 -0.000674797
0.00139095 0.00670083 -0.000699962
0.00214452 0.00580804 -0.000419206
0.00214893 0.00580178 -0.000390519
0.00216804 0.00583139 -0.000380933
0.00217378 0.00554778 -0.000269472
0.00212256 0.00558129 -0.000259642
0.00205916 0.00562236 -0.000245916
0.00201079 0.00591469 -0.000437
0.00205803 0.00585542 -0.00039793
0.0025204 0.00540187 -0.000279549
0.00204694 0.00588297 -0.000367606
0.00278603 0.00486466 -0.000101396
0.0018994 0.00583727 -0.000303905
0.00165593 0.00631224 -0.000705013
0.00156834 0.00644293 -0.0007111
0.00162442 0.00635769 -0.000671559
0.00169612 0.00625717 -0.000631929
0.00168013 0.00628698 -0.000624119
0.00174867 0.00621863 -0.000595694
0.00125979 0.00687261 -0.00118325
0.00122023 0.00691187 -0.00116801
0.00121967 0.00690939 -0.00115164
0.00126372 0.00684156 -0.00112087
0.00132165 0.00672694 -0.00105703
0.00147034 0.0067134 -0.0010755
0.000739612 0.00758851 -0.00177515
0.000421176 0.0077565 -0.00177126
0.000445685 0.00772399 -0.00174896
0.000813328 0.00745265 -0.00169473
0.000851028 0.00743341 -0.00167708
0.000820242 0.00740915 -0.00165796
0.000677888 0.00743733 -0.0021122
0.00205986 0.00539049 -0.00162255
0.000586477 0.00756751 -0.002143
0.00053163 0.00763054 -0.00215447
0.000672807 0.00736894 -0.00204744
0.00041242 0.00776163 -0.00216578
0.00144181 0.00314662 -0.00143375
0.00142558 0.00315958 -0.00143618
0.00392394 0.000616298 -0.000898042
0.00335788 0.00179885 -0.00120187
0.00392153 0.000621087 -0.000899258
0.00324925 0.00201789 -0.00131225
0.00347898 0.00123319 -0.000682004
0.00348309 0.00122784 -0.000681392
0.00349309 0.00121144 -0.000677394
0.00350133 0.00119571 -0.000673452
0.00348498 0.00122554 -0.000680634
0.00345315 0.00127597 -0.000693153
0.00399808 3.50209e-06 -8.74764e-07
0.0039975 4.59829e-06 -1.15019e-06
0.00399613 7.16442e-06 -1.79336e-06
0.00399379 1.14783e-05 -2.86698e-06
0.00399235 1.42801e-05 -3.56882e-06
0.00396558 6.46653e-05 -1.59177e-05
0.00414752 -0.000541746 0.000480539
0.00414622 -0.000545946 0.000492205
0.00413737 -0.000538325 0.000507036
0.00412281 -0.000516037 0.000513684
0.00410901 -0.000494549 0.000520557
0.00385386 6.45913e-05 0.00037407
0.00415484 -0.000671265 0.000695804
0.00412738 -0.000617778 0.000694946
0.00410437 -0.00057597 0.000700228
0.00407518 -0.000525402 0.000700851
0.00397603 -0.000300104 0.000650965
0.00340326 0.00108895 0.0002668
0.00407941 -0.000504606 0.000667062
0.00319291 0.00136016 0.000422842
0.00304823 0.00173408 0.000231839
0.00300259 0.00200693 6.34315e-05
0.00294838 0.00207581 4.18945e-05
0.00298946 0.00211616 -6.32359e-06
0.00408827 -0.000429048 0.000483334
0.00407364 -0.000403046 0.000488961
0.00402773 -0.00030494 0.000469881
0.00396383 -0.000166141 0.00044002
0.00390585 -3.70443e-05 0.000414298
0.00325287 0.00151066 -2.59446e-05
0.00397345 5.52564e-05 -1.41768e-05
0.00396411 7.50595e-05 -1.9266e-05
0.00394635 0.000113016 -2.90244e-05
0.00391966 0.000171942 -4.42125e-05
0.00388589 0.000238379 -5.93824e-05
0.00362807 0.000730642 -0.000111712
0.00379382 0.000681871 -0.00054596
0.00379538 0.000679587 -0.000545423
0.00379054 0.000689847 -0.000548074
0.00378013 0.000711381 -0.000553579
0.00377811 0.000715039 -0.000554392
0.00368176 0.000894193 -0.000592357
0.00396011 9.10622e-05 -4.66376e-05
0.00395681 9.91335e-05 -5.08429e-05
0.00393888 0.000138236 -6.97397e-05
0.00388166 0.00026778 -0.000134646
0.00395273 0.000105732 -5.23525e-05
0.00381877 0.000402016 -0.000196847
0.00279842 0.00341652 -0.0014568
0.00283783 0.00335414 -0.00144164
0.00280727 0.00340215 -0.00145329
0.00277617 0.00350259 -0.00148061
0.00289805 0.00322911 -0.00140955
0.00275876 0.00349395 -0.00147647
0.00599307 1.40707e-05 -6.93473e-06
0.00591989 0.000152865 -7.17819e-05
0.00595817 8.75613e-05 -4.47341e-05
0.0059458 0.000113046 -5.75513e-05
0.00597279 5.99446e-05 -3.1944e-05
0.00590184 0.000213755 -0.000112653
0.00609303 -0.000253357 0.000169113
0.00604834 -0.000147214 0.000107856
0.00610996 -0.000311857 0.000215795
0.00607619 -0.000237059 0.00017666
0.00609105 -0.00028114 0.000208319
0.00611684 -0.000367892 0.000277682
0.00619702 -0.000700503 0.00060191
0.00620874 -0.000750821 0.000652585
0.00615801 -0.000584234 0.000521192
0.00614096 -0.000548234 0.000511817
0.00620519 -0.000781585 0.000717608
0.00522463 0.0010601 0.000616977
0.00623043 -0.00150432 0.00191873
0.00600264 -0.000891695 0.00159941
0.00582161 -0.000410573 0.00134757
0.00560484 0.000182061 0.00103436
0.00484539 0.0022231 -2.27033e-05
0.00476203 0.00326772 -0.00032933
0.00545424 0.000625849 0.000808053
0.0051912 0.00141305 0.00038444
0.005094 0.00174336 0.000200317
0.00501873 0.00190203 0.000124076
0.00498601 0.00210041 1.31642e-06
0.00437562 0.00374871 -0.000438455
0.00557183 0.000269632 0.00100083
0.00520609 0.00124883 0.000494571
0.00458507 0.0029519 -0.000393279
0.00462957 0.00291992 -0.000392583
0.00478419 0.00256564 -0.000220287
0.00475294 0.00267001 -0.000277988
0.00601572 -0.000167014 0.000248804
0.00591594 -0.000181274 0.000611384
0.00573872 0.000257507 0.000436004
0.00543695 0.000972713 0.000153774
0.0052184 0.00158383 -9.69502e-05
0.00468727 0.0028381 -0.00059115
0.00583671 0.000442573 -0.000284953
0.00575324 0.000609048 -0.000335083
0.0058219 0.000476597 -0.000282234
0.00558201 0.000948497 -0.000421384
0.00577679 0.000582036 -0.000301464
0.00536199 0.00144432 -0.000587931
0.00579915 0.00044716 -0.000215919
0.00566278 0.000749916 -0.000361547
0.00576344 0.000551048 -0.000272011
0.00570012 0.000709015 -0.000351941
0.00527065 0.00163909 -0.000791565
0.00457235 0.00320717 -0.00154748
