0 20 1 1
0 9 3 1
0 13 6 1
0 13 12 1
0 34 16 1
0 24 17 1
0 28 17 1
0 33 17 1
0 2 20 1
0 3 20 1
0 4 20 1
0 5 20 1
0 6 20 1
0 7 20 1
0 8 20 1
0 9 20 1
0 10 20 1
0 11 20 1
0 12 20 1
0 13 20 1
0 14 20 1
0 15 20 1
0 16 20 1
0 17 20 1
0 18 20 1
0 19 20 1
0 2 21 1
0 3 21 1
0 4 21 1
0 5 21 1
0 6 21 1
0 7 21 1
0 8 21 1
0 9 21 1
0 10 21 1
0 11 21 1
0 12 21 1
0 13 21 1
0 14 21 1
0 15 21 1
0 16 21 1
0 17 21 1
0 18 21 1
0 19 21 1
0 2 22 1
0 3 22 1
0 4 22 1
0 5 22 1
0 6 22 1
0 7 22 1
0 8 22 1
0 9 22 1
0 10 22 1
0 11 22 1
0 12 22 1
0 13 22 1
0 14 22 1
0 15 22 1
0 16 22 1
0 17 22 1
0 18 22 1
0 19 22 1
0 25 28 1
0 25 30 1
0 15 31 1
0 1 34 1
0 22 35 1
0 28 35 1
0 19 36 1
0 13 38 1
0 15 42 1
0 22 43 1
0 24 48 1
0 28 51 1
0 29 57 1
0 12 58 1
0 13 58 1
0 14 58 1
0 15 58 1
0 16 58 1
0 17 58 1
0 18 58 1
0 19 58 1
0 20 58 1
0 21 58 1
0 12 59 1
0 13 59 1
0 14 59 1
0 15 59 1
0 16 59 1
0 17 59 1
0 18 59 1
0 19 59 1
0 20 59 1
0 21 59 1
0 12 60 1
0 13 60 1
0 14 60 1
0 15 60 1
0 16 60 1
0 17 60 1
0 18 60 1
0 19 60 1
0 20 60 1
0 21 60 1
0 30 61 1
0 31 61 1
0 25 68 1
0 28 69 1
0 30 69 1
1 15 2 1
1 25 4 1
1 1 14 1
1 7 15 1
1 8 12 1
1 18 18 1
1 26 32 1
1 14 35 1
1 22 35 1
1 34 35 1
1 11 36 1
1 14 37 1
1 19 37 1
1 11 38 1
1 13 39 1
1 16 39 1
1 19 43 1
1 10 44 1
1 11 44 1
1 12 46 1
1 25 45 1
1 30 47 1
1 13 48 1
1 15 48 1
1 19 48 1
1 23 48 1
1 25 48 1
1 16 49 1
1 18 49 1
1 21 49 1
1 23 49 1
1 28 49 1
1 1 58 1
1 24 58 1
1 1 66 1
1 4 69 1
2 30 7 1
2 17 17 1
2 25 17 1
2 22 24 1
2 1 27 1
2 27 35 1
2 18 43 1
2 24 44 1
2 25 44 1
2 26 44 1
2 27 44 1
2 28 44 1
2 29 44 1
2 30 44 1
2 31 44 1
2 32 44 1
2 33 44 1
2 34 44 1
2 24 45 1
2 25 45 1
2 26 45 1
2 27 45 1
2 28 45 1
2 29 45 1
2 30 45 1
2 31 45 1
2 32 45 1
2 33 45 1
2 34 45 1
2 20 47 1
2 29 47 1
2 3 59 1
2 2 64 1
2 3 65 1
2 2 65 1
2 29 70 1
3 21 3 1
3 32 8 1
3 34 8 1
3 12 9 1
3 31 9 1
3 32 9 1
3 33 9 1
3 34 9 1
3 33 12 1
3 15 13 1
3 32 13 1
3 33 13 1
3 2 15 1
3 6 25 1
3 17 26 1
3 30 27 1
3 3 28 1
3 14 28 1
3 16 28 1
3 17 28 1
3 19 28 1
3 23 29 1
3 4 29 1
3 12 39 1
3 21 39 1
3 16 31 1
3 17 31 1
3 34 31 1
3 3 34 1
3 7 34 1
3 10 34 1
3 12 39 1
3 21 39 1
3 16 41 1
3 16 43 1
3 7 45 1
3 14 46 1
3 12 47 1
3 16 47 1
3 18 47 1
3 20 47 1
3 21 47 1
3 22 47 1
3 16 49 1
3 10 50 1
3 11 50 1
3 25 50 1
3 24 52 1
3 11 53 1
3 25 56 1
3 25 58 1
3 4 59 1
3 15 60 1
3 19 60 1
3 24 60 1
3 27 60 1
3 29 60 1
3 31 60 1
3 32 60 1
3 33 60 1
3 25 61 1
3 12 62 1
3 14 62 1
3 19 62 1
3 16 63 1
3 22 63 1
3 17 65 1
3 19 65 1
3 22 65 1
3 28 65 1
3 16 67 1
3 27 70 1
3 30 70 1
4 38 1 1
4 39 1 1
4 18 2 1
4 8 3 1
4 2 4 1
4 11 4 1
4 24 4 1
4 30 4 1
4 4 5 1
4 28 5 1
4 30 5 1
4 2 8 1
4 18 8 1
4 21 8 1
4 34 8 1
4 7 9 1
4 10 9 1
4 15 9 1
4 14 11 1
4 28 12 1
4 35 12 1
4 29 15 1
4 3 16 1
4 28 16 1
4 35 16 1
4 38 16 1
4 43 18 1
4 7 19 1
4 13 19 1
4 41 19 1
4 32 20 1
4 18 21 1
4 24 21 1
4 28 21 1
4 40 21 1
4 42 21 1
4 43 21 1
4 14 22 1
4 15 22 1
4 40 22 1
4 41 22 1
4 42 22 1
4 43 22 1
4 23 23 1
4 3 28 1
4 22 32 1
4 10 39 1
4 37 40 1
4 39 40 1
4 42 40 1
4 45 41 1
4 15 43 1
4 31 47 1
4 12 50 1
4 10 54 1
4 19 56 1
4 19 58 1
4 2 69 1
4 13 72 1
4 15 72 1
4 17 72 1
4 13 73 1
4 20 73 1
4 22 73 1
4 17 74 1
4 26 75 1
4 12 76 1
4 28 78 1
4 43 78 1
4 19 80 1
4 23 80 1
4 18 83 1
4 4 90 1
5 11 2 1
5 17 3 1
5 7 4 1
5 10 6 1
5 33 6 1
5 4 7 1
5 12 7 1
5 27 7 1
5 31 7 1
5 8 8 1
5 18 8 1
5 4 9 1
5 6 9 1
5 8 9 1
5 11 9 1
5 4 11 1
5 11 12 1
5 34 12 1
5 36 12 1
5 39 12 1
5 2 13 1
5 25 13 1
5 32 13 1
5 36 13 1
5 4 17 1
5 7 17 1
5 2 20 1
5 8 20 1
5 4 21 1
5 16 22 1
5 20 22 1
5 21 22 1
5 22 22 1
5 22 23 1
5 15 32 1
5 33 33 1
5 39 35 1
5 34 36 1
5 45 38 1
5 10 46 1
5 44 46 1
5 3 52 1
5 8 52 1
5 11 52 1
5 25 55 1
5 11 56 1
5 5 57 1
5 6 57 1
5 8 57 1
5 9 57 1
5 10 57 1
5 4 62 1
5 13 72 1
5 16 73 1
5 16 79 1
5 20 79 1
5 37 81 1
5 0 88 1
5 1 88 1
5 12 89 1
5 12 92 1
5 16 93 1
5 21 93 1
5 42 94 1
6 11 1 1
6 3 2 1
6 11 12 1
6 24 15 1
6 33 16 1
6 28 17 1
6 4 19 1
6 7 20 1
6 9 20 1
6 11 20 1
6 4 21 1
6 31 22 1
6 9 23 1
6 2 26 1
6 3 26 1
6 4 26 1
6 5 26 1
6 6 26 1
6 7 26 1
6 8 26 1
6 9 26 1
6 10 26 1
6 22 26 1
6 24 26 1
6 26 26 1
6 30 26 1
6 2 27 1
6 3 27 1
6 4 27 1
6 5 27 1
6 6 27 1
6 7 27 1
6 8 27 1
6 9 27 1
6 10 27 1
6 28 27 1
6 32 27 1
6 34 27 1
6 28 29 1
6 26 30 1
6 15 32 1
6 18 32 1
6 12 33 1
6 23 33 1
6 0 35 1
6 1 35 1
6 24 36 1
6 29 36 1
6 31 36 1
6 34 36 1
6 25 37 1
6 6 38 1
6 12 39 1
6 16 39 1
6 28 40 1
6 30 40 1
6 24 41 1
6 26 41 1
6 33 41 1
6 25 43 1
6 28 43 1
6 33 45 1
6 13 46 1
6 27 46 1
6 0 47 1
6 1 47 1
6 24 47 1
6 26 47 1
6 29 47 1
6 4 49 1
6 7 49 1
6 15 54 1
6 13 58 1
6 20 60 1
6 16 61 1
6 27 62 1
6 26 65 1
6 27 65 1
6 28 69 1
6 24 70 1
6 26 70 1
6 31 70 1
7 13 2 1
7 15 2 1
7 19 12 1
7 16 13 1
7 14 23 1
7 22 23 1
7 20 28 1
7 16 31 1
7 13 34 1
7 23 34 1
7 16 35 1
7 18 35 1
7 21 35 1
7 12 39 1
7 13 40 1
7 19 41 1
7 34 43 1
7 32 45 1
7 33 48 1
7 32 49 1
7 33 49 1
7 27 62 1
7 30 62 1
7 25 63 1
7 34 63 1
7 2 64 1
7 6 64 1
7 9 64 1
7 11 64 1
7 4 65 1
7 28 65 1
7 4 69 1
7 9 70 1
7 25 70 1
7 32 70 1
