0.11992
-0.149885
-0.150017
-0.567503
-0.39384
-0.540071
0.0927629
0.126416
-0.149999
-0.150008
-0.25607
-0.367358
0.150168
0.107621
0.0821774
0.143681
-0.152772
-0.375295
0.0398988
0.0196076
0.100214
-0.150001
-0.345674
-0.36962
0.0781651
0.0504278
-0.15
-0.15001
-0.349777
-0.365372
0.149918
0.14906
-0.124647
-0.150003
-0.349867
-0.649647
0.149989
0.149452
-0.0139658
-0.150121
-0.349794
-0.353987
0.149799
0.149958
0.142943
-0.152859
-0.357844
-0.385376
0.149997
0.149995
0.145602
0.124357
-0.151826
-0.388209
0.0399972
0.149997
0.149713
-0.0976503
0.0729588
-0.159726
0.147373
-0.148775
-0.150017
-0.150128
-0.336375
-0.353764
0.150012
-0.098659
-0.1487
-0.150021
-0.156544
-0.350436
0.1502
0.101712
0.139573
-0.148739
-0.152401
-0.350019
0.150003
0.109219
-0.141759
-0.150002
-0.220357
-0.620407
-0.00572959
-0.108842
-0.15
-0.150016
-0.555162
-0.602248
0.15
0.149971
0.131312
-0.150014
-0.391344
-0.358622
0.149475
0.149999
0.149999
-0.0507732
-0.355075
-0.393172
0.149998
0.149938
0.0747918
-0.151145
-0.161796
-0.352474
0.149993
0.149965
0.148342
0.0738628
-0.150357
-0.270853
0.113749
0.14969
-0.119886
-0.156535
0.110131
-0.151725
0.0223925
0.0321442
-0.150005
-0.150031
-0.324687
-0.354662
-0.0450679
0.00287812
-0.15
-0.150005
-0.152172
-0.414928
0.150773
-0.0877294
0.00698969
-0.137813
-0.150404
-0.349953
-0.111272
-0.0412991
-0.149244
-0.15
-0.2073
-0.353231
0.0258238
-0.107498
-0.144698
-0.150003
-0.25009
-0.354512
0.150001
0.15
-0.109899
-0.128928
-0.326443
-0.466129
0.150001
0.149999
0.149995
-0.0473679
-0.206933
-0.34992
0.149958
0.14989
0.149709
-0.134345
-0.153654
-0.35462
0.150001
0.149997
0.149883
0.0718542
-0.150664
-0.194615
0.15004
0.150013
0.149912
0.147301
0.0585212
-0.151032
-0.029573
0.0478709
-0.15
-0.214632
-0.445831
-0.499433
0.209199
0.121943
0.0185231
-0.0703509
-0.150044
-0.349839
0.349912
0.154862
0.148307
-0.123657
0.126135
-0.176804
0.183519
0.150222
-0.0387652
-0.107522
-0.150006
-0.348747
0.152204
0.150004
0.135253
-0.0290558
-0.150021
-0.384363
0.152358
0.15
0.149999
0.0372147
-0.157576
-0.349979
0.150536
0.147473
0.149998
0.149717
-0.154979
-0.34962
0.150617
0.143778
0.149805
0.14708
-0.16719
-0.359999
0.150199
0.15011
0.148804
0.145849
-0.15423
-0.366736
0.150116
0.150013
0.150087
0.148118
-0.085105
-0.159566
0.360181
0.192235
0.150149
0.15034
-0.0520545
-0.24298
0.319894
0.175345
0.146398
0.117332
-0.338378
-0.114164
0.171004
0.137618
0.027103
-0.164101
0.0145101
-0.281808
0.141546
0.1241
-0.149991
0.0805481
-0.21541
-0.35395
0.138075
0.010983
-0.0944814
0.149104
-0.520617
-0.649846
0.107477
-0.136796
-0.150039
-0.333245
-0.35246
-0.656623
-0.0909328
-0.117084
-0.20597
-0.346801
-0.357522
-1.05769
-0.113818
-0.131592
0.0919904
-0.349857
-0.410366
-0.966635
-0.132252
-0.14161
-0.152749
-0.347885
-0.39306
-0.646958
-0.1512
-0.158461
-0.158159
-0.23995
-0.350891
-0.649899
0.169632
0.152963
0.150159
-0.0341409
-0.222064
-0.357536
0.0684436
0.146381
0.146685
-0.135426
-0.150963
-0.362342
-0.044033
0.148941
0.144102
-0.137719
0.144851
-0.354487
0.150917
0.143626
0.140547
-0.0244435
-0.152927
-0.650179
0.133643
0.146041
-0.0766745
-0.150001
-0.33627
-0.649858
0.15
0.149783
-0.149948
-0.150022
-0.351559
-0.492822
-0.0122006
0.104186
-0.15
-0.312912
-0.353421
-0.650058
0.017724
-0.144468
-0.149919
-0.290254
-0.35076
-0.650027
-0.0926262
-0.0269121
-0.148317
-0.150645
-0.349873
-0.419598
-0.140248
-0.0196554
-0.150104
-0.155406
-0.297008
-0.405958
0.157426
0.153175
0.150144
-0.00233773
-0.14974
-0.349853
0.345118
0.195497
0.151289
0.112296
-0.150313
-0.216032
0.342039
0.338118
0.150002
0.101097
-0.150149
-0.355905
0.126959
0.0278835
0.0651916
-0.150006
-0.150151
-0.566951
0.145635
0.0726676
0.0800394
-0.15
-0.150628
-0.37889
0.15
0.149896
0.149374
-0.149971
-0.29565
-0.350062
0.15
-0.0634218
-0.0764388
-0.150064
-0.350314
-0.649903
-0.0652059
-0.148637
-0.149964
-0.348329
-0.35026
-0.468656
0.15
-0.126065
-0.148715
-0.150018
-0.349906
-0.649925
0.15
0.150003
0.0239803
-0.109662
-0.174002
-0.356266
0.169707
0.153953
-0.109315
0.0282036
-0.150007
-0.344481
0.316795
0.166955
0.144653
-0.0886502
-0.148051
-0.435784
0.349256
0.0882063
0.146114
0.0764737
-0.139297
-0.359304
-0.0111756
0.00524403
0.0133676
-0.15
-0.179089
-0.464968
0.150003
0.137687
0.116405
-0.15
-0.155128
-0.53098
0.150001
0.15
0.149997
-0.15
-0.163379
-0.461231
0.15
0.15
-0.0710638
-0.150026
-0.350311
-0.412363
0.147834
0.15
-0.0842704
-0.150458
-0.349931
-0.388444
0.15
0.15
0.15
-0.146746
-0.162314
-0.350986
0.150018
0.150005
0.150002
-0.0676341
0.0959962
-0.151466
-0.126927
-0.149649
-0.126762
0.0878212
0.127314
-0.574226
0.349907
0.252664
-0.149684
-0.0406796
0.115686
-0.150243
0.349973
0.343361
0.150169
0.119769
0.133633
0.143221
0.349583
0.151021
-0.141686
-0.0493482
0.12458
-0.287322
0.150564
-0.10901
-0.0431012
0.0233966
-0.150075
-0.556374
0.150002
0.14991
0.149619
-0.150007
-0.352465
-0.426745
0.149572
0.145071
0.113821
-0.151299
-0.349897
-0.367395
0.116172
-0.0437456
-0.156582
-0.349706
-0.350856
-0.517729
0.0487063
-0.125279
-0.154434
-0.349805
-0.350925
-0.570479
-0.0915427
-0.0575984
-0.0329216
-0.221811
-0.485905
-0.652088
0.152699
0.132838
0.109802
-0.15
-0.202993
-0.350957
0.143007
0.120544
0.116319
0.0612998
-0.150003
-0.350381
0.186245
0.150027
0.147788
0.0781964
0.145962
-0.262416
0.150136
0.146428
0.0365059
0.0595367
-0.150004
-0.351593
0.147133
0.0898404
0.0656039
-0.15
-0.323116
-0.355479
0.15
0.149873
-0.0619173
-0.150013
-0.429809
-0.375493
0.149383
0.149999
0.0642814
-0.108084
-0.35573
-0.38789
-0.00474969
-0.0690849
-0.151924
-0.203412
-0.393053
-0.351324
0.149999
-0.11612
-0.150546
-0.156563
-0.354989
-0.53489
0.147217
-0.0151633
-0.00303031
-0.152174
-0.164697
-0.354827
0.054867
-0.00954074
-0.150003
-0.150032
-0.412069
-0.35006
0.148854
-0.05406
-0.0900234
-0.15
-0.156993
-0.366541
0.150684
0.14996
0.125714
-0.149928
-0.15167
-0.350295
0.150004
0.149964
-0.115211
-0.15
-0.154104
-0.352851
-0.125944
-0.14842
-0.15
-0.150026
-0.389118
-0.622724
-0.0660061
-0.035772
-0.0875574
0.0753071
-0.348959
-0.595306
-0.00319414
-0.00140553
-0.0334975
0.14972
-0.349691
-0.605026
0.00129563
-0.0929326
0.0851396
-0.355599
-0.349999
-0.635412
-0.1136
-0.103809
-0.152105
-0.207471
-0.349976
-0.662283
0.127104
0.149396
-0.150605
-0.156074
-0.230886
-0.657675
0.0918087
0.0483163
-0.150002
-0.150014
-0.379816
-0.350031
0.142742
0.147318
-0.14999
-0.15
-0.150919
-0.350587
0.15638
0.149994
0.0909283
0.128885
-0.150006
-0.349916
0.150596
0.0113142
0.0858988
-0.149967
-0.150246
-0.594281
0.0977914
-0.147391
-0.149949
-0.150002
-0.289271
-0.639179
0.150002
0.12959
-0.0913399
-0.150038
-0.36145
-0.649265
-0.0482519
0.0611128
0.0687974
-0.194073
-0.347358
-0.419359
0.02811
-0.0630407
-0.161446
-0.345884
-0.350477
-0.560647
0.10148
-0.150438
-0.150358
-0.159983
-0.356397
-0.65091
0.146688
0.148317
0.145781
-0.154581
-0.235569
-0.708183
0.156832
0.150164
0.0921032
-0.146834
-0.349882
-0.634911
0.143661
0.118345
-0.15055
0.125774
-0.191867
-0.350139
0.132203
0.0886384
-0.150146
0.108002
-0.180543
-0.649089
0.148163
0.0690802
-0.143591
0.145433
-0.233431
-0.648656
0.108753
0.129264
-0.108418
0.129755
-0.352447
-0.36064
0.150006
0.14984
-0.0420988
-0.15002
-0.351355
-0.646602
0.150002
0.019735
-0.0410029
-0.150071
-0.371346
-0.524314
0.150004
-0.12217
0.0832145
-0.150021
-0.346423
-0.609562
0.189572
-0.148981
-0.110826
-0.147947
-0.1519
-0.354627
-0.00660271
-0.179705
-0.0746771
-0.137037
-0.150545
-0.375175
0.153282
0.157548
0.151048
0.192048
-0.349949
-0.49496
0.149825
-0.00608416
-0.148983
-0.179958
-0.385656
-0.416348
0.147497
0.0769231
0.0840655
-0.150695
-0.355577
-0.677468
0.145685
0.0228001
-0.0312771
-0.150013
-0.363609
-0.637914
0.146706
-0.0792832
-0.15
-0.148719
-0.428551
-0.415683
0.150002
0.149934
-0.106641
-0.150057
-0.352833
-0.457273
0.150001
0.0277493
-0.15
-0.150422
-0.350153
-0.443931
0.150006
-0.0884048
-0.0158334
-0.150003
-0.357925
-0.377232
0.153895
0.150005
0.15
-0.149055
-0.378599
-0.448621
-0.17836
-0.16195
-0.117235
-0.148144
-0.151785
-0.431105
0.0254245
0.112051
-0.135798
-0.141898
-0.334329
-0.349881
0.157011
-0.0764401
-0.149927
-0.145902
-0.156582
-0.386211
0.156457
0.15
-0.149667
-0.147545
-0.165202
-0.362178
0.0488869
-0.0157441
-0.149998
-0.153753
-0.359696
-0.640481
0.0236572
0.0360489
-0.149999
-0.150014
-0.360503
-0.42501
0.15
0.15
-0.0168468
-0.150004
-0.351268
-0.375947
0.15
0.149998
-0.135515
-0.150043
-0.34995
-0.649935
0.15
-0.0927783
-0.150001
-0.151713
-0.359949
-0.650062
0.15
0.15
-0.130747
-0.144769
-0.349813
-0.476574
0.150005
0.15
0.150008
-0.0106713
-0.159205
-0.269358
0.0652631
-0.0955994
0.0218016
-0.14998
-0.150097
-0.454577
0.113845
0.0377515
-0.149897
-0.149973
-0.176722
-0.40412
0.11005
-0.0716638
-0.147839
-0.149955
-0.620265
-0.380287
-0.0984674
-0.143334
-0.150002
-0.172468
-0.470328
-0.650184
-0.0274744
-0.149984
-0.150002
-0.150276
-0.486558
-0.649733
0.15
0.0868081
-0.149402
-0.181695
-0.353747
-0.634913
0.112274
-0.0800083
-0.150023
-0.349446
-0.350419
-0.537189
0.0553653
-0.0170616
-0.152037
-0.349885
-0.350176
-0.446229
0.136382
-0.0963939
0.0358194
-0.348814
-0.349995
-0.36071
0.0445425
0.0313908
0.0436454
-0.208462
-0.349979
-0.651044
