0.752845 0.0841299 -0.0209912
0.713232 0.156476 -0.0391329
0.668037 0.272439 -0.0698548
0.648705 0.334785 -0.0868398
0.971887 0.0605764 -0.0324335
1.04283 0.0525849 -0.0300061
0.682555 0.279343 -0.0728002
0.677649 0.310447 -0.0821273
0.758724 0.224532 -0.0636486
0.921881 0.0738362 -0.032056
0.991863 0.0187264 -0.0192512
1.04306 0.0274858 -0.0211937
0.773265 0.155041 -0.0441085
0.819133 0.134404 -0.0399948
0.951078 0.0249914 -0.0200508
0.989261 -0.00175496 -0.0140261
1.00284 -0.00860724 -0.010291
1.05502 -0.0142056 -0.00965368
0.740803 0.163305 -0.0436664
0.820235 0.0990948 -0.0315524
0.907912 0.0448734 -0.0219221
0.75081 0.20696 -0.0552889
0.979149 0.00085099 -0.0110192
1.04317 -0.00937878 -0.00955105
0.854511 0.0409937 -0.0141359
0.933396 -0.014116 -0.00777107
0.965146 -0.0221385 -0.00805135
0.972069 -0.0138418 -0.00835948
0.984674 -0.00973545 -0.00807471
1.02017 0.00473986 -0.0116183
0.918091 -0.0018829 -0.00756018
0.924838 0.0276639 -0.0147777
1.00561 -0.0625621 0.00256123
0.969553 -0.0109746 -0.00867828
1.02185 -0.0432478 -0.00118243
1.03823 -0.025703 -0.00471578
0.834332 0.0661741 -0.0229523
0.84007 0.0893987 -0.0277324
0.836033 0.129812 -0.0389173
0.923326 0.0130117 -0.0107145
0.961358 0.00492055 -0.00923091
1.00634 0.0178129 -0.0139049
0.770925 0.119653 -0.0307401
0.830982 0.0929022 -0.0261232
0.81445 0.110007 -0.0295894
0.908998 0.0233735 -0.0124753
0.97066 -0.0103902 -0.00571988
1.00886 -0.0014149 -0.00898645
0.727565 0.186439 -0.0484003
0.989874 -0.0678519 0.00484208
0.707983 0.235076 -0.0603475
0.815367 0.128335 -0.0367563
0.973334 0.000118945 -0.0101508
1.04685 -0.0392797 -0.00212333
0.720642 0.175647 -0.0455559
0.700564 0.225943 -0.0588526
0.689117 0.282874 -0.0748878
0.836155 0.148348 -0.0477722
0.972651 0.0380721 -0.0233259
1.06761 -0.0401853 -0.00642038
0.706908 0.218569 -0.0576495
0.712802 0.206075 -0.0539767
0.687728 0.254521 -0.066252
0.678891 0.289573 -0.075974
0.952833 0.0593108 -0.0313364
1.08834 -0.0491447 -0.00603698
0.715631 0.218113 -0.0577919
0.719526 0.214421 -0.0571037
0.733178 0.228947 -0.0626712
0.984004 0.0171047 -0.0216967
0.992919 0.0286432 -0.0238233
0.991782 0.058735 -0.0279812
0.742752 0.169538 -0.0439479
0.789778 0.129541 -0.0372828
0.945699 0.00276136 -0.0139425
0.985578 0.00126698 -0.0169905
1.00607 -0.0235073 -0.0090317
0.975838 0.0314468 -0.0180592
0.746543 0.141486 -0.035607
0.755116 0.150586 -0.0420746
0.900615 0.0329599 -0.0189436
0.95153 0.00948587 -0.0149915
0.957209 0.0161063 -0.0158478
1.0684 -0.0562164 -0.000681635
0.864713 0.0212422 -0.0112413
0.927018 -0.00182126 -0.0169179
0.959113 -0.0266981 -0.00631066
0.948473 -0.00834869 -0.00818889
0.983315 -0.0185023 -0.00730383
1.05294 -0.0267582 -0.00704626
0.90771 -0.000681862 -0.00701175
0.950074 -0.0181359 -0.004576
1.00534 -0.0457616 -0.00475229
0.948377 -0.00750286 -0.00848194
0.9944 -0.0233666 -0.00728108
1.02743 0.0146966 -0.0172365
0.835205 0.0448964 -0.0151636
0.764056 0.150839 -0.0400355
0.892622 0.0639776 -0.0264229
0.929892 0.021016 -0.014775
0.975616 -0.0166172 -0.0062455
1.00816 -0.00226349 -0.0111386
0.774484 0.108864 -0.0303631
0.845197 0.068854 -0.0221587
0.889032 0.0107131 -0.0112269
0.929346 -0.000635116 -0.00942048
0.959381 -0.00188645 -0.0105979
1.05574 -0.039099 -0.00478899
0.756886 0.139454 -0.0390201
0.776726 0.151519 -0.0437815
0.881092 0.0680809 -0.0277235
0.963895 -0.0207055 -0.00853926
0.971624 -0.00612131 -0.010613
1.07967 -0.0705915 0.00123887
0.738171 0.155889 -0.0412084
0.72219 0.198634 -0.0526042
0.714744 0.240667 -0.0664179
0.710654 0.245679 -0.0656642
1.00796 -0.00916356 -0.0162626
1.11587 -0.0969853 0.00606122
0.738209 0.119334 -0.0302386
0.695801 0.185995 -0.04642
0.611985 0.338137 -0.0845199
0.663517 0.318219 -0.0831826
0.938263 0.0824806 -0.0371879
1.08186 0.0248757 -0.0328296
0.712623 0.206589 -0.0541128
0.67867 0.293044 -0.0769937
0.757616 0.230181 -0.06524
1.02269 -0.00875593 -0.0174154
1.02465 -0.00326712 -0.0192386
1.04452 0.0436508 -0.0351015
0.759073 0.162171 -0.0449681
0.768779 0.172755 -0.0490166
0.86997 0.103975 -0.03749
0.940536 0.0452738 -0.0262304
1.00777 -0.000123335 -0.0186626
0.992294 0.0436512 -0.0304013
0.737558 0.158852 -0.0420359
0.744197 0.180183 -0.0490329
0.877208 0.0745516 -0.0293142
0.943116 0.0346529 -0.0232762
0.958956 0.0308783 -0.0235695
1.02721 0.00876011 -0.023076
0.841488 0.0538934 -0.0199021
0.894459 0.0184673 -0.0140415
0.988609 -0.0464297 -0.0030458
0.97544 -0.0140451 -0.0115757
0.962922 0.0212781 -0.0210463
1.0137 0.0373176 -0.0298498
0.917799 -0.0223925 -0.00388417
0.953911 -0.0184564 -0.00831486
0.969969 -0.0150039 -0.0107959
1.00236 -0.039661 -0.00631433
0.996116 -0.00744847 -0.0154157
1.01015 0.0371651 -0.0285067
0.855669 0.0334058 -0.015032
0.855929 0.0639355 -0.0242141
0.852335 0.101638 -0.0351986
0.910527 0.0583685 -0.0274579
0.931612 0.0445051 -0.0251965
1.02328 0.0268329 -0.0281445
0.76363 0.122326 -0.0334247
0.77889 0.138055 -0.0395167
0.734562 0.224485 -0.0614571
0.911014 0.0320583 -0.0196087
0.928065 0.0438064 -0.0246677
1.0136 0.032078 -0.0285692
0.754372 0.141029 -0.0382023
0.749576 0.170697 -0.0466711
0.811663 0.147174 -0.045202
0.920207 0.0574246 -0.028046
0.964427 0.0233967 -0.0218174
0.998174 0.0424186 -0.0305609
0.71832 0.183942 -0.0478316
0.700113 0.221314 -0.0574044
0.661673 0.292824 -0.075398
0.615073 0.368318 -0.0938521
0.999898 0.00319543 -0.0189495
1.00191 0.0279071 -0.0265436
0.5948 0.382114 -0.0941143
0.658462 0.243378 -0.0566457
0.654588 0.27925 -0.065676
0.667377 0.326531 -0.0856945
0.889069 0.112424 -0.0383524
1.17912 -0.086819 -0.000127718
0.717961 0.208177 -0.0540221
0.717682 0.22977 -0.0619108
0.698333 0.285816 -0.0732315
0.900882 0.106676 -0.0395051
1.0615 -0.0542799 -0.00317669
1.18886 -0.177717 0.0254063
0.794096 0.117734 -0.0330271
0.820514 0.113088 -0.0344719
0.917541 0.0358581 -0.0178753
0.954631 0.00933692 -0.0130033
1.06116 -0.0766811 0.00630773
1.0536 -0.0517994 0.000578711
0.745259 0.147175 -0.0350402
0.737801 0.19134 -0.0506311
0.785929 0.172438 -0.0475673
0.925478 0.0409321 -0.0200399
0.967073 0.00801071 -0.0107899
1.0566 -0.0432791 -0.00262789
0.872991 0.0140121 -0.00591962
0.880126 0.029558 -0.0101712
0.934346 0.00962212 -0.00834196
1.01712 -0.0572405 0.00374419
0.98078 -0.0158671 -0.00525472
1.08749 -0.0821625 0.00726102
0.969114 -0.0762686 0.0114778
0.966838 -0.0445147 0.00316728
0.98417 -0.0121554 -0.00959403
0.998937 -0.0383925 -0.00190002
1.02577 -0.0580489 0.0025333
1.08549 -0.0932388 0.0109541
0.868943 0.000754611 -0.00268864
0.863282 0.0259148 -0.00995102
0.923609 -0.00776514 -0.00410479
0.944808 0.0125583 -0.00995007
1.01106 -0.064989 0.00672847
1.05814 -0.0760601 0.00840671
0.763465 0.116556 -0.0289719
0.815562 0.0824944 -0.0229738
0.843205 0.0869019 -0.0252581
0.851366 0.112987 -0.0315072
0.933767 0.0224592 -0.0127475
1.0156 0.00268099 -0.0118129
0.73732 0.161147 -0.0392601
0.740567 0.177766 -0.0450423
0.895553 0.0459726 -0.0174882
0.798541 0.177397 -0.04658
0.975975 -0.0132846 -0.0060724
1.07393 -0.0622971 0.00285603
0.72609 0.165151 -0.0386377
0.704705 0.216878 -0.0538832
0.675889 0.281969 -0.0703994
0.688553 0.311085 -0.0787852
1.00066 -0.0101544 -0.0089312
1.02295 -0.00338952 -0.0120941
1.09952 -0.194338 0.0398072
1.09904 -0.174939 0.0333849
1.08397 -0.122465 0.0160158
1.05853 -0.0560771 0.00295483
1.03471 -0.0802485 0.01059
1.01209 -0.0273446 -0.0018788
1.03139 -0.101489 0.0134443
1.02525 -0.0742671 0.00202751
1.09961 -0.140561 0.0217881
1.04803 -0.0795282 0.00409788
1.03766 -0.0665009 0.00147587
1.11978 -0.103678 0.00659072
0.965309 -0.0262767 -0.00684202
1.02489 -0.0718065 0.00578887
1.02661 -0.050345 -0.000747558
1.05777 -0.0948752 0.0110468
1.04442 -0.0723118 0.00730284
1.02993 -0.0133909 -0.00530227
0.938553 -0.012871 -0.00414834
0.941615 0.0159847 -0.0146852
0.976008 -0.0126099 -0.00492712
0.989678 -0.0231449 -0.00391476
1.0022 -0.0181954 -0.00465766
1.03783 -0.00782349 -0.00883474
0.91969 -0.0243003 0.000511522
0.937611 -0.0183301 -0.00277152
0.957303 -0.0206166 -0.00370167
0.949589 -0.0032727 -0.0107462
0.986623 -0.031248 -0.00305587
0.993001 -0.0169566 -0.00497841
0.959871 -0.0553713 0.00655229
0.949565 -0.024659 -0.00117309
0.952751 -0.0231784 -0.00169354
0.978083 -0.0287423 -0.00321274
1.0276 -0.0544572 0.0015536
1.01205 -0.00313298 -0.0124957
0.936488 0.00302426 -0.0131976
0.922942 0.0145318 -0.0137988
0.94774 -0.00826724 -0.00693881
0.985936 -0.0389002 0.000408861
1.02561 -0.0463421 0.00214714
1.08175 -0.0965239 0.0142345
0.993509 -0.0338979 -0.00626718
1.0172 -0.0636365 0.00159397
1.00335 -0.0499632 0.000672862
1.02688 -0.0636078 0.00370793
1.05601 -0.063668 0.002851
1.07472 -0.0680611 0.00363931
1.08866 -0.202468 0.0421704
1.07699 -0.135765 0.0221291
1.08556 -0.131779 0.0176192
1.04746 -0.0965612 0.0131368
1.1059 -0.127167 0.0169037
1.09533 -0.0987951 0.0116522
1.1718 -0.220967 0.0418871
1.15742 -0.199495 0.0324701
1.13318 -0.190007 0.033567
1.10997 -0.172474 0.0314712
1.06854 -0.118599 0.0206514
1.16483 -0.167128 0.0278592
1.10643 -0.185198 0.0327389
1.12688 -0.185259 0.032178
1.13602 -0.140988 0.0127509
1.09973 -0.108447 0.00667225
1.09319 -0.1375 0.0216157
1.11489 -0.117274 0.0101795
1.04364 -0.129324 0.0216439
1.05782 -0.121959 0.0182758
1.07587 -0.117775 0.0168995
1.05057 -0.105067 0.0146254
1.0279 -0.0668026 0.00564554
1.02334 -0.028325 -0.00293157
0.855851 0.0701123 -0.0223607
1.0012 -0.0605846 0.00579068
1.00707 -0.0333733 -0.0015585
1.02016 -0.0558604 0.00413512
1.03006 -0.0495194 0.000838334
0.995789 0.06925 -0.0295473
1.08723 -0.314717 0.113502
0.941234 -0.0199756 -0.00200723
0.974914 -0.0274498 -0.00170237
1.0009 -0.0521686 0.00323262
0.99852 -0.0257244 -0.00824754
1.07951 -0.0874604 0.010682
0.898536 0.0169554 -0.0103083
0.928796 0.00672976 -0.00982789
0.976474 -0.0117346 -0.00799592
0.96993 -0.00674517 -0.00938196
1.00487 -0.0306039 -0.00267428
1.01024 0.014341 -0.0136674
0.877141 0.0613629 -0.029207
0.942687 -0.00483275 -0.00714774
0.926495 0.0211058 -0.0128669
0.949222 0.00964494 -0.0128421
1.01223 -0.0355213 -0.00332106
1.02964 -0.0367152 -0.00155463
0.94249 -0.017601 -0.00326457
0.950711 -0.00163163 -0.00858559
0.928628 0.0314863 -0.0186031
0.965198 0.000762683 -0.011691
1.01727 -0.0323393 -0.00438067
1.03879 -0.0388181 -0.00207659
1.08077 -0.195404 0.0512665
1.02348 -0.0433731 -0.00578061
0.978969 -0.0198511 -0.00503009
1.00546 -0.0443526 -0.000190027
1.04786 -0.0751483 0.00739546
1.01933 -0.0237319 -0.0022662
1.03219 -0.104593 0.0155714
1.09818 -0.141951 0.0217242
1.09019 -0.120925 0.0172196
1.0338 -0.0630378 0.00167269
1.04757 -0.0690358 0.00392353
1.07144 -0.0468175 0.00229082
1.22293 -0.243979 0.0408264
1.1757 -0.193067 0.0242172
1.12185 -0.140234 0.0205535
1.11929 -0.164423 0.0285952
1.02571 -0.0669392 0.00697624
1.13918 -0.133448 0.0166343
0.76026 0.0803492 -0.0205273
0.712378 0.201201 -0.0524745
0.700865 0.250215 -0.0661431
0.711253 0.292278 -0.0796966
0.922594 0.0965768 -0.0400074
1.0633 -0.0298905 -0.0131764
0.739793 0.163299 -0.0435717
0.736076 0.185835 -0.0499984
0.792536 0.147238 -0.0434997
0.944971 0.0487924 -0.0276855
0.98525 0.0194788 -0.022182
1.05471 -0.0260811 -0.0141988
0.79217 0.0995783 -0.0291693
0.839972 0.0716403 -0.0250899
0.84216 0.0829058 -0.0286661
0.900867 0.0768825 -0.0320575
0.947031 0.0390478 -0.0240324
0.99896 0.0146666 -0.0208738
0.746123 0.142686 -0.0379586
0.843304 0.0754303 -0.0265266
0.834505 0.129064 -0.0418246
0.86784 0.10876 -0.0387318
0.931676 0.0503343 -0.0269441
1.02976 0.00813438 -0.0216692
0.860686 0.0576905 -0.0245527
0.920565 0.0214082 -0.0172704
0.929984 0.0449441 -0.0251817
0.939987 0.0464168 -0.0254073
0.971411 0.0193802 -0.020665
1.04335 -0.0182714 -0.0142659
0.873153 0.0435561 -0.0196571
0.921041 0.0265845 -0.0188686
0.936826 0.0376121 -0.0235979
0.920266 0.053 -0.0267217
0.978775 0.0142019 -0.0195409
0.99245 0.042763 -0.0248807
0.735906 0.187953 -0.0506186
0.810899 0.149332 -0.045782
0.839205 0.147245 -0.0477022
0.887332 0.0879896 -0.0342567
0.96179 0.0423973 -0.0272676
0.949791 0.085977 -0.0336058
0.881351 0.0901624 -0.0343717
0.873939 0.0778938 -0.030023
0.895873 0.0775395 -0.0318909
0.96093 0.0319856 -0.0240794
0.999213 0.0243182 -0.0252246
1.03398 0.00401893 -0.0202329
0.703868 0.2694 -0.0721693
0.787376 0.181383 -0.0532795
0.808819 0.159952 -0.0487794
0.96226 0.0394287 -0.0264323
1.08973 -0.0574073 -0.00885391
1.11132 -0.0719805 -0.00363475
0.713205 0.151592 -0.0376655
0.677986 0.217742 -0.0543405
0.662275 0.279135 -0.0713452
0.669457 0.335388 -0.0888678
0.967772 0.0569152 -0.0321743
1.15987 -0.0726033 -0.0087212
0.731616 0.149859 -0.0388029
0.714302 0.202803 -0.053128
0.692888 0.25254 -0.0661222
1.02344 -0.0096533 -0.0172136
0.883758 0.13158 -0.047014
1.09949 -0.0580638 -0.00882552
0.745727 0.164026 -0.0443239
0.740735 0.186933 -0.050747
0.898382 0.0491497 -0.0235997
0.925034 0.0648427 -0.0307062
0.990954 0.00214043 -0.0173473
1.07469 -0.0495724 -0.00848869
0.821369 0.0769098 -0.0249967
0.835757 0.0764251 -0.0261461
0.862499 0.0637894 -0.0247617
0.873103 0.103807 -0.035426
0.949752 0.0236328 -0.0193815
1.02337 -0.0116282 -0.0146169
0.77077 0.125468 -0.0350478
0.834786 0.10752 -0.0344239
0.836638 0.125702 -0.0410021
0.897109 0.0729917 -0.0306299
0.948328 0.03361 -0.0223499
1.03077 -0.000808389 -0.0172777
0.875612 0.0341156 -0.0168132
0.928565 0.00845438 -0.0141055
0.958378 0.00481817 -0.0156995
0.953688 0.0329627 -0.0223618
0.961959 0.019514 -0.0186222
1.07001 -0.0402404 -0.00860299
0.891716 0.0268882 -0.0163232
0.962278 -0.00578284 -0.0128705
0.916693 0.0681521 -0.0309479
0.92527 0.0455931 -0.0249146
1.00236 -0.00640745 -0.0157331
1.01108 0.0031078 -0.0167538
0.763074 0.159898 -0.0446471
0.832452 0.125038 -0.0404345
0.857383 0.131446 -0.0445983
0.894137 0.0816531 -0.0329683
0.975548 0.029262 -0.0245657
1.02298 -0.000105672 -0.0170545
0.825607 0.117424 -0.0375328
0.866278 0.1116 -0.0394459
0.881355 0.104452 -0.0386577
0.942471 0.0474916 -0.0270699
0.984747 0.0295641 -0.0254973
1.0086 0.0229718 -0.024121
0.707182 0.24442 -0.0649726
0.685707 0.291391 -0.0771314
0.798977 0.220008 -0.0659103
0.897912 0.0956799 -0.0375161
0.988991 0.0369957 -0.0281081
1.10346 -0.0386866 -0.0136565
0.732736 0.121912 -0.0305195
0.666982 0.231466 -0.0574679
0.624118 0.334067 -0.0843907
0.654343 0.340889 -0.0891577
0.687773 0.310296 -0.0829889
1.08927 -0.0288634 -0.0158231
0.754738 0.0797376 -0.0198452
0.737475 0.114253 -0.0286438
0.680911 0.247457 -0.0635197
0.682608 0.284097 -0.0746659
0.935274 0.0940124 -0.0379336
1.10973 -0.0829605 0.000722865
0.711094 0.226653 -0.0599958
0.721014 0.205364 -0.0545559
0.739424 0.211941 -0.0582405
1.04964 -0.0554247 -0.0058417
0.990142 0.0264707 -0.0241751
1.08781 -0.0857921 0.00357478
0.781156 0.144276 -0.0415921
0.914134 0.000729422 -0.0105064
0.928419 0.0129355 -0.0154387
0.9784 -0.0171669 -0.0109076
1.01534 -0.0166009 -0.012301
1.08196 -0.091865 0.00765001
0.717298 0.226256 -0.0848531
0.75665 0.143403 -0.0396409
0.870046 0.0573944 -0.0235231
0.971138 -0.00459877 -0.0109383
0.991166 -0.025491 -0.00727344
1.07288 -0.0853801 0.00638288
0.875694 0.00447479 -0.00211061
0.899598 0.0153141 -0.011966
0.988575 -0.0483404 -0.00246981
1.02288 -0.0806261 0.0044031
0.991152 -0.0289223 -0.00610065
1.10565 -0.103778 0.00942135
0.96359 -0.0885974 0.0130006
0.98865 -0.0677975 0.0054091
0.976717 -0.0127159 -0.0120967
0.960485 -0.0150466 -0.00990742
1.05319 -0.0817048 0.00434293
1.03404 -0.045104 -0.00132426
0.821741 0.0708315 -0.0209637
0.87874 0.0232689 -0.0108304
0.874174 0.0863688 -0.0325948
0.946486 -0.0141952 -0.00848712
0.976611 -0.0162763 -0.00705815
0.986764 0.037674 -0.020338
0.756813 0.131193 -0.0344855
0.880641 0.00576128 -0.00848931
0.895632 0.00937317 -0.0114193
0.948068 -0.020482 -0.00467128
0.972318 -0.00298529 -0.011552
1.05686 -0.070833 0.00408481
0.74347 0.161502 -0.0460053
0.797847 0.0944084 -0.0281718
0.908621 0.0187665 -0.0154064
0.942132 0.0234842 -0.0198414
0.980128 0.0081135 -0.016488
1.09361 -0.102894 0.00824534
0.739172 0.148497 -0.0390832
0.715365 0.202032 -0.0530052
0.708734 0.240557 -0.0639545
0.817681 0.168318 -0.0520926
1.05591 -0.0631104 -0.00411314
1.04744 -0.0400382 -0.00487066
0.745873 0.11757 -0.0303493
0.7126 0.183636 -0.047242
0.681731 0.282478 -0.0748563
0.71097 0.261701 -0.0715062
0.999873 0.00685553 -0.0200467
1.09241 -0.0890002 0.00365276
0.740969 0.153838 -0.0429833
1.64248 -0.769802 0.169062
1.01586 -0.0522712 -0.00366487
1.05557 -0.0565842 -0.00553366
1.00272 -0.018015 -0.0100444
1.03449 -0.0364632 -0.00515791
0.78363 0.0944921 -0.0278712
0.800719 0.101381 -0.0300109
0.878831 0.0716502 -0.0262519
0.972664 -0.0297582 -0.004895
1.02221 -0.0446656 -0.00595768
1.03972 -0.0534733 -0.00170011
0.745787 0.140886 -0.0353
0.801165 0.0865821 -0.0248167
0.949571 -0.0454426 0.00192425
1.00091 -0.0517607 -0.000282286
0.956615 0.00301617 -0.0138162
1.00963 -0.0201637 -0.00868501
0.838445 0.0662008 -0.0193732
0.984049 -0.112569 0.0196761
1.0394 -0.133609 0.0218594
0.979068 -0.0455841 -0.00244072
0.981669 -0.0328521 -0.00186231
1.0237 -0.0333394 -0.00300579
0.940313 -0.0615558 0.0109488
1.00529 -0.117356 0.0217647
1.03449 -0.111211 0.015259
0.971095 -0.040335 -0.00329741
0.997903 -0.0401011 -0.00332105
1.02579 -0.0231249 -0.006468
0.799738 0.0492275 -0.0117211
0.930515 -0.0421195 0.00530194
0.918371 0.00815024 -0.00843825
0.95679 -0.0454971 0.00280988
0.977319 -0.0182328 -0.00855489
1.02047 -0.023583 -0.00651353
0.804118 0.0584502 -0.0158326
0.837969 0.0528014 -0.0174891
0.912497 -0.0287324 0.000471576
0.945937 -0.0220949 -0.00367584
0.964636 -0.00485977 -0.0119514
0.998188 0.02566 -0.0184565
0.799603 0.0872118 -0.0256348
0.777101 0.112469 -0.0328341
0.963969 -0.0600024 0.00344552
0.984076 -0.0509369 0.000231169
0.993714 -0.0158283 -0.0125597
1.07211 -0.0688762 0.000863321
0.734809 0.169044 -0.0450148
0.724252 0.196002 -0.0555245
0.738203 0.179583 -0.0483484
0.700301 0.252576 -0.0688084
0.943141 0.0498837 -0.0278595
1.07101 -0.0544878 -0.00296354
0.752399 0.0851766 -0.0212689
0.643214 0.292963 -0.0737784
0.63366 0.314357 -0.0793367
0.659056 0.31758 -0.0825898
0.888826 0.120393 -0.0441124
1.08682 -0.0794961 -0.00196536
0.737908 0.161731 -0.0429318
0.750689 0.175364 -0.0481716
0.995423 -0.0197244 -0.011671
0.942704 0.0487279 -0.0274623
0.96483 0.0308345 -0.0240851
1.04274 -0.0357105 -0.0111337
0.748674 0.142731 -0.0382014
0.755493 0.193252 -0.0539702
0.92543 0.00925035 -0.0140643
1.00126 -0.0166048 -0.0131324
0.999063 -0.0130986 -0.013986
0.997044 0.00632009 -0.0196269
0.738517 0.158342 -0.0419689
0.769609 0.126006 -0.0347062
0.882447 0.0334665 -0.0174617
0.961123 0.00278611 -0.0153376
1.09104 -0.204367 0.0603397
1.07653 -0.0757258 -0.00216912
0.874518 0.00356218 -0.00777499
1.00755 -0.117549 0.0165852
1.0232 -0.0990984 0.0096415
0.975075 -0.0355731 -0.00508408
0.978156 -0.0152379 -0.0114625
1.052 -0.0383495 -0.0111655
0.974763 -0.0956278 0.0129587
1.07014 -0.160595 0.0238662
1.0395 -0.110925 0.011723
1.01052 -0.0545371 -0.00258413
1.03474 -0.0673025 -0.000935606
1.05011 -0.0337334 -0.0117994
0.811983 0.0654296 -0.020709
0.893163 -0.00381165 -0.00724185
0.935454 -0.0274784 -0.00394758
0.961967 -0.0227695 -0.00774393
0.986154 -0.0296356 -0.00786309
1.03682 -0.0338978 -0.0111435
0.780645 0.095819 -0.0270045
0.864154 0.0210278 -0.0120825
0.881758 0.039373 -0.0191704
0.915974 0.0202827 -0.0165225
0.916373 0.0604634 -0.0286125
0.965179 0.038139 -0.0263063
0.826913 0.0792177 -0.0261875
0.806301 0.10101 -0.0308704
0.757202 0.169881 -0.0471132
0.964664 -0.0129635 -0.0109307
0.971999 0.0171171 -0.020615
1.05063 -0.0412279 -0.0101876
0.739773 0.143818 -0.0377255
0.725016 0.171164 -0.044601
0.716606 0.223153 -0.059441
0.799646 0.165185 -0.0495247
1.00968 0.00840323 -0.0213921
1.03509 -0.0209197 -0.0148819
0.746684 0.114376 -0.0295109
0.672346 0.252172 -0.0641648
0.672737 0.276081 -0.0713704
0.699689 0.296132 -0.0799473
0.91999 0.0979059 -0.0401725
1.06784 -0.0494568 -0.00675584
0.69257 0.275145 -0.0728762
0.784662 0.125498 -0.0362753
0.79559 0.159808 -0.0475832
0.975942 0.00652788 -0.0178004
0.990501 0.0200493 -0.0231598
1.14308 -0.164356 0.0184309
0.721254 0.208605 -0.0555292
0.811616 0.0810744 -0.025605
0.964579 -0.0486348 -0.000499505
1.01054 -0.0627178 -0.000132994
1.03763 -0.0733432 0.000733558
1.05219 -0.0882857 0.00747192
0.761458 0.0977562 -0.0252567
0.77209 0.113408 -0.0321349
0.936214 -0.0177147 -0.00702745
0.957668 -0.0113986 -0.0107706
0.990425 -0.0306604 -0.00577576
1.08209 -0.0675109 0.00106072
0.900699 -0.0359275 0.00327839
1.00555 -0.134442 0.0219056
1.02198 -0.119153 0.0175254
1.02985 -0.100602 0.00949505
1.00608 -0.0649434 0.00390476
1.09899 -0.0933799 0.00805302
1.02439 -0.207661 0.0761016
0.960951 -0.0438722 0.00207807
1.07002 -0.146825 0.0218442
0.981503 -0.0463508 -0.0024281
1.04406 -0.0876498 0.00627078
1.03297 -0.069394 0.00581763
0.774203 0.109327 -0.0309925
0.864156 0.072442 -0.0255222
0.965989 -0.0287213 -0.00443858
0.96871 -0.0395058 -0.00332791
1.00772 -0.0536511 -0.000643208
0.951832 0.0328508 -0.017233
0.752847 0.187213 -0.0507414
0.864841 0.0363395 -0.016497
0.894669 0.0114038 -0.0111708
0.941108 -0.0168013 -0.00481048
0.971801 -0.0061132 -0.00973461
1.02818 -0.0462109 -0.000543256
0.812276 0.0572143 -0.018275
0.813599 0.0751128 -0.0237631
0.88444 0.0356941 -0.0181778
0.928096 0.019563 -0.0173977
0.986742 -0.000347575 -0.0135495
1.06736 -0.0745443 0.00277467
0.731441 0.168907 -0.0445031
0.718504 0.200803 -0.0529076
0.700462 0.242748 -0.0638694
0.886775 0.105779 -0.0395438
1.03447 -0.014545 -0.016742
1.03515 -0.0260883 -0.0102844
1.15861 -0.235403 0.0444108
1.15476 -0.235304 0.0573916
1.19176 -0.235196 0.037055
1.04662 -0.0947934 0.00784106
1.099 -0.141184 0.0222435
1.07007 -0.0973498 0.0119141
1.24168 -0.441886 0.133489
1.06964 -0.144503 0.0258578
1.04614 -0.118861 0.0203716
1.04432 -0.107843 0.017656
1.07052 -0.121655 0.0208072
1.06961 -0.108643 0.0175356
1.04296 -0.120017 0.0190822
1.01907 -0.0819639 0.0110561
1.02448 -0.0867536 0.0122019
1.01569 -0.0635202 0.00620728
1.03018 -0.0444145 0.000135264
1.06534 -0.0793383 0.0119111
0.943049 -0.0280911 0.000253977
1.07644 -0.219384 0.0731707
1.06176 -0.17546 0.0572478
1.01798 -0.088385 0.0265822
0.968853 0.0297253 -0.013945
1.07609 -0.0722584 0.0132171
1.20968 -0.517301 0.181319
0.99119 -0.0981053 0.0207847
0.965014 -0.00553259 -0.0194811
1.14728 -0.350686 0.118003
1.21182 -0.426968 0.14093
1.29062 -0.506255 0.156068
0.94645 -0.0472648 0.00815955
1.18666 -0.390959 0.122078
0.987932 -0.054496 0.00438324
0.95912 -0.00970381 -0.00466419
1.09119 -0.176345 0.051604
1.01879 -0.0283226 0.0130897
0.909018 0.0521815 -0.0390708
1.0098 -0.0817841 0.0100391
0.970264 -0.0232004 -0.00322292
0.979383 -0.0278709 -0.00139444
1.02594 -0.0535527 0.0021465
0.974033 0.0386944 -0.0140863
1.0064 -0.0869988 0.0122151
1.0483 -0.117792 0.0194238
1.0387 -0.0848133 0.00928673
0.936643 0.0733808 -0.0281022
1.01888 -0.0416107 0.00176231
1.06303 -0.0362712 1.95799e-05
1.07998 -0.152424 0.0236763
1.04272 -0.111936 0.0171179
1.07961 -0.135804 0.0208793
0.999745 0.0196767 -0.0185699
1.03626 -0.0632778 0.00446597
1.0949 -0.102354 0.0128818
1.07431 -0.164287 0.0305442
1.08033 -0.159913 0.0288377
1.05765 -0.108629 0.0115508
1.11969 -0.128729 0.0151106
1.0641 -0.0765842 0.00587906
1.02723 -0.0489514 0.00192268
1.27851 -0.485016 0.161458
1.22011 -0.267866 0.0480489
1.34923 -0.512875 0.151536
1.09014 -0.171259 0.032847
1.19967 -0.243125 0.0429908
1.10736 -0.133121 0.0188475
1.03026 -0.121634 0.021513
1.06765 -0.14581 0.0236027
1.05064 -0.127137 0.0199052
1.0487 -0.112786 0.0164433
1.10954 -0.199399 0.0543687
1.13437 -0.227391 0.0599504
1.12325 -0.329964 0.113684
1.03491 -0.10314 0.0150429
1.03754 -0.0961846 0.0131024
1.01411 -0.0523526 0.00331246
1.08505 -0.137671 0.0384747
1.05391 -0.0334449 -0.00437206
1.18553 -0.481418 0.170971
0.96729 -0.0608188 0.00616686
1.17934 -0.389224 0.129884
1.01571 -0.0829163 0.00962703
1.03909 -0.101306 0.0159049
1.03501 -0.0651873 -0.00159163
0.916676 -0.00507214 -0.00714112
1.11705 -0.293948 0.094083
0.994779 -0.0446181 -0.00075235
0.965264 -0.00388273 -0.0101641
1.04564 -0.107345 0.0308872
0.978921 0.0583956 -0.022202
1.13338 -0.381827 0.130657
0.983789 -0.0564337 0.00314262
0.982518 -0.0347164 -0.00311406
0.966134 -0.0201877 -0.00412842
1.02295 -0.047194 -0.00177001
1.00255 -0.004631 -0.0097703
0.980721 -0.0912923 0.0180049
0.985951 -0.0535095 0.00164385
0.936372 0.0186146 -0.0137552
0.988341 -0.035423 -0.0010366
1.00613 -0.024805 -0.00599004
0.986273 0.035459 -0.0170744
1.07822 -0.142234 0.0217562
1.04244 -0.119181 0.0179649
1.05369 -0.0921297 0.00935142
0.977688 -0.00999757 -0.00792176
1.02782 -0.0578098 0.00288588
1.0706 -0.0733686 0.00725397
0.912075 0.00963074 -0.00975279
1.03059 -0.100003 0.0133145
1.05906 -0.111985 0.015362
1.06274 -0.0600595 0.000790092
1.04595 -0.0757414 0.00629621
1.12886 -0.1109 0.00874337
1.10806 -0.230578 0.0539532
1.09324 -0.178495 0.0334105
1.06799 -0.115684 0.0106494
1.08514 -0.0653179 0.000614234
1.02795 -0.0583498 0.00221808
1.03759 -0.0610606 0.00278872
0.751725 0.109125 -0.0283928
0.723103 0.168876 -0.0437423
0.687889 0.279014 -0.0736149
0.773084 0.2023 -0.0582687
0.909393 0.0786314 -0.0334349
1.02175 -0.0141708 -0.0157061
0.753442 0.125127 -0.0333482
0.765355 0.127683 -0.0351874
0.873276 0.0960739 -0.0354178
0.938827 0.0317212 -0.0220112
0.987485 -0.00327925 -0.0158899
1.05811 -0.0236921 -0.0161213
0.785005 0.0770672 -0.0217711
0.8512 0.0249337 -0.0120883
0.846992 0.101676 -0.0347335
0.907886 0.0403505 -0.0218148
0.950471 0.0173699 -0.0187534
1.02778 -0.0205505 -0.0143328
0.784238 0.0816193 -0.0230683
0.841683 0.0767652 -0.0267835
0.888666 0.0442577 -0.0212579
0.92632 0.0143921 -0.0156861
0.938327 0.0222414 -0.0191218
0.966263 0.0608431 -0.031619
0.92936 -0.0442427 0.00162793
0.968197 -0.0436945 -0.00203022
0.983033 -0.0235978 -0.00939342
0.967362 -0.00319036 -0.0141028
0.971014 0.00401266 -0.0165949
1.0189 0.00651373 -0.021039
0.9301 -0.0433691 0.00129905
0.981142 -0.0563627 0.00060565
0.950761 0.00174203 -0.014091
0.935231 0.0190396 -0.0178826
0.996206 -0.0116374 -0.0141671
0.971524 0.0361692 -0.024415
0.748996 0.144377 -0.0387238
0.837888 0.100488 -0.0335568
0.880019 0.0547459 -0.0236258
0.892353 0.063651 -0.0274073
0.984854 0.0146682 -0.0210373
0.963536 0.0688777 -0.0341723
0.942737 -0.00662769 -0.0108583
0.898319 0.0483588 -0.0233567
0.894906 0.0553384 -0.0251433
0.919258 0.0543495 -0.0270384
0.983765 0.0277704 -0.02487
0.985918 0.0510269 -0.0320316
0.709986 0.218709 -0.0575121
0.76522 0.209675 -0.059773
1.02736 -0.0732394 0.00150917
0.967381 0.0162576 -0.019942
1.06463 -0.0376313 -0.0125273
0.941059 0.0933976 -0.0407107
0.746659 0.0906189 -0.0223846
0.705765 0.15973 -0.0394375
0.654863 0.248193 -0.0613947
0.710034 0.279338 -0.075705
1.01109 0.0172506 -0.0241736
1.02792 0.0222286 -0.0271817
0.732464 0.133969 -0.0341121
0.70933 0.18978 -0.0472177
0.693065 0.260293 -0.0684688
0.685063 0.298152 -0.0800721
0.957936 0.042654 -0.0262386
1.08893 -0.0590895 -0.00459107
0.758658 0.133583 -0.0359622
0.801065 0.125774 -0.0363314
0.835685 0.1233 -0.0401524
0.957708 0.00084095 -0.0143815
0.981008 -0.00104319 -0.0132149
1.04574 -0.0273656 -0.00986785
0.810588 0.0440856 -0.0117187
0.815599 0.0823008 -0.0219713
0.838926 0.0875112 -0.0297555
0.911393 0.0364816 -0.0197284
0.936197 0.0267023 -0.0180158
1.01382 -0.0131353 -0.0105059
0.804938 0.0698427 -0.0172712
0.87815 0.0117786 -0.00725708
0.88859 0.0427705 -0.0208042
0.902519 0.0439663 -0.0223114
0.960023 0.00188876 -0.0133949
1.0029 0.0028971 -0.0138905
0.8844 0.00841501 -0.00583634
0.989072 -0.0747957 0.00833001
0.959793 -0.0243916 -0.00706364
0.959008 -0.0120914 -0.0106811
1.00809 -0.0368825 -0.00649354
0.975899 0.0234336 -0.0175041
0.966727 -0.0761817 0.00945901
0.999719 -0.075819 0.00608331
0.941561 -0.020695 -0.00463495
0.947171 0.00357442 -0.0143166
1.0356 -0.0480611 -0.00476761
0.977544 0.0176969 -0.0170128
0.765525 0.150323 -0.0413441
0.870702 0.0387615 -0.0180113
0.857028 0.0753007 -0.027995
0.92613 0.0310975 -0.020681
0.961376 0.0374318 -0.02409
1.01004 0.000959628 -0.0148251
0.871013 0.0373782 -0.016456
0.899258 0.0299998 -0.0182332
0.88719 0.0599958 -0.025846
0.937307 0.0480511 -0.0267731
0.956438 0.0524329 -0.0290156
1.04036 -0.0165339 -0.0131862
0.774459 0.175351 -0.0483647
0.902385 0.0292092 -0.0180011
0.883378 0.0808522 -0.0317602
0.856983 0.137069 -0.0462565
1.00491 0.0202324 -0.0235615
1.00251 0.0371116 -0.023688
0.656524 0.264084 -0.0663102
0.563558 0.421006 -0.105001
0.600143 0.375215 -0.0945783
0.697583 0.292638 -0.0785764
0.896984 0.116157 -0.0435814
1.04126 -0.00503554 -0.0177802
