0.558945 0.679633 -0.157735
0.641279 0.542854 -0.124369
0.817192 0.428186 -0.10615
0.974697 0.299617 -0.0806099
1.16282 0.199531 -0.0661296
1.54991 -0.134715 0.00972265
0.922281 0.258904 -0.0710396
0.842007 0.326433 -0.0849042
0.872373 0.341238 -0.0888482
1.06697 0.199622 -0.0633367
1.31273 0.0327755 -0.0331028
1.56762 -0.164561 0.0118674
1.03862 0.14538 -0.0449314
1.06067 0.108252 -0.0371339
0.955774 0.227582 -0.063515
1.02156 0.204256 -0.0628504
1.2281 0.0613999 -0.0335783
1.52928 -0.108095 -0.00178417
1.0155 0.107229 -0.0322395
0.867908 0.263189 -0.0665034
0.844243 0.283499 -0.0704404
0.974071 0.190776 -0.0514289
1.15469 0.0885101 -0.0353809
1.44064 -0.0751025 -0.00343565
1.11663 0.00395495 -0.0109781
0.97593 0.153695 -0.043547
0.997335 0.123586 -0.0323036
1.11275 0.0483226 -0.0202176
1.24092 -0.00651968 -0.0137997
1.55765 -0.190432 0.0208464
1.00141 0.0600427 -0.0160108
0.998438 0.0287995 -0.0072313
0.927651 0.165913 -0.0376504
1.08938 0.0500747 -0.0175549
1.14986 0.054569 -0.0234845
1.47808 -0.100086 0.00160531
0.753421 0.250533 -0.052718
0.789378 0.190185 -0.0383504
0.919441 0.0387619 0.000111213
0.924529 0.158864 -0.0367476
1.05283 0.0932205 -0.0272387
1.37852 -0.0900887 0.00663795
0.813611 0.173063 -0.0366528
0.840286 0.118678 -0.0230301
0.972115 0.0444657 -0.0131345
0.946386 0.122507 -0.0299202
1.08784 0.0561861 -0.0212011
1.37848 -0.0767314 -5.60471e-05
0.897812 0.136611 -0.0336482
0.905662 0.0967807 -0.0226524
0.991088 0.0678217 -0.0215871
1.05806 0.0689243 -0.0272527
1.21055 -0.0245405 -0.00886458
1.47378 -0.121596 0.00462366
0.870102 0.279692 -0.0721455
0.936385 0.18902 -0.050505
1.00515 0.120345 -0.0354566
1.08281 0.117735 -0.0403568
1.26596 -0.0260381 -0.0113905
1.43005 -0.0201576 -0.0198616
1.08643 0.192126 -0.0607303
0.943677 0.330681 -0.0904424
0.81995 0.42643 -0.107828
1.05005 0.241347 -0.0724951
1.34081 0.0229875 -0.0311928
1.66274 -0.168432 0.00268935
1.12591 0.12145 -0.0486749
0.958635 0.281223 -0.0766773
0.993037 0.235218 -0.0670674
1.0748 0.169957 -0.0545644
1.34709 -0.0196664 -0.0205028
1.7682 -0.363724 0.0531992
1.206 -0.0048681 -0.01653
1.09781 0.127947 -0.0467236
1.07575 0.142598 -0.0492267
1.05187 0.152466 -0.0466466
1.22176 0.0633514 -0.0338779
1.67008 -0.224418 0.0197036
1.06448 0.0779823 -0.0278008
0.915708 0.245945 -0.0647717
0.884942 0.258109 -0.0614809
0.982946 0.179406 -0.0477006
1.17407 0.0681502 -0.0302698
1.39234 -0.0284212 -0.0131043
1.16873 -0.084251 0.0200891
0.997528 0.110099 -0.0249238
1.01067 0.113002 -0.0290287
1.14764 0.0103488 -0.0114755
1.22777 -0.00198821 -0.0138487
1.47308 -0.146374 0.0152182
1.02301 0.0644885 -0.0172282
1.01746 0.0480593 -0.0122902
0.927257 0.163614 -0.0386908
1.12739 0.0332036 -0.0148015
1.21512 0.001984 -0.0125221
1.48191 -0.166285 0.0205143
0.835607 0.203851 -0.0460403
0.784466 0.224435 -0.0478573
0.869171 0.13203 -0.0278781
0.940578 0.113482 -0.0237847
1.03997 0.118529 -0.0343634
1.30416 0.00167615 -0.015795
0.845831 0.169574 -0.0370638
0.820795 0.165806 -0.0337345
0.85633 0.236883 -0.0586167
0.921645 0.169675 -0.0410071
1.06785 0.083581 -0.0277958
1.25592 0.0182425 -0.0174996
0.958134 0.107754 -0.0288669
0.936403 0.0994672 -0.0245419
1.07006 -0.00888108 -0.00376189
1.03336 0.100851 -0.032846
1.20617 -0.0167682 -0.0113665
1.41712 -0.100027 0.00304298
1.00249 0.173228 -0.0525601
1.02645 0.130483 -0.041424
1.129 0.0583228 -0.0284871
1.20123 0.0266771 -0.0244397
1.24546 0.00969184 -0.0212727
1.60443 -0.188813 0.0115547
0.747142 0.51321 -0.134189
0.579784 0.623753 -0.152638
0.620334 0.631863 -0.159025
0.854112 0.466707 -0.129919
1.19911 0.205175 -0.080823
1.44178 0.0136965 -0.0385671
0.958647 0.325647 -0.0980925
0.897956 0.33112 -0.0954284
0.798016 0.441711 -0.120329
0.933756 0.350871 -0.105134
1.20071 0.172641 -0.0745022
1.42033 0.0451426 -0.0493375
0.942527 0.297215 -0.0942329
1.01737 0.197298 -0.0661749
1.03807 0.178404 -0.063421
1.0318 0.226043 -0.0771802
1.135 0.188184 -0.0740401
1.45193 0.0303382 -0.0486863
0.996543 0.157584 -0.0465862
0.992588 0.15558 -0.0479174
0.89323 0.268042 -0.0739998
0.897803 0.289638 -0.0815005
1.07755 0.195203 -0.0682985
1.37648 0.058448 -0.0480512
1.12002 0.0102227 -0.0141196
1.02622 0.127418 -0.0425688
0.905344 0.245811 -0.0688615
1.0212 0.161441 -0.0545544
1.19381 0.0701017 -0.041801
1.41873 -0.0208188 -0.0294627
0.985153 0.151244 -0.0521885
0.931853 0.174193 -0.054201
0.955746 0.15896 -0.0479391
1.01024 0.153389 -0.0518851
1.12632 0.12115 -0.0518445
1.41402 -0.0444895 -0.0210687
0.74431 0.316613 -0.0820803
0.756676 0.283952 -0.0733099
0.861851 0.165589 -0.0467155
0.865407 0.203375 -0.053924
0.994197 0.199715 -0.0644391
1.144 0.172746 -0.0655255
0.789298 0.257188 -0.0711619
0.792259 0.22982 -0.0631842
0.895153 0.110827 -0.0363403
0.863034 0.236126 -0.0663294
1.02739 0.14223 -0.0532597
1.2367 0.0642229 -0.0422644
0.815332 0.276713 -0.0792143
0.86089 0.218938 -0.0658395
0.968947 0.108108 -0.0420791
0.955105 0.1533 -0.053629
1.136 0.0701179 -0.0411514
1.28336 0.0609578 -0.0459779
0.784429 0.370014 -0.102115
0.814932 0.333887 -0.0933093
0.872627 0.268235 -0.0779382
1.19184 -0.0245939 -0.0177521
1.19237 0.0893923 -0.0500662
1.53431 -0.0817952 -0.0221901
0.424841 0.730472 -0.15125
0.607004 0.572501 -0.121373
0.744926 0.502163 -0.11353
0.833962 0.462654 -0.108735
1.17751 0.199984 -0.0588006
1.40287 0.00712958 -0.0136084
0.987687 0.269797 -0.0655754
0.927714 0.319999 -0.0773131
1.02589 0.182908 -0.0449565
0.892643 0.330489 -0.0775309
1.14909 0.17091 -0.0542487
1.55105 -0.0569291 -0.014371
0.932302 0.253088 -0.0577774
1.02897 0.148929 -0.0362109
1.06875 0.107944 -0.0280274
1.04865 0.160092 -0.0417001
1.11519 0.157945 -0.0478894
1.4188 0.0563229 -0.0371825
0.942301 0.185595 -0.0395911
0.938573 0.18425 -0.0404689
0.975925 0.129797 -0.0278805
0.90344 0.24409 -0.0557707
1.09854 0.13557 -0.0388951
1.32635 0.0600768 -0.0301907
1.0527 0.0657364 -0.0139331
1.03852 0.0697316 -0.0150283
1.03158 0.0654616 -0.0134569
0.929185 0.20917 -0.046817
1.16941 0.0540601 -0.0193385
1.32315 0.0687995 -0.0327235
1.05684 0.0096513 0.00469914
0.983189 0.0723946 -0.00852597
0.98854 0.0527104 -0.00257109
1.05187 0.0629853 -0.0119875
1.21827 -0.0200684 0.00165852
1.45435 -0.115335 0.015274
0.803522 0.193338 -0.0314684
0.794084 0.204824 -0.0346775
0.773352 0.236833 -0.0430108
0.903633 0.093633 -0.0116603
1.03022 0.0905442 -0.0170183
1.16044 0.135549 -0.0368114
0.737282 0.264963 -0.0497739
0.766553 0.239181 -0.045423
0.816024 0.182745 -0.0332644
0.96054 0.049468 -0.00731312
1.0152 0.114731 -0.0247364
1.23765 0.0498278 -0.0203253
0.839129 0.219664 -0.0425593
0.785038 0.274466 -0.0548734
0.873051 0.189774 -0.0377287
1.03072 0.0325261 -0.00525893
1.10939 0.0694166 -0.0155661
1.28828 0.06725 -0.0283037
0.886852 0.26536 -0.0536104
0.811865 0.337224 -0.0685278
0.888221 0.252631 -0.0496702
0.960604 0.179876 -0.0343267
1.15621 0.119969 -0.0350078
1.39001 0.0234959 -0.0165565
1.53658 -0.352181 0.0626776
1.52101 -0.343342 0.0608267
1.56034 -0.397399 0.0747223
1.64464 -0.528472 0.107409
1.73032 -0.430632 0.0737026
1.92566 -0.474533 0.07803
1.42262 -0.251525 0.0417088
1.44463 -0.270654 0.0440323
1.37189 -0.20138 0.0294153
1.49854 -0.278283 0.0415766
1.56949 -0.247648 0.0292218
1.68236 -0.231059 0.0240181
1.1701 -0.0357185 -0.00176728
1.13453 -0.0197265 -0.00406315
1.18487 -0.0650796 0.00586934
1.21924 -0.0283839 -0.00643212
1.38327 -0.113705 0.00733963
1.72124 -0.312223 0.0483718
0.971179 0.114717 -0.0281132
0.997858 0.0718711 -0.017871
1.05558 0.0280421 -0.0101788
1.11912 0.0252968 -0.0135716
1.27968 -0.0471852 -0.0053478
1.6328 -0.277788 0.0507912
0.979005 0.0967886 -0.0240934
0.961337 0.110621 -0.0265109
1.00939 0.0781676 -0.0205701
1.12463 0.0276102 -0.0141409
1.23524 0.0171239 -0.0179263
1.63694 -0.180218 0.017008
0.880134 0.166583 -0.0334362
0.933737 0.103617 -0.0204206
1.00667 0.0700434 -0.0164414
1.08866 0.0321294 -0.0112043
1.13949 0.0639687 -0.0223912
1.46904 -0.0662123 0.00493122
0.915066 0.129151 -0.0270951
0.974079 0.0954675 -0.0225069
1.03106 0.0677907 -0.0193258
1.08572 0.058239 -0.0209064
1.19118 0.0103791 -0.0133077
1.40329 0.0346763 -0.0305499
1.13789 -0.0689876 0.00997723
1.10697 -0.0165785 -0.0033958
1.18788 -0.0639448 0.00386645
1.23367 -0.0691051 0.00248649
1.31224 -0.090819 0.00480124
1.51188 -0.07204 -0.0101375
1.33005 -0.224035 0.0399497
1.25912 -0.138745 0.0202681
1.28734 -0.139454 0.0184417
1.41646 -0.223489 0.0319897
1.4135 -0.16255 0.0179007
1.55346 -0.113803 -0.000185519
1.407 -0.353058 0.0768119
1.37318 -0.280068 0.0567773
1.4161 -0.276844 0.0527846
1.55126 -0.366736 0.0694913
1.57026 -0.317041 0.0559216
1.53775 -0.186597 0.0308496
1.47919 -0.280659 0.0473563
1.48022 -0.30081 0.0524804
1.45108 -0.297401 0.0540742
1.57114 -0.383954 0.0737438
1.61098 -0.309408 0.0483983
1.65515 -0.204543 0.0242534
1.39037 -0.208795 0.0320798
1.37964 -0.208553 0.0326953
1.42586 -0.26193 0.0449562
1.44932 -0.207613 0.0274292
1.54931 -0.236752 0.0301797
1.78996 -0.332975 0.0473212
1.1198 0.000105548 -0.00584137
1.15531 -0.0396867 0.00215393
1.20718 -0.106793 0.0179625
1.25814 -0.0770249 0.00589644
1.38553 -0.127773 0.0151767
1.74239 -0.409391 0.07673
1.01156 0.0776987 -0.0176107
0.992836 0.0985938 -0.0234297
1.03717 0.053803 -0.0135368
1.11571 0.0529632 -0.019893
1.25164 0.0124686 -0.0170533
1.51937 -0.0710383 -0.00640287
0.976869 0.0912177 -0.0194807
0.970133 0.0954272 -0.0212556
0.969805 0.0999399 -0.0223313
1.09233 0.0473735 -0.0155081
1.2465 -0.0122983 -0.00867851
1.5836 -0.198169 0.0282057
0.914191 0.145314 -0.0309224
0.885777 0.16259 -0.0343269
1.01842 0.0659432 -0.0171098
1.06768 0.0801841 -0.0247344
1.16479 0.0676286 -0.0276088
1.5073 -0.0498023 -0.0157004
0.897952 0.167389 -0.0342119
0.925501 0.129596 -0.026079
1.03217 0.0690889 -0.0179784
1.08118 0.0809361 -0.0256511
1.17482 0.0610012 -0.02537
1.44021 0.00911313 -0.0256445
1.10737 0.0109117 -0.00705285
1.10456 -0.0317041 0.00598617
1.22921 -0.0981604 0.0146544
1.24625 -0.0630895 0.00416759
1.3206 -0.0546124 -0.00327879
1.6823 -0.231875 0.0299682
1.31039 -0.148148 0.0205888
1.25957 -0.128677 0.0194411
1.3314 -0.186788 0.0308329
1.43096 -0.215929 0.0319252
1.457 -0.174316 0.0205162
1.6766 -0.275011 0.0338876
1.28832 -0.214673 0.0462022
1.32681 -0.209546 0.0407861
1.45154 -0.334217 0.0661805
1.52999 -0.33078 0.0597559
1.60925 -0.327133 0.0552057
1.46793 -0.0797129 0.00401127
0.886784 0.299594 -0.0841143
0.832374 0.355137 -0.0972986
0.899356 0.300743 -0.0873489
1.04864 0.135046 -0.0493539
1.25297 0.0242557 -0.032289
1.56046 -0.0916568 -0.0160622
0.787394 0.331851 -0.0873207
0.878986 0.241637 -0.069498
0.970047 0.171854 -0.0569356
1.02089 0.107414 -0.0413047
1.17635 0.0481117 -0.0356204
1.33561 0.0772704 -0.0496151
0.707974 0.356185 -0.0870286
0.78234 0.286803 -0.0740227
0.874021 0.21945 -0.0622512
0.926773 0.152683 -0.0461965
1.06708 0.113771 -0.0463189
1.25733 0.126083 -0.0581488
0.796023 0.29373 -0.0744009
0.700675 0.361685 -0.087222
0.784299 0.258847 -0.0638836
0.904504 0.185633 -0.0540267
1.01198 0.185535 -0.0611795
1.15603 0.179473 -0.0642339
1.03505 0.119746 -0.0414432
0.934155 0.202547 -0.0585603
0.97411 0.150648 -0.0471851
1.03129 0.119178 -0.0436081
1.16194 0.0882451 -0.0439031
1.31991 0.102235 -0.0546224
0.993751 0.167217 -0.0532413
0.914392 0.220825 -0.0634646
0.97252 0.166917 -0.0532587
1.09814 0.102222 -0.0452306
1.14598 0.118297 -0.0523461
1.4725 -0.0688321 -0.0178972
0.725776 0.413387 -0.103976
0.72019 0.38785 -0.0966083
0.850185 0.268644 -0.0729474
0.926895 0.274402 -0.0812903
1.01939 0.236411 -0.0764362
1.50067 -0.110864 -0.00824238
0.775885 0.376597 -0.0985739
0.853476 0.359872 -0.101634
0.914958 0.310502 -0.0926212
0.991828 0.256192 -0.0828146
1.08768 0.204297 -0.0738261
1.40874 0.0505299 -0.0491593
0.746477 0.411775 -0.106453
0.726045 0.455931 -0.117903
0.934013 0.32136 -0.0969492
1.08383 0.184388 -0.0687577
1.08522 0.214581 -0.0761865
1.44091 0.0214052 -0.042
0.561731 0.613354 -0.145405
0.665941 0.492665 -0.119916
0.722867 0.488013 -0.124644
0.916698 0.325159 -0.0925458
1.113 0.235692 -0.0818775
1.43024 0.0173705 -0.0361271
0.890092 0.276001 -0.0796656
1.01756 0.163448 -0.0582541
0.877001 0.299068 -0.0861115
1.04529 0.130432 -0.0498806
1.36148 -0.0866597 -0.0108528
1.51047 -0.0762865 -0.0193992
0.844533 0.242274 -0.0682696
0.944689 0.152074 -0.0511089
1.00539 0.110931 -0.0443124
1.06894 0.0422586 -0.0289679
1.21096 -0.00162749 -0.0264469
1.38446 -0.00232356 -0.0334431
0.801656 0.249392 -0.0656314
0.818429 0.232673 -0.0632576
0.894043 0.18426 -0.0558917
1.05055 0.00177606 -0.0148293
1.12354 0.0589102 -0.0372958
1.29951 0.0620899 -0.0461554
0.803227 0.266768 -0.069429
0.805851 0.207891 -0.0527616
0.903256 0.130293 -0.0387301
0.92401 0.170554 -0.0532851
1.05795 0.121406 -0.0483795
1.25324 0.066077 -0.0406854
1.08243 0.0628446 -0.0311132
0.994558 0.135044 -0.0461433
0.976759 0.14846 -0.0488106
1.08181 0.0608444 -0.0325814
1.23353 0.00514015 -0.0276575
1.34958 0.010996 -0.0320548
0.974649 0.168786 -0.0549978
0.849723 0.260542 -0.0723796
0.960003 0.14176 -0.0471827
1.12943 0.0517911 -0.0339462
1.1407 0.101946 -0.0487112
1.44888 -0.0270658 -0.0303114
0.732382 0.392496 -0.100699
0.764087 0.335114 -0.0872785
0.881846 0.214915 -0.0609044
0.968401 0.215683 -0.0689405
1.05617 0.18699 -0.0666428
1.38684 0.0369976 -0.04385
0.868951 0.309009 -0.0889114
0.859139 0.286344 -0.0820414
0.968744 0.214576 -0.0691835
1.0228 0.20581 -0.0715162
1.1338 0.146104 -0.0619398
1.38811 0.0633702 -0.0530762
0.701867 0.481024 -0.125952
0.698681 0.466981 -0.122162
0.850766 0.320521 -0.0919843
1.01137 0.252894 -0.084458
1.09427 0.219134 -0.0802675
1.39908 0.0321928 -0.0436218
0.637407 0.583208 -0.147412
0.60021 0.590773 -0.146765
0.66696 0.507828 -0.127697
0.938903 0.314222 -0.0936188
1.0895 0.257384 -0.0881726
1.45517 0.0243394 -0.0438158
0.419495 0.825887 -0.184718
0.529103 0.727382 -0.166296
0.480133 0.794315 -0.18244
0.702314 0.622301 -0.152477
1.17452 0.168935 -0.0587466
1.2588 0.256449 -0.0813718
0.779647 0.498514 -0.129787
0.861249 0.412089 -0.111367
0.821622 0.452845 -0.120107
0.801702 0.461639 -0.119741
1.18 0.142388 -0.0562611
1.43237 0.0898563 -0.0564042
0.827319 0.385016 -0.100902
0.895495 0.316131 -0.0860435
0.899346 0.329527 -0.0910584
0.982154 0.26367 -0.0773919
1.13902 0.142456 -0.0531918
1.35404 0.128412 -0.062804
0.875467 0.278009 -0.0716962
0.897284 0.257262 -0.0676659
0.839197 0.313479 -0.079931
0.884762 0.262061 -0.0670403
1.09204 0.170365 -0.0570145
1.30768 0.131265 -0.0564283
1.02295 0.12486 -0.0388712
0.969643 0.170258 -0.0488991
0.96227 0.170909 -0.0487547
1.00403 0.180569 -0.0552583
1.18899 0.0690476 -0.0351095
1.30264 0.0921335 -0.0443419
0.956096 0.161722 -0.0452875
0.924366 0.161923 -0.0427341
0.947588 0.137485 -0.0378271
1.06561 0.111342 -0.0379654
1.11589 0.117451 -0.0422466
1.42723 -0.0144796 -0.0224979
0.703107 0.345835 -0.080518
0.720854 0.312941 -0.0724027
0.813779 0.185096 -0.0383567
0.857547 0.264323 -0.066793
0.975904 0.207307 -0.0589316
1.33301 -0.045597 -0.00780513
0.754543 0.250094 -0.0522312
0.691441 0.363958 -0.0820232
0.764867 0.318191 -0.0761757
0.858659 0.241757 -0.0609289
0.983133 0.173238 -0.0490652
1.25589 0.094588 -0.0432944
0.799057 0.288261 -0.0679165
0.741288 0.401045 -0.0976524
0.868854 0.273073 -0.0713381
0.952243 0.207966 -0.0586418
1.0802 0.109673 -0.0383086
1.31645 0.0772612 -0.0426122
0.608658 0.580174 -0.132568
0.717817 0.462124 -0.108782
0.795205 0.406507 -0.100715
0.988087 0.242668 -0.0683285
1.131 0.167403 -0.056175
1.62202 -0.186524 0.0151338
0.739443 0.595017 -0.148279
0.608112 0.685884 -0.164483
0.709334 0.521346 -0.123579
0.781639 0.4933 -0.118745
1.04459 0.310827 -0.0869294
1.46353 0.0599674 -0.0416913
0.927938 0.341383 -0.0883199
0.789909 0.45952 -0.112736
0.796947 0.443868 -0.108666
0.872366 0.360001 -0.0896015
1.13793 0.183419 -0.0581424
1.56933 -0.0865846 -0.00897778
0.967632 0.251352 -0.0648719
0.982427 0.230905 -0.0605887
0.953885 0.262618 -0.0685361
0.992377 0.266478 -0.0732623
1.09296 0.200063 -0.0612958
1.36932 0.099098 -0.0482108
0.920038 0.252057 -0.0620475
0.894821 0.267732 -0.0647504
0.815963 0.369782 -0.0885219
0.818149 0.356496 -0.0843941
1.10183 0.167597 -0.0509174
1.32079 0.0952021 -0.0417059
1.02234 0.133997 -0.0386468
0.958971 0.211809 -0.0559684
0.905699 0.255004 -0.0639219
1.04907 0.130485 -0.0358819
1.20771 0.0401104 -0.0226551
1.43215 -0.0514485 -0.00897268
0.970653 0.142761 -0.0331513
0.981019 0.114482 -0.0261426
0.947428 0.158514 -0.0326091
1.09167 0.0833099 -0.024114
1.16962 0.0613131 -0.0238973
1.46845 -0.110468 0.00700272
0.762453 0.301065 -0.0657213
0.701732 0.332458 -0.070077
0.797616 0.215454 -0.0383777
0.822014 0.296887 -0.0655739
0.955574 0.216866 -0.0530066
1.26934 0.0447935 -0.0234839
0.778707 0.233468 -0.0396131
0.702559 0.354746 -0.0713042
0.749211 0.344122 -0.0739868
0.821044 0.287114 -0.0637825
0.96407 0.202512 -0.0503324
1.2914 -0.0371544 -0.00160123
0.787469 0.298122 -0.0693559
0.840022 0.27415 -0.0603426
0.849212 0.298159 -0.0703511
0.90133 0.252634 -0.0616602
1.03403 0.162648 -0.0460162
1.35021 -0.0135238 -0.0147632
0.829681 0.357707 -0.0882263
0.878682 0.340388 -0.0863619
0.921533 0.334718 -0.0890343
1.00476 0.235511 -0.0632462
1.11451 0.152948 -0.0473018
1.46515 -0.0800799 -0.00218116
0.330705 1.03294 -0.252243
0.316554 0.930425 -0.22103
0.483489 0.811666 -0.201203
0.685781 0.666247 -0.175461
0.930766 0.49607 -0.144869
1.28328 0.324381 -0.11677
0.694915 0.640075 -0.174985
0.573602 0.711759 -0.18094
0.578129 0.696655 -0.17787
0.78458 0.512515 -0.141255
1.05141 0.342118 -0.112909
1.2437 0.30787 -0.112581
0.875217 0.386838 -0.114728
0.8786 0.375433 -0.111674
0.843011 0.425977 -0.12318
0.828847 0.408283 -0.114353
1.04033 0.299218 -0.0995952
1.36529 0.151066 -0.0775511
0.839197 0.367992 -0.103845
0.815302 0.381271 -0.105426
0.850805 0.362349 -0.101218
0.794407 0.41427 -0.112272
0.988345 0.315136 -0.0988627
1.20068 0.287477 -0.103021
0.967791 0.221274 -0.0660951
0.866058 0.311196 -0.0860327
0.860261 0.322858 -0.0903372
1.03981 0.17992 -0.0640253
1.14339 0.14134 -0.0608132
1.3282 0.0953479 -0.0583147
0.963608 0.176936 -0.0530376
0.816009 0.32744 -0.0864863
0.887394 0.284392 -0.0810081
0.960286 0.226861 -0.0701656
1.06462 0.215491 -0.0749483
1.23126 0.183072 -0.0726913
0.739946 0.321575 -0.0767564
0.704074 0.380534 -0.0928557
0.675585 0.443219 -0.110229
0.752366 0.376605 -0.0973944
0.876158 0.352409 -0.100815
1.04115 0.33268 -0.103576
0.638008 0.428518 -0.103147
0.64693 0.456101 -0.113941
0.66601 0.425778 -0.107433
0.762758 0.382748 -0.103469
0.915796 0.280247 -0.0848814
1.16832 0.213159 -0.0809485
0.603268 0.548348 -0.136644
0.681123 0.461848 -0.119434
0.777638 0.396594 -0.109543
0.839245 0.357839 -0.103568
0.982928 0.250823 -0.0823984
1.19513 0.223877 -0.0864771
0.664008 0.598728 -0.159511
0.743439 0.499922 -0.136289
0.864838 0.37498 -0.104118
0.927968 0.327965 -0.096227
1.11088 0.16711 -0.0631325
1.37119 0.0915336 -0.0562367
0.764181 0.550148 -0.139454
0.556111 0.681397 -0.161146
0.764592 0.456138 -0.112408
0.987733 0.293733 -0.083263
1.17479 0.195513 -0.0685811
1.6505 -0.107311 -0.0118104
0.796395 0.476055 -0.123867
0.821707 0.449921 -0.119112
0.946319 0.288486 -0.0789682
0.855093 0.382267 -0.098756
1.13819 0.20952 -0.071373
1.33738 0.211795 -0.0823222
0.945987 0.275059 -0.0748566
0.976063 0.241696 -0.0684559
0.87182 0.355182 -0.0935006
0.949008 0.287934 -0.0802627
1.1106 0.195452 -0.0625741
1.45331 0.0636517 -0.0470183
0.929162 0.214505 -0.058078
0.789971 0.361274 -0.0903547
0.752784 0.402575 -0.0997064
0.863571 0.309304 -0.0794159
1.08442 0.169663 -0.0557781
1.28647 0.0871379 -0.0413088
0.978787 0.167629 -0.0482248
0.936092 0.183333 -0.0426167
0.94607 0.175281 -0.0428403
0.98391 0.172389 -0.0468611
1.17199 0.0658634 -0.0313427
1.24878 0.102183 -0.0451091
0.989211 0.0894972 -0.0241206
0.959001 0.128204 -0.0330958
0.921701 0.180715 -0.0441012
1.09657 0.0652704 -0.0256024
1.13666 0.0902008 -0.0349437
1.47331 -0.0467854 -0.0163075
0.812192 0.166467 -0.0273649
0.752274 0.206075 -0.0364286
0.740988 0.24487 -0.0484087
0.859936 0.22598 -0.0541746
0.964454 0.189626 -0.0514928
1.36735 -0.0510451 -0.00837643
0.752691 0.187365 -0.0320505
0.66945 0.344198 -0.0736881
0.760878 0.284644 -0.0656124
0.860619 0.220153 -0.0552717
0.988042 0.140501 -0.0407517
1.25289 0.0817535 -0.0393672
0.679209 0.424442 -0.105199
0.792312 0.300828 -0.0722408
0.89472 0.214774 -0.0568028
0.949499 0.190468 -0.054805
1.08426 0.0872944 -0.0337838
1.32314 0.0570663 -0.0389385
0.80422 0.427749 -0.113305
0.737926 0.489896 -0.126322
0.936876 0.322407 -0.09304
1.0935 0.155426 -0.0527396
1.11813 0.187837 -0.0639464
1.58264 -0.0763309 -0.0190219
1.29389 -0.161802 0.0283281
1.35709 -0.257345 0.0510254
1.28381 -0.135862 0.0210832
1.44058 -0.243671 0.0431615
1.50584 -0.254012 0.0430005
1.69419 -0.280062 0.0467431
1.22768 -0.10143 0.0152916
1.27092 -0.144799 0.0235662
1.29136 -0.126579 0.0164623
1.34912 -0.148499 0.0188378
1.43166 -0.16965 0.0219921
1.64268 -0.17678 0.0141969
1.00779 0.0711767 -0.0155921
1.07389 0.00395627 -0.00184228
1.10128 0.0172915 -0.00769954
1.16795 -0.0120884 -0.00429512
1.30065 -0.103388 0.0191644
1.54607 -0.146033 0.0196846
0.909234 0.146543 -0.0289905
0.917826 0.122322 -0.022473
0.961351 0.101905 -0.0188945
1.07583 0.0266078 -0.00467409
1.25237 -0.0860529 0.0152258
1.40554 -0.0217651 -0.00878088
0.894733 0.14801 -0.0265349
0.877107 0.175133 -0.0341917
0.93815 0.114488 -0.021392
1.05241 0.0719863 -0.0177228
1.16249 0.0712404 -0.0265197
1.33994 0.144408 -0.05308
0.866923 0.173478 -0.0320505
0.813889 0.220576 -0.0423571
0.93375 0.122272 -0.023308
1.07811 0.0240387 -0.00599536
1.1427 0.0455473 -0.0154454
1.56006 -0.232462 0.0396952
0.876722 0.172678 -0.0320645
0.857637 0.187472 -0.0351812
0.99147 0.0694381 -0.0118755
1.07665 0.0373905 -0.0100019
1.13276 0.0745241 -0.0245396
1.55431 -0.175466 0.0146746
1.04236 0.0452046 -0.0106354
1.04054 0.0518063 -0.0140312
1.05695 0.0545834 -0.0158667
1.29646 -0.2147 0.0440322
1.28502 -0.053406 -0.000598708
1.45507 -0.0761833 -0.00150273
1.17685 -0.0459573 0.00177704
1.24505 -0.102048 0.0106276
1.24904 -0.0940947 0.00875871
1.39672 -0.298075 0.0582589
1.42749 -0.171851 0.021312
1.48853 -0.0703924 -0.003866
1.39632 -0.249544 0.044391
1.33559 -0.190017 0.031423
1.37779 -0.231269 0.0410518
1.35018 -0.220897 0.040282
1.49686 -0.290397 0.0525828
1.59217 -0.199344 0.0285767
1.3389 -0.202323 0.0385842
1.18395 -0.0624057 0.0101202
1.26965 -0.139678 0.0269191
1.43813 -0.19176 0.0264719
1.3981 -0.101114 0.0055043
1.63157 -0.173041 0.0175828
1.32597 -0.170352 0.0237947
1.27982 -0.120207 0.0171832
1.30568 -0.0948719 0.00595607
1.34346 -0.0959818 0.00356383
1.4478 -0.152972 0.0136851
1.57397 -0.0671403 -0.0107643
1.07576 0.0292242 -0.0112849
1.02777 0.0818528 -0.023374
1.07118 0.0710032 -0.0233628
1.1735 0.0135167 -0.0153811
1.29006 -0.0664458 0.00283895
1.485 -0.0575738 -0.00537053
0.92664 0.149567 -0.0290694
0.909417 0.179544 -0.0383431
0.954075 0.155346 -0.0348215
1.02732 0.149576 -0.0391785
1.18412 0.0845791 -0.0308448
1.516 -0.0213907 -0.0197774
0.895869 0.16213 -0.0335588
0.861214 0.187354 -0.036059
0.900359 0.173994 -0.0359133
1.03838 0.0991152 -0.0261264
1.173 0.0580081 -0.0244729
1.47887 -0.0831922 -0.000599491
0.848743 0.208907 -0.0443927
0.810385 0.234668 -0.0492971
0.898241 0.172569 -0.0391593
1.0216 0.121683 -0.0335853
1.10336 0.126052 -0.0396931
1.41824 0.0533073 -0.0381508
0.867435 0.205555 -0.0434635
0.863087 0.201049 -0.0418242
0.98919 0.0923819 -0.021205
1.06234 0.0892525 -0.0268175
1.14343 0.0860811 -0.03103
1.53278 -0.118689 -0.000397345
0.973223 0.100058 -0.0208517
1.03755 0.0913233 -0.0263745
1.07534 0.0412917 -0.0141102
1.23343 -0.0568171 0.00247674
1.29631 -0.0204312 -0.0113846
1.42645 0.0649897 -0.0463581
1.24286 -0.0781088 0.00552962
1.23349 -0.0644451 0.00229705
1.22815 -0.0435036 -0.00343327
1.31517 -0.159789 0.0243256
1.43046 -0.13072 0.0088044
1.45208 0.00294958 -0.0228889
1.37084 -0.188395 0.0289553
1.32285 -0.143481 0.0193365
1.34562 -0.150808 0.0196796
1.47692 -0.369374 0.0754405
1.51632 -0.233141 0.0331622
1.60258 -0.128481 0.00578484
0.646621 0.590621 -0.147747
0.592536 0.634225 -0.155782
0.810694 0.370473 -0.0959644
0.96821 0.261512 -0.0766153
1.18548 0.140831 -0.0576425
1.55669 -0.0336743 -0.0319759
0.705439 0.428041 -0.102794
0.734854 0.427721 -0.109673
0.80578 0.28742 -0.0735152
0.913454 0.24726 -0.0703754
1.04748 0.204392 -0.0676098
1.29984 0.105619 -0.0523079
0.668219 0.408439 -0.0929888
0.711724 0.379485 -0.0890464
0.782539 0.252838 -0.0605247
0.846658 0.260302 -0.0681547
0.956633 0.245877 -0.0715955
1.15996 0.217884 -0.0736279
0.694383 0.378946 -0.0840946
0.697977 0.327739 -0.0705771
0.694347 0.369138 -0.0855258
0.776104 0.346128 -0.0854767
0.930545 0.276339 -0.0766404
1.24885 0.0902098 -0.0422788
0.938484 0.198315 -0.0509537
0.893124 0.227949 -0.0575667
0.863786 0.260314 -0.0667849
0.975892 0.204238 -0.0602809
1.11492 0.138978 -0.0510855
1.23537 0.164917 -0.0627337
0.933774 0.220228 -0.0577563
0.825493 0.305541 -0.0749553
0.932362 0.220904 -0.0613387
1.05416 0.148336 -0.0499934
1.0887 0.176586 -0.060146
1.4232 0.0326796 -0.0404125
0.655926 0.483333 -0.113808
0.610532 0.493554 -0.114063
0.719324 0.456215 -0.113124
0.85157 0.356623 -0.0951065
0.928232 0.332147 -0.0935601
1.3342 0.0901257 -0.0508859
0.592413 0.558056 -0.131364
0.705191 0.4794 -0.118743
0.816621 0.420972 -0.112077
0.881781 0.378886 -0.105369
0.992393 0.311053 -0.0932229
1.3428 0.132731 -0.0643941
0.663579 0.526695 -0.128023
0.632875 0.526768 -0.126305
0.588794 0.668356 -0.164322
0.863963 0.423843 -0.116526
0.989967 0.328923 -0.0977076
1.44385 0.0531269 -0.0488884
0.426718 0.790357 -0.182278
0.427554 0.765487 -0.176119
0.558895 0.631444 -0.148649
0.689002 0.554579 -0.137457
0.91246 0.446841 -0.124227
1.26077 0.231855 -0.0834299
0.477742 0.767098 -0.169364
0.55043 0.692032 -0.159947
0.697022 0.575523 -0.1366
0.937985 0.35452 -0.0902299
1.06087 0.289153 -0.0797715
1.25472 0.230385 -0.0714075
0.612633 0.549048 -0.122094
0.730325 0.404853 -0.0892302
0.812559 0.341668 -0.0828008
0.809987 0.393599 -0.0968795
1.0481 0.202798 -0.0573181
1.20412 0.199814 -0.0635262
0.626863 0.479333 -0.105044
0.73722 0.314529 -0.0657989
0.73982 0.352401 -0.0812737
0.765138 0.354474 -0.0827572
0.935979 0.26605 -0.0701223
1.2237 0.144231 -0.0538007
0.701157 0.36084 -0.0749276
0.632954 0.452663 -0.0992739
0.682251 0.396183 -0.086855
0.800459 0.332974 -0.0779312
0.912984 0.295993 -0.0759368
1.16418 0.18461 -0.058643
0.932871 0.208386 -0.0477936
0.85338 0.27263 -0.0624135
0.914422 0.240716 -0.0589624
0.999464 0.195159 -0.0537385
1.07464 0.183361 -0.0561823
1.41951 -0.00434579 -0.0255713
0.835249 0.292892 -0.0688054
0.791277 0.324407 -0.0743053
0.959402 0.213485 -0.0571232
0.996605 0.208252 -0.0597988
1.02791 0.208491 -0.0623822
1.44806 -0.00726645 -0.0293004
0.608035 0.484075 -0.105617
0.59636 0.5659 -0.131135
0.759671 0.42452 -0.104175
0.818452 0.389779 -0.0995165
0.953216 0.285072 -0.0788445
1.26589 0.161059 -0.0648298
0.675741 0.518098 -0.122423
0.628391 0.579576 -0.137131
0.752233 0.479358 -0.118923
0.801764 0.435655 -0.110121
1.00043 0.28714 -0.0824644
1.20889 0.276761 -0.0948941
0.583051 0.602354 -0.135083
0.480566 0.800596 -0.18676
0.65144 0.623886 -0.148879
0.825278 0.464822 -0.116981
0.868482 0.457377 -0.117894
1.39465 0.0901603 -0.0528919
0.432523 0.747285 -0.158457
0.38779 0.817496 -0.17653
0.582443 0.660384 -0.14881
0.783392 0.569003 -0.140665
0.826504 0.553892 -0.139296
1.37013 0.178299 -0.0706359
