-0.34959
0.0192886
-0.148207
0.324367
-0.0199796
0.0405464
-0.0495486
-0.0354991
0.0692195
-0.149462
-0.0705274
-0.167629
0.0712624
-0.0475882
0.0205711
-0.243669
-0.109655
-0.183357
-0.00446812
0.044417
-0.1489
0.00374943
-0.041608
-0.049869
-0.145639
-0.0499772
0.0245854
-0.0423109
-0.0432447
-0.133094
0.0224951
-0.134013
0.0941409
-0.0460666
0.050947
-0.0503293
-0.12576
-0.0528101
0.0653344
-0.143105
-0.0451286
-0.063202
-0.226843
-0.442206
-0.191391
0.0343701
-0.0863807
-0.0588547
-0.0137409
-0.0502995
-0.303674
-0.189034
-0.2386
-0.267071
0.0598851
-0.026821
0.0487116
-0.0141505
-0.264816
-0.231657
-0.0439524
0.130253
-0.0484914
-0.014062
-0.0188713
-0.155826
0.0436759
0.149488
0.113866
0.0491052
-0.326598
-0.126364
0.0697442
0.049306
-0.100682
0.0500625
-0.049829
-0.0231946
0.049167
-0.128846
0.00595064
0.000633265
-0.0362829
0.136244
0.130993
0.150089
0.0476445
-0.0543909
0.239047
0.146866
-0.0444284
-0.0593739
-0.192535
0.0867669
-0.0247656
-0.187319
0.00682424
-0.0635147
-0.141997
0.000900351
-0.358171
-0.0352393
-0.0750231
-0.234965
-0.131877
-0.113041
0.0247987
-0.0648729
-0.0412607
-0.172067
-0.230622
-0.10993
-0.237856
-0.394422
-0.0470748
-0.145438
-0.0985185
0.048066
-0.446743
-0.149669
0.0905406
-0.0502116
0.0485218
0.0495152
0.132298
-0.050013
0.152801
-0.0489134
0.149676
0.104175
-0.0222048
-0.0395439
0.0679441
0.151288
0.0182919
0.231161
0.0909693
-0.0477242
0.268485
0.149892
0.151129
0.0500329
0.000664657
-0.0569254
0.0512783
0.180079
0.00581404
0.0215463
-0.0740821
-0.135539
0.146026
0.0139479
0.241473
0.0617541
-0.0143708
0.00917969
0.0453169
0.0487732
0.136348
0.0537951
-0.12841
-0.0515988
-0.240824
-0.0575297
-0.164949
-0.121615
0.0429226
-0.505616
0.0304142
-0.0569302
-0.297168
-0.0506142
-0.233325
-0.24205
0.0762745
0.0499366
-0.0446384
-0.130938
-0.344573
-0.161502
0.00317334
-0.206155
0.048776
0.0497782
0.037068
0.0490518
0.0260951
-0.0253259
-0.0570168
-0.00272347
-0.143171
0.0283769
-0.0127427
0.119162
0.131544
0.0516644
-0.280503
-0.149316
0.0499431
-0.017455
-0.0220413
0.105104
-0.149911
-0.010776
0.0330662
-0.0628101
-0.149949
-0.0497376
-0.141589
0.012348
0.0580577
-0.0362087
-0.142997
-0.148457
-0.036712
0.0487704
0.210776
0.0620728
0.0158912
-0.0785299
-0.146197
-0.0528412
0.118347
-0.0354778
-0.140275
-0.604793
-0.0260312
-0.147953
0.100985
0.049641
0.0638757
-0.148264
0.0496601
-0.0868966
0.149936
0.0602045
0.0660548
-0.100783
-0.222492
-0.211211
0.0442375
0.055437
-0.0369612
-0.0113261
-0.12223
-0.126821
-0.172261
-0.0543274
-0.0946032
-0.121508
0.00908702
-0.163254
-0.0492489
-0.0366752
-0.130269
0.00969899
-0.251479
-0.281958
0.123744
-0.0652885
0.200262
-0.167079
-0.151073
-0.269256
-0.0497808
-0.061706
-0.0658822
-0.140833
0.139351
-0.120374
0.0867883
0.0568263
0.093962
0.0502204
-0.216194
-0.0335318
0.139351
0.143252
-0.0330251
0.098292
-0.0529645
0.24503
0.220468
0.232806
-0.34787
-0.128182
-0.0439904
0.247902
0.184641
0.349415
0.064719
0.0521721
-0.0338615
0.0347677
0.053302
0.0261993
-0.0560004
-0.0107976
-0.0627915
-0.0468462
0.159872
0.0504785
0.027034
0.0555725
0.0526617
-0.0846106
-0.0161652
-0.115575
-0.0598755
-0.0382621
-0.257882
-0.138335
-0.00904144
-0.331691
-0.151554
0.149612
-0.45499
-0.147617
0.149056
-0.163428
-0.15502
-0.037865
-0.240661
0.0907132
-0.0386038
-0.0601205
0.0390439
-0.0253143
0.0207439
0.146306
0.192063
-0.0501673
0.145495
0.039785
0.0124878
-0.0538984
0.139521
-0.205108
0.0499293
0.149921
-0.12237
0.0174205
0.261502
0.14477
0.131548
-0.0459053
-0.0537234
0.147776
0.191821
0.133739
0.0502859
-0.238146
0.0328116
-0.196064
0.0448631
-0.0725409
-0.0567532
-0.059737
-0.0497012
-0.0977861
0.245515
-0.0497963
-0.0502261
0.047992
-0.0625413
-0.0128037
-0.107335
-0.0445891
-0.148508
-0.0741533
-0.154217
-0.0696293
-0.104745
-0.225681
0.00871836
-0.0529654
-0.0442554
-0.0646038
0.0225982
-0.0335086
-0.171554
0.0702363
-0.231163
0.0300502
-0.206741
0.041824
-0.00936957
0.050807
-0.0506736
-0.106505
-0.0204235
-0.0506936
-0.152998
0.0379444
0.0107699
-0.081127
-0.0500388
0.0605006
0.0495326
0.0499582
-0.0390765
-0.0390257
0.167585
0.128029
0.0793459
0.0851108
-0.0529043
-0.153489
0.138155
0.156182
0.0515253
0.0398865
-0.0404552
-0.10435
0.0372576
-0.0823985
-0.06299
0.0461383
-0.0514702
-0.135009
0.0225349
0.0466953
0.246754
0.132418
-0.0435407
-0.00456174
0.0344559
-0.00410667
-0.0500772
-0.0274738
-0.146014
0.030715
0.0281594
0.100043
-0.0202252
-0.0109239
0.0135367
-0.126394
0.235435
0.0581641
0.0430193
0.149682
-0.110877
-0.0590114
0.0477841
-0.240949
-0.110356
-0.0210179
-0.061138
-0.0882153
0.0293683
-0.139711
-0.155592
0.0379723
-0.245936
-0.0497096
-0.0413575
-0.0898081
0.0500152
0.0427245
0.0873559
-0.15194
-0.24031
-0.123347
0.04798
-0.0217337
-0.106025
-0.150415
-0.0490451
-0.143833
-0.223249
0.0500237
-0.204218
-0.284301
0.106476
0.05017
-0.125127
-0.0268451
-0.350165
-0.341897
0.0547439
-0.0468441
-0.0492356
-0.250143
-0.287409
0.0549504
-0.14977
-0.0977318
0.156279
0.0523416
-0.291889
-0.304088
-0.0382246
-0.0506324
0.0477727
-0.017358
-0.155251
-0.250115
-0.0522816
-0.136781
0.156872
-0.0499352
-0.253084
0.00770683
0.0504131
0.120876
-0.149493
-0.0793083
-0.151386
0.149372
0.0162166
-0.0503631
-0.149902
0.140614
0.0288983
-0.285633
-0.288824
-0.0334433
-0.0705357
0.147629
0.0130333
-0.121725
-0.0515096
-0.415554
0.0441488
0.149831
-0.132057
-0.294284
-0.022195
0.085986
-0.0245186
0.116949
-0.14795
-0.174152
0.0477174
0.134997
-0.045594
-0.0561452
0.249622
-0.0592424
-0.0201786
-0.0430758
-0.0609072
-0.049954
0.0432262
-0.138012
0.0462458
-0.0220126
-0.0684909
-0.0545857
-0.148146
0.148711
0.0426744
0.039662
-0.140295
-0.0544577
-0.394735
-0.124486
0.0481779
-0.202242
0.00548278
-0.0608687
-0.13323
-0.0740418
-0.024696
-0.136445
-0.10471
-0.104643
0.0909809
-0.213047
0.146119
-0.000116275
0.0444542
0.121799
0.125435
0.000170161
-0.0462079
-0.0589076
-0.133323
-0.0484039
0.122732
0.0230651
0.132197
0.115125
0.026075
-0.0497592
-0.185078
-0.162767
-0.136265
0.0736966
-0.206111
0.0428979
-0.0650429
-0.214453
-0.051313
0.0499475
-0.150565
0.0554121
-0.251776
-0.0787542
0.0491638
0.0315251
0.144699
-0.0230484
0.208643
-0.053126
0.0316012
0.0501303
0.0436748
-0.0466792
-0.151557
-0.0498917
-0.0465516
-0.055077
-0.110594
0.0271862
-0.0561941
-0.109184
0.0490613
-0.0500173
0.049236
0.0378323
-0.0745278
-0.15021
0.150768
0.136111
0.12282
-0.0465738
0.0994126
-0.0548607
0.151646
-0.119744
0.0448268
-0.0540945
0.0500721
0.0823861
0.107825
0.0303319
0.0991161
-0.164261
-0.0447457
0.0591864
0.0228492
-0.162449
-0.0795488
0.0332238
-0.080394
-0.0432347
0.0774586
-0.0813333
-0.0464892
-0.228544
-0.338713
0.0231484
-0.135074
-0.150219
-0.052489
0.0314989
-0.24919
-0.0898311
-0.0508757
-0.0512
0.0497966
-0.0463417
0.0932572
-0.142591
-0.0118577
-0.0545704
0.1456
0.049329
-0.0513046
-0.0492535
0.0397062
-0.00773696
-0.0232531
-0.245873
-0.0484845
-0.0490921
-0.0228078
0.050019
-0.106697
0.0708696
-0.047671
-0.133867
-0.0451607
0.141536
0.133348
0.0471975
-0.0497228
0.0456273
0.127938
-0.0350998
0.0500015
0.104255
-0.135286
0.0608341
0.211125
0.00785928
-0.0156698
-0.036881
-0.041631
-0.0768378
-0.0253188
0.0252073
0.109266
0.149936
-0.0419254
-0.098769
-0.0835347
0.0615382
-0.129238
-0.0828272
0.00607564
-0.048929
-0.146532
-0.249536
-0.335772
-0.172823
-0.249046
0.332829
-0.0380073
-0.0404989
-0.0412533
0.477034
0.0499991
-0.0749952
0.143228
-0.0790178
0.0587532
-0.411201
-0.244494
-0.249023
-0.237352
-0.0701138
0.0496189
-0.479605
-0.19248
0.182651
0.104309
-0.0137547
0.208561
-0.43907
-0.146662
-0.043091
-0.0489006
-0.146925
0.0129926
-0.250724
0.00110097
-0.313838
0.0147379
0.0169429
0.0515521
0.0429247
-0.139896
-0.0367063
-0.0312476
-0.0325904
0.0448025
-0.0497258
-0.0479876
-0.26964
0.184337
0.249988
-0.0694277
0.0397814
0.0470532
0.148854
0.281236
0.36324
0.12325
0.138723
0.00570855
-0.125895
0.132613
0.209188
0.0820094
0.0636545
0.0498045
-0.0124607
0.0521522
-0.0386872
-0.0254243
-0.200221
0.0201624
-0.0599768
-0.101413
0.0252854
0.188984
-0.0747997
0.0864757
0.0219505
-0.155694
-0.0612098
-0.149978
0.0371387
0.140016
-0.0236678
0.0494161
0.0558965
0.146041
0.0421308
-0.0809696
-0.140828
-0.0737715
0.145915
0.0503218
-0.114756
0.0505142
-0.175443
-0.115635
0.0365577
0.146034
0.0435211
-0.0392898
0.0160879
-0.0221027
0.0250039
0.146448
-0.0789686
0.024687
-0.145953
0.0522429
0.150072
0.134959
0.00676337
-0.218576
-0.0629738
0.214753
-0.00845564
-0.000156326
0.0498829
0.0308696
0.0494555
0.215135
0.168066
0.0655303
-0.0433014
-0.148308
-0.0663277
0.0499804
-0.082336
0.0277407
0.0429809
0.124624
-0.0512574
-0.0501182
0.143879
0.343269
0.0369801
0.048269
0.0214557
0.114197
-0.103871
0.298796
-0.111329
-0.23867
0.0152851
-0.291109
-0.0328618
-0.0319866
-0.147967
-0.057075
-0.0454416
0.0228851
-0.0147097
0.0396336
-0.0518815
-0.0307126
-0.0625155
0.0489935
-0.0223136
0.141624
0.0398012
-0.0294194
-0.148691
-0.0235503
-0.147947
0.140509
-0.046967
-0.0493798
0.00662184
-0.0362624
0.0802856
0.0529814
0.0407595
-0.124008
-0.0612815
0.0571628
0.0418262
0.0513721
-0.0490602
0.0149551
0.0491796
0.069125
0.133483
-0.136998
0.0319943
-0.0887716
-0.255125
-0.148644
-0.0479774
0.0358348
-0.0696331
-0.250628
0.0477537
-0.015079
0.114315
0.346918
0.139163
-0.147792
-0.0350497
-0.0206417
-0.136038
0.201544
-0.0851729
0.29403
-0.0371287
0.228743
-0.141909
-0.0843027
-0.135419
0.0531259
-0.129507
-0.145959
-0.0274488
-0.129311
-0.0552931
0.149439
-0.246647
-0.039062
-0.0976424
0.0514681
-0.0382631
-0.0500556
-0.0161016
-0.135283
0.081393
-0.00731811
-0.0275542
-0.144546
0.0116524
-0.148252
-0.142876
0.0245976
-0.0204355
-0.149098
-0.400731
0.12246
0.241279
-0.144812
0.233569
-0.147517
-0.39129
0.19473
0.0838013
-0.0144036
0.0362623
-0.0298932
-0.0470379
