1159
4017 1816 2
4017 1836 2
4017 1856 2
4017 1876 2
4017 1896 2
4017 1916 2
4017 1817 2
4017 1837 2
4017 1857 2
4017 1877 2
4017 1897 2
4017 1917 2
4025 537 2
4017 1818 2
4017 1838 2
4017 1858 2
4017 1878 2
4017 1898 2
4017 1918 2
4025 538 2
4017 1819 2
4017 1839 2
4017 1859 2
4017 1879 2
4017 1899 2
4017 1919 2
4025 2059 2
4018 1088 2
4018 1091 2
4019 582 2
4019 164 2
4019 184 2
4019 224 2
4019 404 2
4019 464 2
4019 165 2
4019 185 2
4019 225 2
4019 405 2
4019 465 2
4019 226 2
4019 127 2
4019 147 2
4019 167 2
4019 187 2
4019 407 2
4027 1930 2
4027 2098 2
4027 2118 2
4028 982 2
4028 603 2
4028 586 2
4028 587 2
4031 1808 2
4031 1828 2
4031 1848 2
4031 1868 2
4031 1809 2
4031 1829 2
4031 1849 2
4031 1869 2
4031 1889 2
4031 1810 2
4031 1830 2
4031 1850 2
4031 1870 2
4031 1890 2
4031 1910 2
4031 1831 2
4031 1851 2
4031 1891 2
4023 1376 2
4023 1377 2
4023 1397 2
4023 1417 2
4023 1437 2
4023 1378 2
4023 1398 2
4023 1418 2
4023 1438 2
4023 1359 2
4032 1940 2
4032 1960 2
4032 1980 2
4032 2000 2
4032 1941 2
4032 1961 2
4032 1981 2
4032 2001 2
4032 1922 2
4032 1942 2
4032 1962 2
4032 1982 2
4032 2002 2
4032 1943 2
4032 1963 2
4024 1370 2
4024 754 2
4032 1078 2
4032 1598 2
4032 2118 2
4032 1799 2
4010 22 2
4003 1462 2
4005 851 2
4006 16 2
4006 36 2
4006 56 2
4006 76 2
4006 17 2
4006 37 2
4006 57 2
4006 77 2
4006 18 2
4006 38 2
4006 58 2
4006 78 2
4006 19 2
4006 39 2
4006 59 2
4006 79 2
4007 2059 2
4008 1232 2
4008 1252 2
4008 1272 2
4008 1233 2
4008 1253 2
4008 1273 2
4008 1214 2
4008 1274 2
4008 1314 2
4008 1215 2
4008 1255 2
4008 1476 2
4008 1496 2
4008 1516 2
4008 1596 2
4008 1477 2
4008 1497 2
4008 1517 2
4008 1577 2
4008 1478 2
4008 1498 2
4008 1518 2
4008 1578 2
4008 1479 2
4008 1499 2
4008 1519 2
4008 1559 2
4008 1579 2
4041 106 2
4041 166 2
4041 1466 2
4041 847 2
4041 1567 2
4041 1348 2
4041 174 2
4033 1856 2
4041 377 2
4033 998 2
4033 1718 2
4041 1478 2
4041 2038 2
4042 1062 2
4042 564 2
4034 1088 2
4034 1108 2
4034 1089 2
4034 1090 2
4042 2051 2
4034 992 2
4034 1012 2
4034 1032 2
4034 1072 2
4034 1832 2
4034 993 2
4034 1013 2
4034 1053 2
4034 1073 2
4034 974 2
4034 994 2
4034 1014 2
4034 1054 2
4034 1074 2
4034 1814 2
4042 34 2
4034 1015 2
4034 1035 2
4034 1055 2
4034 1075 2
4034 1835 2
4034 1855 2
4042 1335 2
4042 139 2
4042 619 2
4043 972 2
4043 992 2
4043 1012 2
4043 1032 2
4043 1052 2
4043 1072 2
4043 1092 2
4043 1112 2
4043 1132 2
4043 1152 2
4043 1172 2
4043 1192 2
4043 973 2
4043 993 2
4043 1013 2
4043 1033 2
4043 1053 2
4043 1073 2
4043 1093 2
4043 1113 2
4043 1133 2
4043 1153 2
4043 1173 2
4043 1193 2
4043 994 2
4043 1014 2
4043 1034 2
4043 1054 2
4043 1074 2
4043 1094 2
4043 1114 2
4043 1134 2
4043 1154 2
4043 1174 2
4043 1194 2
4043 975 2
4043 995 2
4043 1015 2
4043 1035 2
4043 1055 2
4043 1075 2
4043 1095 2
4043 1115 2
4043 1135 2
4043 1155 2
4043 1175 2
4043 1195 2
4043 1096 2
4043 1097 2
4043 1099 2
4044 2028 2
4044 2029 2
4044 2010 2
4044 2030 2
4044 2031 2
4036 14 2
4036 54 2
4045 826 2
4037 1790 2
4037 2090 2
4045 1335 2
4045 1575 2
4045 1238 2
4038 102 2
4038 1803 2
4038 750 2
4046 1478 2
4046 1579 2
4039 1324 2
4039 1344 2
4039 1464 2
4039 1484 2
4039 1504 2
4039 1564 2
4039 1584 2
4039 1325 2
4039 1485 2
4039 1565 2
4039 1486 2
4039 1566 2
4039 1567 2
4047 993 2
4047 276 2
4047 316 2
4047 1216 2
4047 1236 2
4047 1256 2
4047 1276 2
4047 277 2
4047 297 2
4047 1217 2
4047 1237 2
4047 1257 2
4047 1277 2
4047 298 2
4047 1218 2
4047 1238 2
4047 1258 2
4047 1278 2
4047 1219 2
4047 1239 2
4047 1259 2
4047 1279 2
4040 320 2
4048 500 2
4048 520 2
4048 1060 2
4048 501 2
4048 521 2
4048 1061 2
4048 482 2
4048 502 2
4048 522 2
4040 603 2
4048 1043 2
4048 1103 2
4040 1234 2
4081 20 2
4081 40 2
4081 21 2
4081 41 2
4081 101 2
4081 22 2
4081 3 2
4081 103 2
4089 1208 2
4089 1073 2
4082 16 2
4082 36 2
4082 56 2
4082 76 2
4082 96 2
4082 116 2
4082 156 2
4082 176 2
4082 196 2
4082 216 2
4082 236 2
4082 17 2
4082 37 2
4082 57 2
4082 77 2
4082 97 2
4082 117 2
4082 137 2
4082 157 2
4082 177 2
4082 197 2
4082 217 2
4082 237 2
4082 18 2
4082 38 2
4082 58 2
4082 78 2
4082 98 2
4082 118 2
4082 138 2
4082 158 2
4082 178 2
4082 198 2
4082 218 2
4082 238 2
4082 19 2
4082 39 2
4082 59 2
4082 79 2
4082 99 2
4082 119 2
4082 139 2
4082 159 2
4082 179 2
4082 199 2
4082 219 2
4082 239 2
4092 1360 2
4092 1361 2
4092 1381 2
4092 1401 2
4092 1421 2
4092 1362 2
4092 1382 2
4092 1402 2
4092 1422 2
4092 1323 2
4092 1448 2
4092 1468 2
4092 1488 2
4092 1508 2
4092 1449 2
4092 1469 2
4092 1489 2
4092 1509 2
4092 1450 2
4092 1470 2
4092 1490 2
4092 1510 2
4092 1451 2
4092 1471 2
4092 1491 2
4092 1511 2
4092 32 2
4092 52 2
4092 132 2
4092 192 2
4092 212 2
4092 272 2
4092 312 2
4092 332 2
4092 352 2
4092 372 2
4092 392 2
4092 432 2
4092 452 2
4092 472 2
4092 492 2
4092 512 2
4092 532 2
4092 552 2
4092 572 2
4092 592 2
4092 612 2
4092 632 2
4092 652 2
4092 692 2
4092 752 2
4092 812 2
4092 852 2
4092 872 2
4092 932 2
4092 992 2
4092 1012 2
4092 1032 2
4092 1052 2
4092 1092 2
4092 1152 2
4092 1172 2
4092 1212 2
4092 1232 2
4092 1252 2
4092 1272 2
4092 1292 2
4092 1312 2
4092 1332 2
4092 1352 2
4092 1372 2
4092 1392 2
4092 1412 2
4092 1712 2
4092 1732 2
4092 1752 2
4092 1772 2
4092 1812 2
4092 2092 2
4092 2112 2
4092 2132 2
4092 2152 2
4092 13 2
4092 53 2
4092 173 2
4092 193 2
4092 213 2
4092 233 2
4092 253 2
4092 273 2
4092 293 2
4092 313 2
4092 333 2
4092 353 2
4092 373 2
4092 393 2
4092 413 2
4092 433 2
4092 453 2
4092 473 2
4092 493 2
4092 513 2
4092 533 2
4092 553 2
4092 573 2
4092 593 2
4092 613 2
4092 633 2
4092 653 2
4092 673 2
4092 693 2
4092 713 2
4092 753 2
4092 773 2
4092 793 2
4092 813 2
4092 853 2
4092 873 2
4092 913 2
4092 933 2
4092 973 2
4092 1013 2
4092 1033 2
4092 1053 2
4092 1073 2
4092 1093 2
4092 1113 2
4092 1133 2
4092 1153 2
4092 1173 2
4092 1193 2
4092 1213 2
4092 1233 2
4092 1253 2
4092 1273 2
4092 1293 2
4092 1313 2
4092 1333 2
4092 1353 2
4092 1373 2
4092 1393 2
4092 1433 2
4092 1713 2
4092 1733 2
4092 1753 2
4092 1773 2
4092 1793 2
4092 1813 2
4092 1833 2
4092 1853 2
4092 1873 2
4092 1893 2
4092 2093 2
4092 2113 2
4092 2133 2
4092 2153 2
4092 14 2
4092 34 2
4092 94 2
4092 114 2
4092 134 2
4092 154 2
4092 174 2
4092 214 2
4092 234 2
4092 254 2
4092 274 2
4092 294 2
4092 314 2
4092 334 2
4092 354 2
4092 374 2
4092 394 2
4092 414 2
4092 434 2
4092 454 2
4092 474 2
4092 494 2
4092 514 2
4092 534 2
4092 554 2
4092 574 2
4092 594 2
4092 614 2
4092 634 2
4092 654 2
4092 674 2
4092 694 2
4092 714 2
4092 734 2
4092 754 2
4092 774 2
4092 794 2
4092 814 2
4092 834 2
4092 854 2
4092 874 2
4092 894 2
4092 914 2
4092 934 2
4092 954 2
4092 974 2
4092 994 2
4092 1014 2
4092 1034 2
4092 1054 2
4092 1074 2
4092 1094 2
4092 1114 2
4092 1134 2
4092 1154 2
4092 1174 2
4092 1194 2
4092 1214 2
4092 1234 2
4092 1254 2
4092 1274 2
4092 1294 2
4092 1314 2
4092 1334 2
4092 1354 2
4092 1374 2
4092 1394 2
4092 1694 2
4092 1714 2
4092 1734 2
4092 1754 2
4092 1774 2
4092 1794 2
4092 1814 2
4092 1834 2
4092 1854 2
4092 1874 2
4092 1894 2
4092 1914 2
4092 2094 2
4092 2114 2
4092 2134 2
4092 2154 2
4092 15 2
4092 115 2
4092 135 2
4092 155 2
4092 175 2
4092 195 2
4092 215 2
4092 255 2
4092 275 2
4092 295 2
4092 315 2
4092 335 2
4092 355 2
4092 375 2
4092 395 2
4092 415 2
4092 435 2
4092 475 2
4092 535 2
4092 575 2
4092 595 2
4092 635 2
4092 655 2
4092 695 2
4092 715 2
4092 755 2
4092 775 2
4092 795 2
4092 815 2
4092 875 2
4092 895 2
4092 915 2
4092 975 2
4092 995 2
4092 1015 2
4092 1035 2
4092 1055 2
4092 1075 2
4092 1095 2
4092 1115 2
4092 1135 2
4092 1155 2
4092 1175 2
4092 1195 2
4092 1215 2
4092 1235 2
4092 1255 2
4092 1275 2
4092 1295 2
4092 1315 2
4092 1335 2
4092 1355 2
4092 1395 2
4092 1415 2
4092 1435 2
4092 1695 2
4092 1715 2
4092 1735 2
4092 1755 2
4092 1775 2
4092 1795 2
4092 1815 2
4092 1835 2
4092 1855 2
4092 1875 2
4092 1915 2
4092 2095 2
4092 2115 2
4092 2135 2
4092 2155 2
4092 16 2
4092 36 2
4092 56 2
4092 76 2
4092 96 2
4092 116 2
4092 136 2
4092 156 2
4092 176 2
4092 196 2
4092 216 2
4092 236 2
4092 256 2
4092 276 2
4092 296 2
4092 316 2
4092 336 2
4092 356 2
4092 376 2
4092 396 2
4092 436 2
4092 476 2
4092 796 2
4092 816 2
4092 836 2
4092 856 2
4092 896 2
4092 936 2
4092 976 2
4092 996 2
4092 1036 2
4092 1056 2
4092 1076 2
4092 1096 2
4092 1116 2
4092 1136 2
4092 1156 2
4092 1176 2
4092 1216 2
4092 1236 2
4092 1256 2
4092 1276 2
4092 1296 2
4092 1316 2
4092 1336 2
4092 1356 2
4092 1376 2
4092 1396 2
4092 1416 2
4092 1456 2
4092 1476 2
4092 1496 2
4092 1516 2
4092 1536 2
4092 1556 2
4092 1576 2
4092 1596 2
4092 1616 2
4092 1636 2
4092 1676 2
4092 1696 2
4092 1716 2
4092 1736 2
4092 1756 2
4092 1776 2
4092 1796 2
4092 1816 2
4092 1836 2
4092 1856 2
4092 1876 2
4092 1896 2
4092 1936 2
4092 1956 2
4092 1976 2
4092 1996 2
4092 2016 2
4092 2036 2
4092 2056 2
4092 2076 2
4092 37 2
4092 57 2
4092 77 2
4092 97 2
4092 117 2
4092 137 2
4092 157 2
4092 177 2
4092 197 2
4092 217 2
4092 237 2
4092 257 2
4092 277 2
4092 297 2
4092 317 2
4092 337 2
4092 357 2
4092 397 2
4092 417 2
4092 457 2
4092 817 2
4092 837 2
4092 857 2
4092 877 2
4092 897 2
4092 917 2
4092 937 2
4092 957 2
4092 977 2
4092 997 2
4092 1017 2
4092 1037 2
4092 1057 2
4092 1077 2
4092 1097 2
4092 1117 2
4092 1137 2
4092 1157 2
4092 1177 2
4092 1197 2
4092 1217 2
4092 1237 2
4092 1257 2
4092 1277 2
4092 1297 2
4092 1317 2
4092 1337 2
4092 1357 2
4092 1377 2
4092 1397 2
4092 1417 2
4092 1437 2
4092 1477 2
4092 1497 2
4092 1517 2
4092 1537 2
4092 1557 2
4092 1577 2
4092 1597 2
4092 1617 2
4092 1637 2
4092 1657 2
4092 1677 2
4092 1697 2
4092 1717 2
4092 1737 2
4092 1757 2
4092 1777 2
4092 1797 2
4092 1817 2
4092 1837 2
4092 1857 2
4092 1877 2
4092 1897 2
4092 1937 2
4092 1957 2
4092 1977 2
4092 1997 2
4092 2017 2
4092 2037 2
4092 2057 2
4092 2077 2
4092 2097 2
4092 2117 2
4092 2137 2
4092 18 2
4092 38 2
4092 78 2
4092 98 2
4092 118 2
4092 138 2
4092 158 2
4092 178 2
4092 198 2
4092 218 2
4092 238 2
4092 258 2
4092 278 2
4092 298 2
4092 318 2
4092 338 2
4092 358 2
4092 378 2
4092 418 2
4092 778 2
4092 818 2
4092 838 2
4092 858 2
4092 878 2
4092 898 2
4092 918 2
4092 938 2
4092 998 2
4092 1038 2
4092 1058 2
4092 1078 2
4092 1098 2
4092 1118 2
4092 1138 2
4092 1158 2
4092 1178 2
4092 1198 2
4092 1218 2
4092 1238 2
4092 1258 2
4092 1278 2
4092 1298 2
4092 1318 2
4092 1338 2
4092 1358 2
4092 1378 2
4092 1398 2
4092 1418 2
4092 1438 2
4092 1498 2
4092 1538 2
4092 1558 2
4092 1578 2
4092 1598 2
4092 1618 2
4092 1638 2
4092 1658 2
4092 1678 2
4092 1698 2
4092 1718 2
4092 1738 2
4092 1758 2
4092 1778 2
4092 1798 2
4092 1818 2
4092 1838 2
4092 1858 2
4092 1878 2
4092 1898 2
4092 1918 2
4092 1958 2
4092 1978 2
4092 1998 2
4092 2018 2
4092 2038 2
4092 2058 2
4092 2078 2
4092 2098 2
4092 2118 2
4092 2138 2
4092 2158 2
4092 19 2
4092 739 2
4092 1499 2
4092 1839 2
4092 2139 2
4092 2159 2
4084 1724 2
4091 964 2
4091 984 2
4091 1004 2
4091 1024 2
4091 1044 2
4091 1064 2
4091 1084 2
4091 1104 2
4091 1124 2
4091 1144 2
4091 1164 2
4091 1184 2
4091 965 2
4091 985 2
4091 1005 2
4091 1025 2
4091 1045 2
4091 1065 2
4091 1085 2
4091 1105 2
4091 1125 2
4091 1145 2
4091 1165 2
4091 1185 2
4084 1406 2
4084 1706 2
4091 966 2
4091 986 2
4091 1006 2
4091 1026 2
4091 1046 2
4091 1066 2
4091 1086 2
4091 1106 2
4091 1126 2
4091 1146 2
4091 1166 2
4091 1186 2
4091 967 2
4091 987 2
4091 1007 2
4091 1027 2
4091 1047 2
4091 1067 2
4091 1087 2
4091 1107 2
4091 1147 2
4091 1167 2
4091 1187 2
4084 988 2
4084 1068 2
4084 1030 2
4084 1110 2
4084 971 2
4084 1031 2
4084 1051 2
4084 1111 2
4091 1311 2
4084 713 2
4084 34 2
4085 0 2
4085 20 2
4085 40 2
4085 60 2
4085 80 2
4085 100 2
4085 120 2
4085 140 2
4085 160 2
4085 180 2
4085 200 2
4085 220 2
4085 1 2
4085 21 2
4085 41 2
4085 61 2
4085 81 2
4085 101 2
4085 121 2
4085 141 2
4085 161 2
4085 181 2
4085 201 2
4085 221 2
4085 2 2
4085 22 2
4085 42 2
4085 62 2
4085 82 2
4085 102 2
4085 122 2
4085 142 2
4085 162 2
4085 182 2
4085 202 2
4085 222 2
4085 3 2
4085 23 2
4085 43 2
4085 63 2
4085 83 2
4085 103 2
4085 123 2
4085 143 2
4085 163 2
4085 183 2
4085 203 2
4085 834 2
4094 1097 2
4085 2098 2
4094 1098 2
4094 1119 2
4086 1946 2
4086 1567 2
4093 2028 2
4093 2011 2
4087 400 2
4087 420 2
4087 440 2
4087 460 2
4087 401 2
4087 421 2
4087 441 2
4087 461 2
4087 402 2
4087 422 2
4087 442 2
4087 462 2
4087 403 2
4087 423 2
4087 443 2
4087 463 2
4096 1432 2
4095 1720 2
4088 1301 2
4095 1702 2
4088 1303 2
4095 48 2
4095 30 2
4088 592 2
4088 593 2
4088 574 2
4088 594 2
4088 694 2
4088 575 2
4088 595 2
4088 757 2
4074 1126 2
4065 848 2
4065 868 2
4065 888 2
4065 908 2
4065 928 2
4065 948 2
4065 849 2
4065 869 2
4065 889 2
4065 909 2
4065 929 2
4065 949 2
4065 850 2
4065 870 2
4065 930 2
4065 871 2
4065 891 2
4065 951 2
4074 52 2
4074 33 2
4074 34 2
4074 994 2
4074 2034 2
4074 855 2
4065 1256 2
4066 1788 2
4066 1789 2
4066 1770 2
4066 1731 2
4066 1771 2
4066 1791 2
4067 2022 2
4076 2144 2
4076 1545 2
4076 1526 2
4076 1546 2
4076 1527 2
4076 1547 2
4076 1130 2
4076 32 2
4076 832 2
4076 833 2
4076 814 2
4076 815 2
4068 1474 2
4075 577 2
4078 1060 2
4069 1521 2
4069 1541 2
4069 1522 2
4069 1543 2
4070 1248 2
4077 1608 2
4070 1229 2
4070 1249 2
4070 1269 2
4070 1230 2
4077 856 2
4077 876 2
4077 857 2
4077 858 2
4077 859 2
4080 1281 2
4080 1301 2
4080 1282 2
4080 1302 2
4080 1243 2
4080 1283 2
4080 1303 2
4080 1544 2
4080 1545 2
4080 1527 2
4080 1547 2
4071 1848 2
4080 1236 2
4080 1256 2
4080 1237 2
4080 1257 2
4080 1238 2
4079 1862 2
4072 1139 2
