1.10828 1.0742 1.09879 1.13891 1.15462 1.16703 1.19824 1.19162 1.13978 1.12781 1.12486 1.01344 1.16916 
1.0732 1.05316 1.08952 1.13233 1.14674 1.12268 1.13347 1.13253 1.09485 1.11551 1.00298 0.97031 1.00418 
1.05967 1.03719 1.06798 1.10317 1.10676 1.08889 1.10632 1.09216 1.07992 1.06386 1.03884 0.961573 1.07931 
1.07831 1.03481 1.06678 1.0984 1.08995 1.06821 1.07919 1.07136 1.06755 1.03364 0.979049 0.91319 0.856851 
1.09349 1.02193 1.06959 1.10067 1.08835 1.08514 1.06394 1.05843 1.06888 1.0696 1.01073 0.931868 1.026 
1.08656 1.04502 1.06896 1.08938 1.08825 1.08701 1.06596 1.07733 1.05997 1.0044 1.00169 0.978394 1.1611 
1.07241 1.03358 1.09113 1.08758 1.0798 1.06388 1.08121 1.08597 1.04815 1.04442 1.00257 0.941539 0.584154 
1.09758 1.05808 1.08217 1.11637 1.10939 1.0975 1.11173 1.0866 1.08671 1.06121 1.00947 0.931977 1.19694 
1.10184 1.07516 1.1423 1.13665 1.13461 1.13839 1.13541 1.12018 1.11222 1.13879 1.0841 0.992356 0.746319 
1.11211 1.07989 1.1172 1.17117 1.17989 1.16504 1.21372 1.18053 1.17596 1.17949 1.13282 0.995868 1.22456 
1.0374 1.04867 1.09244 1.12209 1.14681 1.13654 1.17472 1.15065 1.11648 1.14962 1.1764 1.11635 1.23099 
1.03299 1.04574 1.08208 1.11864 1.12033 1.1127 1.13762 1.11403 1.09542 1.11106 1.06369 1.06215 0.774439 
1.05653 1.06508 1.08926 1.11072 1.12006 1.09699 1.10129 1.06627 1.07203 1.07675 1.01961 1.06719 1.00958 
1.05882 1.06371 1.07769 1.10345 1.08753 1.07369 1.0729 1.06055 1.06813 1.0399 1.00925 1.03507 1.13977 
1.03404 1.02682 1.07643 1.09613 1.10566 1.04728 1.06525 1.01024 1.02284 1.00172 1.00755 0.96972 0.990408 
1.03192 1.07567 1.07694 1.0942 1.08366 1.08114 1.04117 1.05319 1.06469 1.06849 0.97176 1.05721 0.797573 
1.02374 1.02661 1.08137 1.11208 1.08048 1.07573 1.07329 1.04585 1.07399 1.10598 1.03418 0.961893 0.876761 
1.01704 1.02836 1.09916 1.12259 1.11897 1.08375 1.10487 1.02663 1.06571 1.03551 0.988567 1.03575 0.952921 
1.03062 1.0764 1.11975 1.16148 1.16206 1.12779 1.11792 1.09086 1.17565 1.04568 1.09093 1.06263 1.13471 
1.04608 1.0622 1.13906 1.17165 1.18527 1.18466 1.2099 1.18012 1.20082 1.19323 1.03796 1.14011 0.987325 
1.1599 1.0155 1.11176 1.15672 1.17665 1.17432 1.16893 1.18197 1.15354 1.1642 1.13859 1.1014 1.17289 
1.13905 1.04805 1.10783 1.13524 1.14742 1.14366 1.13668 1.17194 1.12573 1.14298 1.10414 1.101 0.95759 
1.1365 1.03648 1.08203 1.10289 1.10613 1.08965 1.10308 1.10334 1.08597 1.04785 1.02442 0.997539 1.23623 
1.1641 0.996445 1.05719 1.07995 1.07847 1.06078 1.04063 1.02208 1.04642 1.0312 1.00462 1.00551 0.686064 
1.16592 1.0047 1.05502 1.08128 1.07007 1.06293 1.03883 1.04385 1.01021 1.01726 0.93053 0.922776 1.16864 
1.12487 1.00142 1.04857 1.06304 1.07795 1.0605 1.02818 1.02312 1.03743 0.995009 1.01635 1.00795 1.21557 
1.14518 1.05997 1.06718 1.08873 1.08121 1.06774 1.07512 1.06087 1.03751 1.04671 0.972875 0.923985 1.29254 
1.1308 1.04657 1.07817 1.10799 1.09482 1.07881 1.07741 1.04396 1.07429 1.09429 1.02183 0.92487 1.01969 
1.10496 1.05274 1.10151 1.12171 1.13329 1.15006 1.12905 1.11109 1.10282 1.09205 1.10043 1.06561 1.06144 
1.13055 1.0524 1.1314 1.15629 1.17914 1.21187 1.1856 1.20145 1.16503 1.18954 1.17631 1.04248 0.844557 
1.21852 1.12563 1.12572 1.14871 1.15534 1.16121 1.14934 1.1491 1.14741 1.15898 1.17414 1.12493 0.855251 
1.15393 1.06909 1.11779 1.12519 1.13427 1.1381 1.12153 1.10314 1.09666 1.06563 1.1369 1.08372 0.88531 
1.12663 1.05831 1.09978 1.11501 1.08977 1.06822 1.07873 1.07798 1.06851 1.04751 1.06758 1.02513 0.735185 
1.13695 1.04457 1.07578 1.08879 1.07 1.05678 1.06732 1.0545 1.02927 1.03773 1.04548 0.940967 0.741493 
1.17001 1.03991 1.07048 1.08126 1.06158 1.07171 1.04291 1.04238 1.02698 0.99335 1.05519 1.00358 0.783941 
1.25663 1.08163 1.09413 1.08858 1.09358 1.04805 1.07333 1.00277 1.04456 0.950267 1.03207 0.958575 0.700984 
1.21778 1.14759 1.09934 1.09154 1.06337 1.05139 1.02619 1.01717 1.02383 0.975809 0.975743 0.928483 0.966228 
1.14728 1.05772 1.08916 1.10618 1.07819 1.05333 1.0431 1.07104 1.02057 1.00904 1.05334 0.95096 1.00175 
1.16696 1.09282 1.13656 1.13152 1.13263 1.13209 1.10425 1.07609 1.02933 1.04617 1.47172 1.00712 0.897755 
1.25548 1.13463 1.16831 1.17182 1.16897 1.18442 1.15685 1.17019 1.13245 1.13321 1.35914 1.11089 0.962213 
1.09199 1.03237 1.00424 1.03127 1.045 1.04542 1.07096 1.04531 1.07078 1.05416 1.11718 0.986222 1.02909 
0.946658 0.947691 0.974516 1.00805 1.03304 1.01656 1.00846 1.03035 1.01247 1.02328 1.04459 0.97269 0.965784 
0.882772 0.950799 0.986999 1.01838 1.01228 1.00708 0.989303 1.02482 0.97892 0.991193 0.91839 0.929655 0.942863 
1.07114 0.971996 0.987968 1.01198 1.02637 1.00353 1.00284 1.00327 1.00333 0.956481 0.914621 0.941443 1.13266 
1.22476 1.02449 1.00705 1.02815 1.02978 1.00698 1.00956 0.969359 0.989092 0.974626 0.927993 0.954847 0.61851 
0.965592 1.00385 1.00847 1.02408 1.03154 0.992701 1.01112 1.00357 0.966247 0.951102 0.90952 0.952023 1.28775 
0.829065 0.931376 0.964813 1.00128 1.00196 0.984893 0.995633 0.986479 0.952839 0.951851 0.891788 0.942303 1.12635 
0.871838 0.947576 0.966191 0.999859 0.993812 0.99913 1.0108 0.983438 0.976735 0.95955 0.945352 0.925858 0.691399 
0.964325 1.01156 0.97482 1.00008 1.01153 0.984555 0.995343 1.00299 1.01411 0.989668 0.994377 0.958463 0.985085 
1.00397 0.97989 0.954015 0.979551 0.99292 0.992983 0.993541 1.01114 1.0124 0.999316 0.938117 0.924526 1.13185 
1.46759 1.03665 0.979844 1.02246 1.03657 1.03418 1.0545 1.04925 1.0282 1.03612 1.05926 0.983623 1.85194 
1.02399 1.02461 1.00623 1.03675 1.03357 1.03769 1.01299 1.03428 1.00121 0.980769 0.986622 1.0425 1.94997 
0.943977 0.95519 0.989243 1.01155 1.02594 1.00962 0.992377 1.01599 0.971439 0.970907 0.960142 1.00507 2.23842 
1.1926 0.987741 1.00019 1.02364 1.02041 1.04288 1.00745 1.04157 1.00973 0.951799 0.913464 0.977503 1.81098 
0.949561 0.982634 1.00651 1.03478 1.02843 1.01179 0.999682 1.00379 0.964399 0.971285 0.87421 0.94658 0.994059 
0.832905 0.994416 1.01474 1.04097 1.02187 1.01516 1.02265 0.998993 0.996547 0.952479 0.982104 0.987966 1.28588 
0.817081 0.968419 0.99158 1.03472 1.01199 1.03136 1.03055 1.03541 0.993515 0.974917 0.942135 1.01065 1.24824 
0.798298 0.94572 0.977483 1.03181 1.01868 1.01308 1.01092 1.01452 1.02635 1.01563 0.976905 0.942638 1.74543 
0.999142 0.998409 0.994997 1.01793 1.02492 1.03487 1.0271 1.00923 0.991982 1.02078 1.03265 1.05853 1.2757 
1.46839 0.990484 0.963434 1.00639 1.01994 1.03483 1.02956 1.05321 1.03404 1.02877 1.02605 1.02913 1.80565 
0.959855 1.06343 1.08114 1.15877 1.18009 1.16603 1.1815 1.16559 1.17086 1.13483 1.096 0.920069 1.18161 
0.938091 1.03383 1.0592 1.13121 1.14401 1.13923 1.11145 1.12796 1.1378 1.07729 1.04814 0.886807 1.17308 
0.942771 1.03991 1.04812 1.11169 1.10297 1.10078 1.09801 1.09065 1.10815 1.03423 1.00686 0.857122 1.17989 
0.95372 1.03007 1.02913 1.08402 1.07421 1.07331 1.07381 1.06667 1.09079 1.05113 0.99047 0.874873 0.689191 
0.937795 1.03026 1.02793 1.07992 1.07797 1.07369 1.0807 1.03863 1.06328 1.00015 0.936788 0.838464 0.890361 
0.924841 1.02705 1.02397 1.07657 1.05678 1.07235 1.05379 1.03489 1.04494 1.03979 1.04152 0.834082 0.797059 
0.895849 1.00879 1.01518 1.07549 1.0688 1.06531 1.05576 1.05938 1.03865 1.02466 1.01685 0.836496 0.895458 
0.905854 1.02377 1.06754 1.10298 1.10194 1.09407 1.10617 1.08204 1.0692 1.04677 1.08947 0.868495 1.17902 
0.938939 1.06097 1.10822 1.13003 1.1419 1.14333 1.13873 1.13907 1.1254 1.11339 1.1423 0.903259 0.911727 
0.996361 1.09348 1.09752 1.16991 1.17288 1.18463 1.20369 1.17601 1.2184 1.20704 1.20634 0.941216 1.27118 
1.07223 1.06211 1.08531 1.13681 1.1519 1.16897 1.18372 1.14038 1.20544 1.19446 1.16464 0.963128 1.31072 
1.03261 1.03902 1.07375 1.1113 1.11775 1.11949 1.13902 1.10447 1.12651 1.09044 1.06159 0.914709 1.47108 
1.02185 1.0338 1.05089 1.08463 1.0859 1.09447 1.08009 1.08441 1.0953 1.0529 1.01389 0.941841 1.19717 
1.03568 1.02775 1.04196 1.07095 1.07301 1.07567 1.0736 1.04333 1.04603 1.06589 0.952104 0.893842 0.944166 
1.0581 1.04241 1.0497 1.07313 1.06945 1.08449 1.07528 1.02309 1.03704 1.0444 1.02806 0.885851 1.22537 
1.04399 1.04867 1.09057 1.08181 1.07568 1.06252 1.05749 1.06158 1.08053 1.02893 1.01254 0.842099 1.38895 
0.993891 1.00785 1.0365 1.07628 1.06813 1.07617 1.07054 1.03704 1.06084 1.03652 0.986013 0.852391 1.20806 
0.99486 1.01649 1.05276 1.09821 1.09376 1.09316 1.08388 1.0586 1.0337 1.0426 1.03155 0.876998 1.52145 
1.00838 1.04393 1.1099 1.12734 1.12731 1.12101 1.13252 1.10126 1.11825 1.0929 1.0719 0.939283 1.47594 
1.0767 1.09396 1.11659 1.17374 1.19425 1.19447 1.20878 1.13601 1.17078 1.20405 1.16384 0.976393 1.53014 
1.03019 1.01514 1.03623 1.05072 1.09403 1.09045 1.12357 1.08551 1.08619 1.08562 1.07972 1.01937 1.10608 
0.987061 0.998916 1.03795 1.06294 1.07568 1.07881 1.09724 1.0659 1.07956 1.04037 1.07734 0.948001 1.27651 
0.967381 0.961068 0.998234 1.02447 1.04171 1.02333 1.04566 1.01714 0.977214 0.978212 0.949695 0.936387 1.03282 
0.971458 0.974264 1.00472 1.0161 1.01688 1.01055 1.01746 1.02401 1.01269 0.963862 0.955887 0.898427 1.05405 
0.992414 0.993922 1.02195 1.04234 1.04058 1.0311 1.02598 1.00076 1.02859 0.968139 1.08838 0.903729 1.14917 
0.975513 0.973738 1.00698 1.03697 1.03898 1.02176 1.02386 1.03039 0.984825 0.995887 0.92302 0.873318 0.992802 
0.955536 0.96877 1.01013 1.03425 1.03677 1.03745 1.03066 1.01928 1.02968 1.02304 0.94924 0.893368 1.23431 
0.984738 1.0077 1.03701 1.06665 1.07382 1.06426 1.08684 1.05928 1.03594 0.980971 0.936506 0.910394 1.01599 
1.01827 1.02205 1.06299 1.08559 1.09502 1.10575 1.08355 1.08444 1.08075 1.05545 1.02028 0.929201 0.853168 
1.06976 1.02253 1.08531 1.1121 1.13556 1.13232 1.15858 1.1617 1.10663 1.14781 1.10031 1.00925 1.32904 
1.01975 0.994564 1.04187 1.05334 1.06043 1.08366 1.10698 1.07968 1.1257 1.07466 1.07558 1.12383 1.38587 
1.03865 0.981027 1.03596 1.0582 1.05629 1.0519 1.04703 1.05281 1.00662 1.04996 0.94122 1.12544 1.1308 
1.08572 0.987117 1.02993 1.03863 1.04364 1.04696 1.03123 0.994461 1.01098 1.0243 0.944948 1.03087 1.25107 
1.06104 0.995469 1.02514 1.03313 1.03091 1.04642 1.02606 1.00201 1.00675 1.01213 1.02202 1.01725 0.552249 
0.995474 0.997133 1.03154 1.03326 1.02247 0.998649 1.0091 0.979489 0.966707 1.0053 0.979974 0.992117 0.809894 
1.01232 0.993521 1.04298 1.0391 1.0484 1.04067 1.03676 1.03934 1.06389 0.991675 0.951533 0.972411 0.991227 
1.00553 0.992216 1.03822 1.03574 1.05171 1.02811 1.0272 1.04694 1.03924 1.02378 0.979343 0.930675 0.755481 
1.0079 1.01057 1.05364 1.07013 1.07123 1.04202 1.03882 1.00988 1.04905 0.998847 0.924118 1.01344 1.29075 
1.0262 1.01118 1.06634 1.08351 1.09284 1.07691 1.0898 1.09859 1.04074 1.09364 1.0977 1.05989 0.949381 
1.05075 1.04426 1.10014 1.11057 1.13693 1.15172 1.13355 1.16954 1.1826 1.119 1.06462 1.03909 0.912216 
1.10926 1.03171 1.07029 1.07831 1.08819 1.10588 1.10477 1.11542 1.10705 1.10127 1.15638 1.06599 0.936835 
1.06468 1.01926 1.06521 1.08065 1.08158 1.07119 1.05471 1.06249 1.05063 1.09214 1.04434 1.00924 0.928479 
1.06668 1.00413 1.04713 1.05417 1.05285 1.04516 1.04224 1.03827 1.02156 1.00606 0.997318 0.98059 0.597811 
1.07972 1.01043 1.04085 1.03127 1.022 1.02791 0.996106 0.999481 0.956305 0.984264 0.95466 0.953889 0.773395 
1.06043 1.0116 1.06545 1.03614 1.01799 1.0198 0.994185 1.02948 0.951871 0.956016 0.986826 1.00117 0.586616 
1.02037 0.990573 1.04138 1.03387 1.0197 1.02959 1.01838 0.982867 0.982446 0.96594 0.883778 0.971173 1.17459 
1.07162 1.02039 1.0554 1.04981 1.04817 1.03611 1.02337 1.02011 0.96197 0.996658 1.01183 0.903107 1.17536 
1.03607 1.01135 1.07413 1.0563 1.04469 1.02935 0.997288 1.01017 0.975059 0.987173 0.973891 0.979941 1.48997 
1.03222 1.00523 1.08183 1.10271 1.08935 1.07517 1.07456 1.03681 1.06757 1.04957 0.943007 1.01187 1.17956 
1.07692 1.03398 1.09989 1.10838 1.12723 1.12614 1.09986 1.11341 1.06858 1.08668 1.08684 1.02982 1.1583 
1.09489 1.00132 1.07719 1.10897 1.12657 1.14239 1.1326 1.15336 1.20283 1.11263 1.10517 1.07533 0.829089 
1.05291 1.02023 1.07793 1.09468 1.09917 1.11918 1.13647 1.11378 1.06145 1.01649 1.0661 1.12988 0.800944 
1.04501 0.977298 1.03739 1.0634 1.07757 1.0699 1.0597 1.07302 1.04199 1.0247 1.04344 1.00821 0.871555 
1.01934 0.966325 1.03817 1.03665 1.04599 1.0281 1.03459 0.995514 1.00197 0.975372 0.913011 0.99369 0.759157 
1.04165 0.981372 1.02931 1.03481 1.0472 1.0438 1.03826 0.97939 1.01753 1.03906 0.980851 0.949002 0.90877 
1.13934 0.9816 1.03506 1.03888 1.02806 1.03585 1.04863 0.985869 1.00065 0.888907 0.818004 0.934588 0.778562 
1.09985 0.974931 1.02987 1.03839 1.04734 1.03488 1.0236 1.05075 0.968244 0.975982 1.06184 0.943308 0.868736 
1.02518 0.974001 1.05622 1.06219 1.07234 1.07383 1.04862 1.09073 1.05424 1.02726 0.956202 0.972137 1.00622 
0.978239 0.996553 1.09478 1.13757 1.11839 1.14643 1.14365 1.09936 1.07132 1.11052 0.995088 1.14764 0.937597 
1.03737 1.03137 1.13868 1.18166 1.21414 1.20882 1.20508 1.2578 1.21756 1.16578 1.19014 1.22045 0.959716 
1.1277 0.984551 0.970765 1.0062 1.02027 1.01449 1.02422 1.0198 1.03627 1.06277 1.04853 0.967471 1.0846 
0.848913 0.92387 0.943962 0.970114 0.981466 0.965896 0.987096 0.980377 0.965522 0.969167 0.925049 0.991429 1.21887 
0.828532 0.898278 0.922315 0.958893 0.972445 0.974621 0.955962 0.937515 0.946916 0.913949 0.915741 0.904138 1.05997 
1.56166 0.960826 0.931052 0.961634 0.958629 0.956025 0.956913 0.946935 0.954537 0.929546 0.93174 0.899023 1.04372 
1.68384 1.08315 0.957627 0.979913 0.967506 0.961396 0.94575 0.969244 0.917796 0.913181 0.975089 0.913124 1.17539 
1.60607 1.02332 0.965351 0.977869 0.988198 0.970256 0.968352 0.946767 0.933979 0.943995 0.92817 0.920121 0.657889 
0.847602 0.918022 0.914929 0.951322 0.969814 0.959875 0.959232 0.935246 0.948859 0.938365 0.895403 0.885386 1.09934 
0.887847 0.925201 0.939118 0.964456 0.967387 0.960737 0.961806 0.941226 0.935157 0.927949 0.927852 0.917304 1.02534 
1.12267 0.91999 0.931893 0.970504 0.989298 0.9729 0.968295 0.979499 0.94237 0.922961 0.938803 0.977687 0.830122 
1.07324 0.924893 0.931011 0.956822 0.969045 0.961186 0.984305 0.983628 0.96537 0.975914 0.977449 0.968692 0.943318 
1.1198 0.93897 0.961507 1.00926 1.01629 1.03195 1.05849 1.04948 1.01443 1.01541 1.06675 1.04254 1.75754 
1.21639 1.00982 0.975928 1.01631 1.0211 1.01247 0.980302 1.03098 1.03043 0.934699 0.956757 1.07012 1.71953 
1.21796 1.02475 0.939661 0.989552 1.00946 1.00867 0.996224 0.981392 0.972741 0.999628 0.88919 0.956543 1.66943 
1.33705 1.08095 0.957449 1.00681 0.997785 0.999619 0.984676 0.974563 0.984229 0.967812 0.965595 0.932927 1.94237 
1.27473 0.990388 0.964359 0.993376 0.986777 0.97328 0.971078 0.937878 0.934241 0.921618 0.880066 0.954549 0.644315 
1.07241 0.969184 0.969818 0.994817 1.00868 0.984364 0.971106 0.973931 0.985531 0.968291 0.837564 0.952557 1.96979 
0.902017 0.926489 0.959336 1.00319 1.01578 0.991099 0.99324 0.978515 1.00188 0.958841 0.998123 0.967979 1.72083 
0.898433 0.916876 0.95629 1.0014 1.01934 1.01078 1.01061 0.989628 0.965866 0.959093 1.01932 0.977331 1.94785 
0.978895 0.9428 0.957819 1.0157 1.01136 1.0183 1.01099 1.01236 1.05219 0.9771 0.979127 0.939404 2.05501 
1.38293 0.932381 0.95405 0.999012 1.00192 1.01583 1.01528 1.04281 1.02455 1.05049 1.02796 1.01808 1.84391 
1.01077 1.04026 1.06642 1.13584 1.1545 1.14381 1.16212 1.1462 1.15099 1.14321 1.1089 0.904924 1.15053 
0.96732 1.00689 1.04058 1.09918 1.10947 1.09903 1.10688 1.07587 1.07811 1.05989 1.02475 0.884397 1.07738 
0.982473 0.985415 1.01776 1.0754 1.06936 1.06378 1.06728 1.0418 1.06282 1.03474 1.06536 0.847597 1.34687 
1.00309 0.9873 1.00041 1.04941 1.04341 1.02445 1.03084 1.01841 1.06146 1.02274 0.988633 0.837231 0.835769 
0.964277 0.992442 1.00218 1.02842 1.0292 1.02849 1.03117 1.02504 1.0422 0.994765 0.95476 0.82801 0.858438 
0.941682 0.971031 0.990382 1.02611 1.03436 1.02391 1.03345 1.02556 0.997772 1.00378 0.971877 0.823714 0.958476 
0.917921 0.966205 0.989853 1.03697 1.03916 1.0266 1.02764 1.00285 0.999767 1.0111 0.967392 0.841847 1.10458 
0.92969 1.00225 1.01592 1.05621 1.06387 1.0584 1.05005 1.03099 1.05995 1.00609 0.938468 0.845777 1.26763 
0.974472 1.02246 1.05358 1.10152 1.10414 1.10111 1.088 1.09866 1.09434 1.0657 1.05428 0.906944 1.2854 
1.0425 1.04888 1.08035 1.13566 1.15584 1.15932 1.15439 1.1521 1.20339 1.16126 1.16579 0.96095 1.14307 
1.20492 1.09831 1.1241 1.13941 1.1339 1.13606 1.15844 1.18127 1.1502 1.15373 1.14418 0.961217 1.14671 
1.15255 1.0726 1.08338 1.11253 1.09742 1.08389 1.11024 1.08123 1.08468 1.03848 1.06939 0.923831 1.56646 
1.14745 1.05117 1.06041 1.07987 1.06935 1.06604 1.06382 1.04185 1.0298 1.02274 1.01758 0.82366 1.51085 
1.16655 1.06163 1.04864 1.05439 1.04276 1.0431 1.03322 1.04537 1.02821 1.03741 0.976747 0.839286 1.29123 
1.17868 1.05654 1.04425 1.05715 1.04453 1.03829 1.02516 1.05055 1.01595 1.03827 1.00844 0.8735 1.56159 
1.11373 1.02524 1.02802 1.04876 1.02914 1.01419 1.02529 1.04084 1.01172 0.983582 0.926044 0.885929 1.25683 
1.02116 0.989254 1.0191 1.03559 1.02236 1.02212 1.01181 1.01349 1.0237 0.999615 0.946495 0.865973 1.35201 
1.03196 1.02249 1.04399 1.0561 1.05325 1.02781 1.03856 1.05193 1.0402 0.998012 0.939577 0.891809 1.40998 
1.07977 1.03081 1.06129 1.08806 1.0855 1.09909 1.05833 1.06335 1.06909 1.05431 1.00982 0.914725 1.67666 
1.18801 1.09221 1.11212 1.14694 1.14647 1.1456 1.13251 1.16647 1.15759 1.16355 1.14609 0.986959 1.42452 
