1.00619 0.925385 0.978226 0.989192 0.985952 0.99364 1.00131 1.00127 0.972616 0.988666 0.977466 0.924312 1.08719 
0.919572 0.931077 0.972815 0.984947 0.979803 0.974483 0.982516 0.989897 0.961182 0.991519 0.999834 0.955763 1.16179 
0.922921 0.928418 0.964521 0.977215 0.976466 0.966432 0.981388 0.970966 0.967408 0.980999 0.963266 0.91722 1.19521 
0.925495 0.926441 0.961831 0.969917 0.96404 0.950808 0.971312 0.972807 0.959376 0.943999 0.908033 0.935746 1.07671 
0.929991 0.94224 0.958404 0.97253 0.963642 0.967899 0.95296 0.954859 0.98066 0.967561 1.04435 0.917677 0.962425 
0.932314 0.921022 0.955548 0.950077 0.961207 0.957785 0.950798 0.945386 0.944843 0.941506 0.965955 0.966477 1.10838 
0.931553 0.927524 0.936673 0.952063 0.95507 0.944713 0.977128 0.949955 0.949056 0.934011 0.94435 0.942171 1.3017 
1.0071 0.924478 0.965722 0.971112 0.965618 0.959166 0.973109 0.959967 0.964531 0.95453 0.955193 0.936688 1.19928 
1.00845 0.927549 0.950251 0.97899 0.972595 0.974221 0.966527 0.975187 0.95245 0.925689 0.973342 0.923114 1.09889 
1.01194 0.935127 0.97667 0.988278 0.990278 0.981973 1.00127 0.96745 0.986457 1.0024 0.995513 0.930794 1.04378 
0.958693 0.921888 0.982052 0.983224 0.987898 0.983093 0.98293 0.971412 1.01609 1.00244 0.991 0.962487 0.867128 
0.956164 0.927015 0.965555 0.980021 0.988926 0.973377 0.983886 0.971565 0.982323 0.944433 0.953169 1.02574 0.996902 
0.963917 0.916213 0.97346 0.976582 0.976744 0.954539 0.974759 0.936884 0.967125 0.9978 0.930221 1.06762 1.08551 
0.965973 0.921388 0.957527 0.97702 0.962103 0.95873 0.984701 0.943253 0.945384 0.955226 0.972222 0.974809 1.19636 
0.959535 0.937964 0.961192 0.963751 0.97688 0.952326 0.951147 0.945051 0.963291 0.954675 0.882757 0.99695 0.908992 
0.963187 0.919829 0.963224 0.981459 0.95874 0.961709 0.950424 0.968088 0.956913 0.991048 1.0094 1.09022 0.630112 
0.957998 0.944757 0.969412 0.969441 0.957682 0.961841 0.980093 0.964028 0.965806 0.973148 0.915323 0.936079 1.16042 
0.955736 0.950655 0.981111 0.975344 0.969913 0.950877 0.966867 0.957062 1.04477 0.955952 1.00977 1.01679 0.869849 
0.959629 0.923611 0.973812 0.98783 0.990552 0.963333 0.976497 0.937828 0.983869 0.955173 1.03955 0.964178 0.992275 
0.96239 0.953233 0.988856 0.991433 1.00258 0.98416 0.992881 0.967175 0.986091 0.984116 0.904182 1.12409 1.265 
0.929278 0.927981 0.985298 0.987339 0.997346 0.991334 0.992576 0.98397 0.971527 0.98012 0.996755 0.978826 1.16276 
0.93057 0.912847 0.982661 0.979367 0.979417 0.979993 0.969488 0.995354 0.96366 0.98237 1.00811 0.960769 0.895785 
0.929071 0.914643 0.971766 0.971289 0.967841 0.977055 0.971253 0.979941 0.974072 0.951647 1.01247 0.981696 1.15411 
0.932044 0.926721 0.961506 0.968142 0.974463 0.968531 0.965896 0.927148 1.00504 0.935011 0.966403 0.986127 0.838608 
0.945969 0.921988 0.952773 0.960973 0.950425 0.953689 0.957846 0.969812 0.944427 0.960729 1.02588 0.963848 0.694866 
0.932849 0.934694 0.957923 0.947677 0.966198 0.959209 0.946006 0.954119 0.943114 0.926861 0.924375 0.975744 1.17635 
0.928049 0.918786 0.954022 0.967723 0.957321 0.942186 0.957898 0.943817 0.953075 0.951443 0.960162 0.936844 1.06088 
1.02706 0.917191 0.959926 0.969808 0.953236 0.956472 0.965574 0.944409 0.972965 0.942197 0.977626 0.918744 0.881317 
0.924214 0.923562 0.967946 0.963597 0.975014 0.957091 0.939137 0.983932 0.932115 0.929909 0.953148 1.03941 1.13157 
0.931402 0.948412 0.98109 0.975724 0.989345 0.974135 0.966605 0.977494 0.957766 0.975548 0.912787 0.936761 0.931407 
1.05528 0.916208 0.979256 0.984132 0.976218 0.992397 0.990234 0.990706 0.987124 1.02178 0.972178 0.939239 0.73748 
0.930732 0.951232 0.983937 0.970993 0.977831 0.997261 0.978619 0.967118 0.989208 0.987614 0.953752 0.999507 0.800001 
0.933264 0.952166 0.979201 0.970486 0.971059 0.969862 0.966656 0.98947 1.00957 0.966714 0.945012 0.960402 0.801251 
0.932624 0.946607 0.970484 0.967857 0.945554 0.957684 0.951775 0.959573 0.937106 0.952571 0.915437 0.901021 0.7145 
0.936796 0.948613 0.967266 0.971413 0.956234 0.966234 0.978265 0.962274 0.951212 0.935878 0.979401 0.950508 1.04566 
0.947439 0.943659 0.973669 0.960236 0.980823 0.94926 0.981994 0.87831 0.984768 0.928429 0.857021 0.906193 0.835522 
1.06144 0.93121 0.958718 0.958055 0.944755 0.961125 0.917359 0.942581 0.959287 0.91522 0.925975 0.973202 0.965392 
0.947445 0.95255 0.969766 0.9625 0.952223 0.956453 0.95383 0.971327 0.955478 0.966562 0.907062 0.922494 0.929051 
0.94631 0.956718 0.980579 0.967641 0.956902 0.973829 0.984687 0.946052 0.953082 0.916041 0.836242 0.755313 0.627925 
0.951652 0.967215 0.985379 0.978684 0.987398 0.972664 0.982416 0.973039 0.958571 0.976095 0.932643 0.847599 0.681138 
0.839439 0.895175 0.94288 0.95478 0.963045 0.969726 1.0041 0.971075 1.0015 0.98184 1.02118 0.886115 0.867341 
0.877385 0.933749 0.940545 0.950445 0.961677 0.960418 0.97106 0.972473 0.981583 0.98618 0.988981 0.921848 0.931947 
0.909704 0.944459 0.953405 0.955187 0.952448 0.966061 0.952159 0.970013 0.978245 1.0079 0.918603 0.99489 1.11715 
0.880316 0.938477 0.947669 0.955519 0.961547 0.950887 0.955155 0.95241 0.962454 0.961068 0.92384 0.999812 1.25138 
0.906983 0.933343 0.938357 0.945916 0.95122 0.944667 0.942521 0.93591 0.98011 0.948313 1.04902 0.978897 1.02954 
0.926317 0.954725 0.943879 0.949257 0.951593 0.949154 0.967462 0.955551 0.938344 0.954296 0.954492 1.00657 1.36046 
0.908085 0.966083 0.948727 0.954986 0.940173 0.946945 0.988517 0.968028 0.934807 0.949945 0.942415 0.961616 1.08218 
0.88845 0.940229 0.938442 0.951883 0.951367 0.95872 0.952604 0.957046 0.957722 0.982613 0.985928 0.962285 0.742839 
0.862691 0.912965 0.9271 0.947383 0.95402 0.944703 0.972735 0.963295 0.973931 0.944446 0.95962 0.959486 1.17892 
0.880637 0.897694 0.923266 0.939385 0.939721 0.948908 0.946106 0.948515 0.980112 0.960986 0.995216 0.973753 1.18327 
0.827568 0.8592 0.92924 0.963145 0.968674 0.965111 0.974216 0.985846 1.0075 0.98522 1.00811 0.938461 1.7428 
0.920189 0.911763 0.936136 0.956771 0.95544 0.961942 0.956827 0.965061 0.953886 1.02972 0.98851 1.00431 1.90792 
0.86735 0.940762 0.955539 0.956519 0.953789 0.95651 0.954507 0.976185 0.959226 0.958294 0.956574 1.01775 1.82203 
0.789441 0.9321 0.949289 0.958312 0.954528 0.969214 0.947534 0.967977 0.936795 0.959682 0.897165 1.06454 2.3253 
0.903023 0.954609 0.944947 0.948695 0.950372 0.937857 0.944127 0.96459 0.969236 0.949261 0.932095 1.01998 0.808657 
0.83211 0.957853 0.945103 0.962068 0.95378 0.954982 0.954773 0.955867 0.949034 0.963641 0.908333 0.966927 1.46431 
0.871714 0.954903 0.947762 0.960317 0.944699 0.945649 0.954208 0.981873 0.939591 0.924788 0.953885 1.00483 0 
0.826043 0.95598 0.94676 0.955567 0.955065 0.966298 0.964245 0.956088 0.964739 0.951306 0.987232 0.949773 1.60071 
0.903522 0.918597 0.940359 0.954386 0.957381 0.960383 0.962277 0.994825 0.960062 0.965388 0.968619 0.983568 1.45524 
0.773362 0.871498 0.932299 0.947107 0.952057 0.95986 0.970868 0.973 0.984407 0.98876 0.992042 0.979028 1.67717 
0.915273 0.945571 0.969051 0.999381 0.993674 0.987875 0.984001 0.982125 0.996247 0.991589 1.00498 0.847678 1.11622 
0.906218 0.948548 0.969017 0.989469 0.979375 0.982433 0.978487 0.981347 0.986669 0.968384 0.995704 0.88924 1.24328 
0.906005 0.942229 0.955745 0.97816 0.966534 0.973159 0.973922 0.981474 0.982751 0.953876 0.969032 0.907964 1.13479 
0.90685 0.942695 0.953094 0.971608 0.968368 0.963185 0.965422 0.966264 0.967325 0.96256 0.956013 0.880611 0.987691 
0.907149 0.9413 0.945917 0.967353 0.959182 0.959681 0.951018 0.950953 0.9578 0.958344 0.957117 0.924487 1.14464 
0.905498 0.934134 0.945761 0.965904 0.946793 0.959517 0.97024 0.961855 0.943157 0.935032 0.900383 0.817015 0.996393 
0.897239 0.945183 0.950173 0.967897 0.961579 0.958391 0.954307 0.952668 0.954212 0.952761 0.953578 0.840257 1.04495 
0.899905 0.945037 0.940655 0.974662 0.97669 0.964932 0.969158 0.956634 0.978471 0.939177 0.930933 0.820487 1.1586 
0.909959 0.936972 0.940716 0.974477 0.97864 0.977187 0.974164 0.963272 0.980469 0.965424 0.930884 0.821814 0.984906 
0.931875 0.936482 0.968102 0.999565 0.991204 0.996548 0.994577 0.99587 1.01511 0.989868 0.932988 0.814866 1.04238 
0.982939 0.923171 0.972625 0.981767 0.987379 1.00089 0.992932 0.989855 1.02243 1.02232 0.99451 0.86621 1.14524 
0.969082 0.927754 0.966542 0.975954 0.976543 0.973565 0.988647 0.994029 0.947145 0.978868 0.952273 0.863828 0.91473 
0.966847 0.926867 0.962288 0.966035 0.96659 0.965661 0.972355 0.966129 0.964781 0.955473 0.969781 0.918953 1.10347 
0.970946 0.923253 0.956445 0.956293 0.959086 0.955374 0.960496 0.965405 0.957042 0.974363 0.888624 0.927168 1.06857 
0.97747 0.920799 0.954216 0.955989 0.954192 0.970541 0.96289 0.956433 0.951004 0.989965 0.937784 0.867586 0.880598 
0.972222 0.915918 0.934529 0.957161 0.957192 0.957654 0.958241 0.968405 0.968718 0.952931 0.966163 0.859268 1.1254 
0.956898 0.931219 0.959994 0.970776 0.953675 0.959155 0.957774 0.972338 0.951885 0.950345 0.981201 0.866731 1.2163 
0.959821 0.931296 0.964723 0.974181 0.963361 0.969439 0.963544 0.964787 0.936092 0.954219 0.954103 0.847053 1.18254 
0.962267 0.927298 0.950551 0.976821 0.974706 0.972652 0.977457 0.989909 0.981396 0.985921 0.99611 0.884951 1.36305 
0.986293 0.92675 0.974605 0.993246 0.984814 0.992009 0.996278 1.00574 0.982911 0.973817 0.966963 0.865235 1.11765 
0.970523 0.97742 0.993041 0.988874 1.00483 0.98714 1.01046 0.988577 0.994389 0.992059 0.975691 0.980474 0.9785 
0.95742 0.971512 0.994987 0.990721 0.988788 0.994533 1.00107 0.988073 1.00934 1.03129 0.972361 0.926817 1.16111 
0.956028 0.965621 0.98539 0.982478 0.989261 0.979406 0.995625 0.977875 0.959317 0.993914 0.973439 0.947625 1.08679 
0.951769 0.972997 0.977949 0.97463 0.986233 0.96846 0.972266 0.975948 0.95693 0.990975 1.066 0.963591 1.22981 
0.966086 0.967786 0.977518 0.982394 0.988587 0.973102 0.972011 1.00365 0.999277 0.95013 1.01463 0.828086 1.20265 
0.965197 0.972974 0.97525 0.981255 0.976576 0.977306 0.976013 0.977005 0.96012 1.01553 0.977486 0.927443 1.43892 
0.961758 0.97202 0.98588 0.984328 0.976942 0.979569 0.956055 0.971683 0.975183 0.983006 0.958767 0.903872 1.22828 
0.959124 0.984127 0.987489 0.982408 0.975662 0.973642 0.970678 0.969345 0.972293 0.965465 0.98938 0.976251 1.0768 
0.960688 0.976538 0.998255 0.993771 0.987921 0.996663 0.960723 0.994815 0.981482 0.999844 1.04041 0.929346 0.926575 
0.949287 0.973769 1.01524 0.999418 1.01024 0.986256 1.00949 1.02667 0.96653 0.990261 0.99872 0.952846 1.18344 
0.985622 0.967953 0.993231 0.99227 0.989095 0.998739 1.0026 0.996541 1.02945 0.998158 1.03546 1.00838 1.06267 
0.989471 0.958814 0.991134 0.990165 0.995452 0.992272 0.990185 0.982183 0.983567 0.985394 0.953171 1.17057 0.979157 
1.00043 0.959691 0.992313 0.985986 0.989806 0.989996 0.994862 0.969445 0.964327 1.04334 0.949737 1.06594 1.3029 
0.99544 0.967662 0.982473 0.98051 0.98785 0.98828 0.98033 0.963753 0.974631 0.942337 1.00501 1.00045 1.07101 
0.974463 0.975275 0.986212 0.978481 0.96724 0.95652 0.986042 0.956798 0.984405 0.96356 0.963279 1.02595 0.912133 
0.980454 0.961397 0.981223 0.968507 0.963488 0.981511 0.987788 0.964598 0.990078 0.953581 0.936155 1.02786 0.950696 
0.972728 0.970213 0.985721 0.972841 0.979724 0.970415 0.98255 0.991582 0.98107 0.960911 0.948075 0.951304 1.07933 
0.974939 0.974465 0.989926 0.987509 0.987155 0.982467 0.97614 0.951561 0.965567 0.985843 0.936808 1.06475 1.21759 
0.985698 0.976005 1.0006 0.99362 0.994995 0.987943 0.988296 1.00206 0.959727 1.00077 1.02063 0.993527 0.981659 
0.991084 0.98136 1.00503 0.994723 1.00421 1.00474 1.00729 1.011 1.0155 0.960714 1.02177 1.00857 1.29322 
1.02964 0.97133 1.00186 0.991187 0.987809 0.996778 0.989725 1.00045 0.987876 1.00863 1.04516 0.935962 1.0258 
1.01605 0.968536 0.991876 0.988633 0.982589 0.989971 0.988483 0.996074 0.967266 0.991301 0.996585 0.997608 1.05328 
1.01496 0.968881 0.992063 0.977984 0.987712 0.981785 0.973625 0.967404 0.960257 0.954757 1.02035 1.01822 1.06316 
1.01682 0.968305 0.984439 0.974571 0.972449 0.970812 0.973138 0.965733 0.96111 0.96732 0.972908 1.04499 1.13626 
1.01806 0.961113 0.988773 0.971943 0.969857 0.969751 0.950675 0.982145 0.983553 0.993275 1.00116 0.997149 1.24263 
0.971895 0.970089 0.990164 0.971738 0.973495 0.974553 0.954008 0.96305 0.959345 1.00914 0.972634 1.06881 0.950396 
1.01855 0.968926 0.983776 0.977898 0.97428 0.973709 0.958938 0.955588 0.972144 0.968034 0.923538 0.903777 1.27209 
1.00669 0.972434 0.99669 0.976559 0.973988 0.9604 0.961975 0.964377 0.981224 0.943013 0.911346 0.979659 1.14391 
1.00766 0.974182 1.00926 0.995814 0.994138 0.987139 0.973048 0.9495 0.984428 0.993158 0.976504 1.07847 1.3479 
1.01604 0.977708 1.01715 1.00187 0.998204 0.995821 0.985947 0.98234 0.969269 0.995147 0.983895 0.991761 1.04196 
1.01952 0.954297 1.00005 1.00367 1.01245 1.02093 1.01164 1.01342 1.01092 1.00226 1.01521 0.907823 0.888352 
1.01295 0.973287 1.00237 1.00827 0.999875 0.99992 1.03072 1.00123 1.00587 0.988977 1.04615 1.03444 0.85409 
1.00819 0.960585 0.998253 0.987926 0.991624 0.99025 1.00733 0.990832 1.02371 0.977655 1.00919 0.950193 0.949051 
0.999118 0.9622 0.994829 0.979315 0.983786 0.999727 0.986529 0.949781 0.939635 0.980823 0.925965 0.862899 0.932505 
1.00485 0.955382 0.984521 0.975678 0.970886 0.978863 0.972746 0.989174 0.9833 0.982116 0.977851 1.02026 1.05668 
1.03651 0.945332 0.990666 0.967098 0.970326 0.961584 0.972653 0.975587 0.950606 0.978357 0.95565 0.955367 1.02101 
1.01722 0.94633 0.980017 0.973414 0.977655 0.958879 0.984461 0.961731 0.951236 0.923464 0.990938 0.991473 0.970434 
0.998911 0.956697 0.995018 0.980736 0.972573 0.977737 0.960754 0.967029 0.994929 0.922369 1.02914 0.988936 1.01818 
0.99072 0.975825 1.0068 0.995898 0.99285 1.01634 1.00871 0.995744 1.03383 0.978643 1.04321 1.08662 1.00838 
1.00098 0.982773 1.03485 1.0087 1.01672 1.00727 1.02264 0.999981 0.998685 1.02195 1.03586 1.05337 0.858636 
1.05728 0.932432 0.965859 0.977807 0.983327 0.983745 0.986833 0.981177 1.00421 1.00582 1.09605 0.939899 1.08211 
0.926057 0.966595 0.963662 0.969334 0.969558 0.976368 0.976874 0.981095 0.992834 1.006 0.978704 1.02418 1.29458 
0.947903 0.999861 0.959768 0.964339 0.963431 0.968014 0.959319 0.974656 0.983159 0.938242 0.979357 0.994358 1.31423 
1.18917 0.936358 0.954684 0.966349 0.965753 0.956068 0.98495 0.95909 0.955761 0.96441 1.04077 0.979265 1.27489 
1.63804 0.906854 0.962837 0.980932 0.959308 0.956646 0.950687 0.97331 0.925729 0.966341 1.03412 0.908087 1.36956 
1.28367 0.910251 0.959634 0.969544 0.970127 0.950733 0.947358 0.961163 0.937602 0.976938 0.96529 0.993224 0.852738 
1.00125 1.00903 0.962198 0.959248 0.961204 0.964108 0.961521 0.950937 0.976247 0.962786 0.970523 0.979886 1.27953 
0.901663 0.965156 0.960964 0.965639 0.973658 0.963506 0.988457 0.948858 0.945038 0.963647 0.980651 0.951035 1.35109 
1.03152 0.944997 0.95989 0.966903 0.969024 0.959377 0.962986 0.983052 0.966448 0.935992 0.986494 1.04511 0.888585 
1.02097 0.917639 0.951521 0.961801 0.957628 0.965413 0.97432 0.970948 0.986577 0.989715 0.998027 0.994485 1.07617 
1.01169 0.982413 0.996302 1.00771 0.977645 1.00095 0.988316 0.99882 1.03256 1.04495 1.04131 0.972478 1.56372 
1.06164 0.973679 0.967032 0.98206 0.989237 0.983902 0.969885 1.00166 0.98877 0.960565 0.981713 1.09722 1.69485 
1.07406 0.984983 0.969735 0.984164 0.981769 0.989541 0.985837 0.997827 0.948548 0.97722 1.02466 1.11406 2.1401 
0.964034 0.911745 0.958502 0.994713 0.97649 0.96929 0.983655 0.943239 1.00255 0.954374 0.979667 0.944902 1.88938 
1.1593 0.965799 0.965128 0.978451 0.958506 0.971636 0.9754 0.955686 0.920828 0.996117 1.12161 1.1069 0 
1.07253 0.988631 0.975507 0.981498 0.975857 0.970153 0.973342 0.986648 0.955073 0.997931 0.925584 1.0837 0.673122 
0.996729 1.00013 0.9756 0.988304 0.980755 0.964072 0.974704 0.987815 1.02254 0.980078 1.01887 1.02877 1.67729 
0.744799 0.968027 0.967391 0.979813 0.979471 0.988674 0.977191 0.96149 0.997116 0.965752 1.038 0.982508 1.54372 
1.00023 0.98565 0.973972 0.983461 0.973457 0.986754 0.976902 0.964743 1.01217 0.948604 1.03729 0.956334 2.11839 
0.926983 0.91736 0.958568 0.969805 0.967553 0.991695 0.964986 0.985382 0.95657 1.06215 1.01823 0.999533 2.00818 
0.943287 0.988423 0.992104 1.0085 1.0088 1.00539 1.00506 0.997148 0.992823 0.998241 1.00032 0.839455 1.15781 
0.928118 0.981626 0.983689 1.00144 0.989882 0.988689 0.990564 0.967439 0.986122 0.983437 0.973453 0.863332 1.27785 
0.93243 0.978474 0.974637 0.989163 0.989925 0.978402 0.984794 0.96534 0.983961 0.960964 0.951313 0.807467 1.35426 
0.939322 0.970427 0.973576 0.987192 0.980178 0.96913 0.986869 0.971303 0.967129 0.966326 0.95903 0.868406 1.12711 
0.930725 0.97411 0.973176 0.9692 0.974689 0.973375 0.979837 0.969548 0.96354 0.966319 0.991074 0.854609 1.61908 
0.922621 0.974242 0.968795 0.972655 0.977089 0.979513 0.969922 0.969919 0.967703 0.979893 0.982218 0.867497 1.166 
0.916047 0.974179 0.97218 0.978874 0.975243 0.973723 0.974262 0.970685 0.966199 0.982683 0.968263 0.873472 1.25305 
0.914665 0.971321 0.976626 0.982074 0.981911 0.980011 0.976792 0.973741 0.987005 0.964708 0.952518 0.904311 1.5754 
0.931986 0.982391 0.980497 0.988407 0.981767 0.977986 0.977637 0.980618 0.967186 0.973254 0.992197 0.869643 1.26656 
0.956049 1.03215 0.992059 1.00158 1.00233 1.00314 0.992792 0.991618 1.01811 0.994657 1.02124 0.848424 1.13796 
1.05691 0.989596 1.0041 1.00456 0.994855 0.995201 1.00155 1.00326 0.996702 1.00824 1.00503 0.871501 0.90147 
1.03889 0.984771 0.991929 0.991779 0.98534 0.972985 0.99305 0.973198 0.971856 0.956511 0.966644 0.881494 1.50749 
1.03389 0.977543 0.98664 0.984443 0.980638 0.976633 0.980015 0.971807 0.952665 0.970777 0.968061 0.817489 1.51252 
1.04288 0.984437 0.977786 0.977201 0.977208 0.97531 0.97105 0.97738 0.96545 0.980497 0.945813 0.896403 1.16402 
1.04594 1.03189 0.971866 0.977319 0.979894 0.971556 0.983055 0.985831 0.991598 1.0037 0.987506 0.850334 1.40869 
1.01886 0.978299 0.96672 0.983065 0.976751 0.974914 0.965172 0.996365 0.94385 0.949699 0.964091 0.944852 0.8052 
0.93913 0.974154 0.979046 0.978129 0.96933 0.967437 0.961901 0.97611 0.968975 0.973738 0.930119 0.923415 1.14623 
0.939411 0.978907 0.982678 0.976186 0.983027 0.953021 0.969453 1.00171 0.994189 0.96503 0.931022 0.951924 1.64754 
1.00852 0.981196 0.992916 0.987219 0.976863 0.98656 0.962886 0.97225 0.97353 0.961885 0.934387 0.913801 1.09725 
1.05852 0.992999 1.00129 1.00389 0.99921 1.00172 0.98312 1.00319 0.972966 1.00849 0.974959 0.884561 1.20649 
