0.00849994 0.0062632 0.00535441 0.00492051 0.00481831 0.00460948 0.00459089 0.0045966 0.00446639 0.0043778 0.00456016 0.00416416 0.00415427 
0.008489 0.00608393 0.00519576 0.00480156 0.00479843 0.00457637 0.00455741 0.00443165 0.00457159 0.00442999 0.00464909 0.00410604 0.00441157 
0.00809356 0.00589193 0.00514999 0.00477612 0.0047684 0.00458146 0.00458081 0.00451296 0.00447402 0.00444904 0.00466033 0.00417358 0.00418518 
0.00771734 0.00591395 0.00528401 0.00481159 0.00477196 0.00457341 0.00459012 0.00454349 0.00439735 0.00442551 0.00461742 0.00394865 0.00426319 
0.00759887 0.00592727 0.00524504 0.00474424 0.00472055 0.00448675 0.00457937 0.00436017 0.00424569 0.0042869 0.00462372 0.00386561 0.00419041 
0.00755737 0.00575006 0.005098 0.00469372 0.00474989 0.00459308 0.00456589 0.0045145 0.00442239 0.0046235 0.00491231 0.00382416 0.0037128 
0.00779218 0.00571557 0.00498369 0.00467209 0.00465782 0.0045692 0.00455245 0.00450249 0.00440588 0.00447893 0.004796 0.00358003 0.00508087 
0.00800863 0.00568468 0.0050522 0.00461682 0.00468547 0.00455245 0.00456105 0.0044523 0.00442799 0.00446483 0.00459549 0.00355912 0.00390043 
0.00852476 0.00577492 0.00493392 0.00462624 0.00466764 0.0045455 0.00455593 0.00450119 0.00445734 0.00444825 0.00460416 0.00383286 0.00380181 
0.00926102 0.0058274 0.00494104 0.0045665 0.00456185 0.0044625 0.00443644 0.00440625 0.00435592 0.00434633 0.00439449 0.00405493 0.00376578 
0.00890301 0.00659142 0.00539536 0.0048461 0.00476125 0.00453895 0.00452574 0.00460229 0.00433005 0.00434695 0.00464341 0.00414367 0.00430644 
0.00819436 0.0064922 0.00533246 0.00480034 0.00472204 0.00450347 0.00451703 0.00457558 0.00437047 0.00446467 0.00470928 0.00425134 0.00366647 
0.00816856 0.00646775 0.00547236 0.00486425 0.00473541 0.00450989 0.00459547 0.00457867 0.00438331 0.00455161 0.00493075 0.00416474 0.00406118 
0.00771674 0.00643795 0.00541608 0.00479896 0.00477069 0.00451385 0.00464341 0.00450539 0.00439768 0.00453071 0.00472513 0.00422173 0.00323372 
0.00756176 0.00653415 0.00543974 0.00483379 0.004736 0.00446883 0.00467127 0.00449532 0.00446791 0.0045043 0.00499693 0.00420928 0.00463217 
0.00756386 0.00639154 0.00525632 0.0047779 0.00466905 0.0044054 0.00455318 0.00446725 0.00441208 0.0044787 0.00481498 0.0041584 0.00575878 
0.00776463 0.00633672 0.00525742 0.00459921 0.00465296 0.00483445 0.00445564 0.00453349 0.00428025 0.00447267 0.00463185 0.00406983 0.0028192 
0.00795727 0.00631842 0.005236 0.00458513 0.00463537 0.00449411 0.00448815 0.00445113 0.00432855 0.00437836 0.00464449 0.00425406 0.00419856 
0.0079295 0.00630822 0.00532372 0.00468588 0.00468971 0.00442777 0.00445018 0.00436697 0.00421818 0.004295 0.00456606 0.00409582 0.00366779 
0.00900281 0.00634338 0.00529396 0.00469461 0.004721 0.00445003 0.00446381 0.0043467 0.00419305 0.0042685 0.00443809 0.00396581 0.00444003 
0.00835723 0.00571537 0.00490474 0.00466896 0.00477591 0.00459984 0.00454736 0.00459759 0.00442689 0.00444322 0.00457946 0.004242 0.00417518 
0.00787568 0.00560809 0.00491082 0.00481368 0.00489917 0.00473604 0.0047683 0.00472017 0.004595 0.00456769 0.00482059 0.00442879 0.0043861 
0.0077924 0.00554146 0.0049329 0.00475277 0.00492335 0.00478529 0.00474221 0.00463914 0.00462766 0.00452896 0.00483111 0.00426249 0.00426683 
0.00785429 0.00554308 0.00499456 0.00485657 0.00493684 0.00476634 0.00474734 0.00454982 0.00460515 0.00447376 0.00475686 0.00417641 0.00463056 
0.00760427 0.00561983 0.00504371 0.0048778 0.00502149 0.00477042 0.00479831 0.00468653 0.00468685 0.00464258 0.00484186 0.00444335 0.00465577 
0.00756498 0.00562127 0.00500791 0.00506325 0.00499736 0.00471591 0.004748 0.00462735 0.00467433 0.0048869 0.00493036 0.00418039 0.00501766 
0.00775208 0.00561353 0.0050457 0.00493628 0.00509014 0.00477131 0.00475485 0.00464672 0.00472402 0.00467196 0.00493304 0.00405714 0.00481864 
0.00781623 0.00557548 0.00496058 0.0048554 0.00489134 0.00471048 0.00461881 0.00458609 0.00464387 0.00455179 0.00476905 0.00403083 0.00495612 
0.00796326 0.00569015 0.00492216 0.00474547 0.00482031 0.00467789 0.0046038 0.0044963 0.00451346 0.00447793 0.00459693 0.00415428 0.00391924 
0.00833425 0.00573475 0.00487893 0.00469677 0.0047228 0.00460848 0.00450229 0.00441646 0.00447718 0.00445659 0.00449759 0.00414997 0.00402855 
0.00783743 0.00580966 0.00463901 0.00433506 0.00432474 0.00423722 0.00415433 0.00411903 0.00409781 0.00412976 0.00423501 0.00402779 0.00420447 
0.00787697 0.00568536 0.00466956 0.00442711 0.00431747 0.00425161 0.00414544 0.00422696 0.00411576 0.00410014 0.00425746 0.00399595 0.00417099 
0.0077434 0.00560638 0.00459073 0.00427739 0.0043125 0.00424579 0.00415393 0.00415132 0.00402425 0.00418809 0.00443944 0.00385105 0.00454485 
0.00743071 0.00559021 0.00454893 0.0042432 0.00434268 0.00422768 0.00413185 0.00412271 0.00401335 0.0040671 0.0042221 0.00396158 0.00440367 
0.00795696 0.00568525 0.00456995 0.00428035 0.00432514 0.00419888 0.0041496 0.00403122 0.00406252 0.00408204 0.0041685 0.00373207 0.00524065 
0.00805352 0.00557797 0.00462797 0.00431887 0.00444609 0.0042465 0.00428718 0.00420176 0.00408101 0.00400024 0.00438444 0.00373342 0.00367195 
0.0082278 0.00551091 0.00455367 0.00433299 0.0044735 0.00427182 0.00425619 0.00411049 0.00411495 0.0040789 0.00433948 0.00378316 0.00433113 
0.00801256 0.00550841 0.00455136 0.0043146 0.00443238 0.00423139 0.00419532 0.00409478 0.00404604 0.00411908 0.00437865 0.00383782 0.00427779 
0.00810772 0.00557158 0.00453287 0.00428679 0.00437804 0.00425137 0.00415434 0.00410217 0.00411679 0.00416178 0.00436849 0.00390553 0.00436284 
0.00813069 0.00571121 0.00452812 0.00422018 0.00427316 0.00419621 0.00415367 0.00411397 0.00406471 0.00400685 0.004258 0.00392492 0.00392666 
0.00825561 0.00565504 0.004776 0.00441607 0.00404362 0.00388189 0.00394598 0.00391334 0.00377575 0.00382359 0.00381329 0.00353998 0.0039072 
0.00794395 0.00548526 0.00470966 0.00446997 0.00414635 0.00391029 0.00387616 0.0038506 0.00378042 0.00379805 0.00394755 0.00358001 0.00362794 
0.00722799 0.00567615 0.00480843 0.00446585 0.0042044 0.00398161 0.00389522 0.00385745 0.00381025 0.0038116 0.00386604 0.00364264 0.00341178 
0.00681228 0.00569244 0.00484921 0.00443176 0.00422087 0.00397081 0.0038643 0.00383217 0.00379813 0.0038124 0.00373588 0.00362553 0.00335541 
0.00684164 0.00542082 0.00493364 0.00429949 0.00417538 0.00401891 0.00387039 0.00378909 0.00382108 0.00384529 0.00377451 0.00365631 0.00256623 
0.00678789 0.00570066 0.00488274 0.00449465 0.00407994 0.00395564 0.00384511 0.00382392 0.00379915 0.00376907 0.00373413 0.00376771 0.00331173 
0.0069 0.00567349 0.00480034 0.0044124 0.00418414 0.00389609 0.00380959 0.00378855 0.00375418 0.00378721 0.00378693 0.00363298 0.00388369 
0.00729487 0.00574287 0.00485389 0.00436294 0.00412731 0.00390628 0.00381258 0.00384758 0.00380114 0.0039086 0.00391248 0.003618 0.00378315 
0.00772656 0.00593621 0.00466175 0.00432473 0.00409304 0.00383258 0.00380598 0.00378916 0.00371272 0.00388953 0.00388832 0.00361557 0.00407608 
0.0094617 0.00614476 0.00469819 0.00426335 0.0040269 0.00377547 0.003718 0.00373129 0.00362089 0.00369708 0.00378168 0.00367324 0.00387344 
0.00872791 0.00562265 0.00428694 0.00392243 0.00388497 0.0037491 0.00369068 0.00361497 0.00363236 0.00360574 0.00359083 0.00356605 0.00372084 
0.00813979 0.00513347 0.00458306 0.00392674 0.00403547 0.00379435 0.00365433 0.00363118 0.0035838 0.00375561 0.00382974 0.0036321 0.00392967 
0.00747389 0.00556705 0.00421443 0.00386373 0.00403406 0.00370483 0.00364271 0.00364513 0.00358451 0.00370278 0.00375546 0.00352592 0.00367283 
0.00702117 0.00558655 0.00422777 0.00384682 0.0039506 0.00368244 0.00357098 0.00352729 0.00356094 0.0035808 0.00359789 0.00356995 0.00361426 
0.0069801 0.00566493 0.0042928 0.00388393 0.00384926 0.00369974 0.00360849 0.00352625 0.00355791 0.00352235 0.00373052 0.00362053 0.00262097 
0.00705441 0.00559372 0.00422698 0.00383017 0.00397172 0.00360532 0.00357756 0.00349321 0.00356927 0.00361974 0.00371343 0.00348533 0.00332517 
0.00707018 0.00550429 0.00449199 0.00404582 0.00391587 0.00363574 0.00354436 0.00349971 0.00353346 0.00351495 0.00364912 0.00363332 0.0028678 
0.00726133 0.00550258 0.00446889 0.00404816 0.00391969 0.00367163 0.00357598 0.0035489 0.00358077 0.00365917 0.00367948 0.00343437 0.00320298 
0.00768781 0.00558518 0.00413811 0.00398701 0.00388493 0.0036914 0.00365445 0.0035991 0.00358275 0.00366173 0.00372044 0.00373621 0.00394044 
0.00887562 0.00575807 0.00418892 0.00377117 0.00389456 0.00367528 0.00356551 0.00359208 0.00346909 0.00363494 0.00378935 0.00358071 0.00357696 
0.0080478 0.00583204 0.00486182 0.00449231 0.00440964 0.00434522 0.00420786 0.00416034 0.00421141 0.00418211 0.00409135 0.00391569 0.00386306 
0.00791683 0.00564841 0.00478921 0.0044976 0.00442375 0.00434849 0.00427188 0.00416192 0.00431216 0.00421335 0.00431271 0.00386856 0.00408443 
0.00762674 0.00554255 0.00485273 0.00454349 0.00448076 0.00432254 0.00433616 0.00432038 0.00434691 0.00431998 0.00441604 0.00388511 0.00306943 
0.00793142 0.00551824 0.00486077 0.00456503 0.00451564 0.00435428 0.00427784 0.00428453 0.00433791 0.00429814 0.0044472 0.00404981 0.00334683 
0.00772081 0.00557887 0.0048757 0.00447522 0.00447511 0.00436835 0.00424741 0.00428118 0.00435325 0.00431277 0.00443286 0.00395839 0.00440398 
0.00764737 0.00547948 0.00486833 0.00466167 0.00466625 0.00455234 0.00438228 0.00438923 0.00446033 0.00444954 0.0045592 0.00424792 0.00347004 
0.00792721 0.00550264 0.00489292 0.00464452 0.0045947 0.00446477 0.00428869 0.00429698 0.00437097 0.00434325 0.00452641 0.00406378 0.00352642 
0.00761044 0.00548889 0.00480836 0.00459801 0.00461638 0.00446212 0.00437073 0.00435098 0.00442536 0.0043959 0.00457417 0.00404494 0.00394067 
0.00730383 0.00560446 0.00480838 0.00466422 0.00467968 0.00451242 0.00444736 0.004384 0.00440414 0.00445876 0.00462046 0.00412039 0.00381304 
0.00941342 0.00578224 0.00493533 0.00464648 0.00468453 0.00452369 0.00446572 0.00436354 0.00445332 0.00439034 0.00447008 0.00416897 0.00428086 
0.00917815 0.00585947 0.00474457 0.00437878 0.00440565 0.0043366 0.00436473 0.00436248 0.00437748 0.00435626 0.00446931 0.005 0.00356612 
0.00795803 0.00574086 0.00479413 0.00445691 0.00447027 0.00443128 0.00445326 0.00442581 0.00445117 0.0044457 0.00460263 0.005 0.00367823 
0.0078094 0.00563554 0.0047729 0.00450281 0.00458771 0.00448463 0.00454633 0.004469 0.00451737 0.00465769 0.00499005 0.00389206 0.00381782 
0.00805438 0.00566574 0.00484434 0.00459257 0.00467889 0.00458918 0.00454724 0.00449828 0.00452221 0.00468352 0.00479827 0.00332388 0.00296078 
0.00776652 0.00567496 0.00491207 0.00474031 0.00477461 0.00466502 0.00463946 0.00460945 0.00450875 0.00458463 0.00479989 0.005 0.00348818 
0.00773553 0.00555038 0.00496515 0.00467284 0.00474906 0.00470584 0.00465777 0.00457719 0.00460762 0.00468635 0.00481134 0.00397528 0.00462733 
0.0072716 0.00540434 0.00486045 0.00460586 0.00468357 0.00456866 0.00456417 0.00448621 0.00451564 0.00451736 0.00466247 0.00403601 0.00420644 
0.007732 0.00549254 0.00480396 0.00461127 0.00476651 0.00454311 0.00455733 0.00448326 0.00447207 0.00447971 0.00457959 0.00421643 0.00416488 
0.00767106 0.00559262 0.00505991 0.00464736 0.00474266 0.00456701 0.00454881 0.00445655 0.00442495 0.00442222 0.00446994 0.00421283 0.00387831 
0.00898035 0.00570119 0.00482517 0.00458335 0.00464677 0.00457298 0.00452296 0.0044279 0.00436403 0.00441767 0.0043754 0.00391319 0.0040974 
0.00814166 0.00636644 0.00518313 0.00473585 0.00475389 0.00457925 0.00451014 0.00442374 0.00451088 0.00449049 0.00449894 0.00416541 0.00446257 
0.00802506 0.00640965 0.0052305 0.00475858 0.00477826 0.00461886 0.00450114 0.00448377 0.00445678 0.00449285 0.00454279 0.00412875 0.00395992 
0.00797359 0.00626154 0.00519386 0.00469209 0.00468406 0.00458617 0.00448389 0.00442751 0.00451372 0.00443996 0.00454252 0.00403977 0.00387851 
0.00775876 0.0061572 0.00507059 0.00468758 0.0046503 0.00459286 0.00446216 0.00444074 0.00451216 0.00454128 0.00468827 0.00430229 0.00387578 
0.00763437 0.00633825 0.00519616 0.00469767 0.00472029 0.00455258 0.00448832 0.00439079 0.00444514 0.00448086 0.00455917 0.0039092 0.00370264 
0.00768399 0.00626125 0.00513819 0.00470205 0.00466721 0.00450314 0.00443514 0.00435666 0.00443774 0.00441494 0.00453266 0.0038402 0.00305726 
0.00758892 0.00613784 0.00507673 0.00467776 0.00467902 0.00453018 0.00449328 0.0044081 0.00444956 0.0043798 0.00446656 0.00362587 0.00335426 
0.0080738 0.0060727 0.00501479 0.00470252 0.00467812 0.00454179 0.00449796 0.00441194 0.00439867 0.00435068 0.00450701 0.00372757 0.0039111 
0.00792534 0.0060533 0.00496902 0.00473836 0.00466184 0.00454341 0.00448864 0.00436945 0.00441415 0.00438069 0.00439894 0.00365254 0.00342549 
0.00779773 0.00601153 0.00490015 0.0046712 0.00463963 0.00454204 0.00446899 0.00437472 0.00437667 0.00429445 0.00437388 0.00366688 0.00388693 
0.00969728 0.00657385 0.00558806 0.00501941 0.00492168 0.00492884 0.00475261 0.00483771 0.0048097 0.00472175 0.00475185 0.00441037 0.00447692 
0.00888716 0.00645495 0.00566553 0.00499157 0.00488919 0.00487434 0.00467597 0.00469249 0.00470715 0.00474431 0.00475022 0.00436419 0.00423373 
0.0083477 0.00646249 0.0056737 0.00500434 0.00487992 0.00478175 0.00461348 0.00466673 0.00465382 0.00458513 0.00469916 0.00438342 0.00335857 
0.0080803 0.00643405 0.00563862 0.00495119 0.00501376 0.0049382 0.00481423 0.00488575 0.00489829 0.0047559 0.00480235 0.00439087 0.00361362 
0.00821017 0.00641354 0.00561677 0.00500749 0.00502641 0.00499326 0.00487477 0.00494766 0.00506905 0.00489677 0.00495434 0.0043289 0.00215682 
0.00811252 0.00643571 0.00564462 0.00520652 0.0051233 0.00492154 0.00482224 0.00486725 0.00488642 0.00490817 0.00500874 0.00432015 0.0033836 
0.00795735 0.00635506 0.00554267 0.00507882 0.00504296 0.00486477 0.00477128 0.00481134 0.00481249 0.00475767 0.00478644 0.00424873 0.0034337 
0.00807227 0.00624948 0.00547056 0.0050191 0.00494064 0.00483148 0.00480346 0.00474088 0.00464138 0.00479902 0.00475572 0.00435022 0.00401676 
0.00846439 0.00625365 0.00527923 0.00491096 0.00488724 0.0048273 0.00478916 0.00471173 0.00472581 0.00461606 0.00459282 0.0044043 0.00470058 
0.0094782 0.00635951 0.0052759 0.0048897 0.00481342 0.00468645 0.00451399 0.00453988 0.00451726 0.00444345 0.00444978 0.00415596 0.00395892 
0.0100043 0.00608314 0.00511079 0.00466099 0.00460632 0.00443408 0.00440391 0.00429776 0.00419981 0.00426542 0.00433248 0.00390383 0.00383024 
0.0083285 0.00600286 0.00501972 0.00463805 0.00460791 0.00445005 0.00443335 0.00427548 0.00418099 0.00428808 0.00442218 0.00416881 0.00391273 
0.00828038 0.00606912 0.00508801 0.00462882 0.0045934 0.0044347 0.00440311 0.00418833 0.00417329 0.0043074 0.00431264 0.00392534 0.00406672 
0.00782817 0.00611368 0.00511321 0.00468836 0.00463488 0.0044758 0.00444029 0.00427755 0.00424312 0.00427299 0.00441826 0.00381363 0.00345456 
0.00774866 0.00611611 0.00512389 0.00463986 0.00465302 0.00452296 0.00450345 0.00428293 0.00423669 0.00434394 0.004649 0.003835 0.00425396 
0.0076452 0.00615978 0.00516242 0.0047275 0.00464928 0.00451779 0.00444901 0.00437853 0.00425768 0.00430257 0.00455573 0.00404628 0.00373413 
0.00768441 0.00601316 0.00504859 0.00458488 0.00464096 0.00451449 0.0045889 0.0044553 0.00436249 0.00433047 0.00443939 0.00406437 0.00446293 
0.00785086 0.00596967 0.00510513 0.00463727 0.0046462 0.00451937 0.00449698 0.00434349 0.00428231 0.00434217 0.0045574 0.00413683 0.00357978 
0.00767557 0.00601803 0.00507437 0.00465774 0.0046936 0.00455066 0.00448939 0.00431842 0.00422375 0.0042568 0.00433931 0.00409354 0.00407016 
0.00845293 0.00600765 0.00504297 0.00468948 0.0046739 0.00454401 0.0044707 0.00425595 0.00429845 0.00421499 0.00435005 0.00395543 0.00412561 
0.00910982 0.00623982 0.00527442 0.00510062 0.0048488 0.00469799 0.00469069 0.00461552 0.00460106 0.00443324 0.00437814 0.00405307 0.0040985 
0.0080051 0.0061783 0.00541416 0.00515213 0.00487752 0.00472153 0.00475962 0.00466514 0.00457152 0.00448982 0.0044781 0.00402675 0.0040862 
0.00768444 0.00613182 0.005377 0.00511982 0.00483289 0.00472791 0.00471455 0.00469153 0.00452617 0.0043803 0.00436223 0.00385918 0.0038248 
0.0078618 0.00630024 0.00536377 0.00496307 0.00478926 0.0045893 0.00453208 0.00437592 0.00426216 0.00426881 0.00437536 0.00371837 0.00353098 
0.00740964 0.00630516 0.00549509 0.00508556 0.00483297 0.0047005 0.00465423 0.00434968 0.00437527 0.00422697 0.00424923 0.00360444 0.00355312 
0.00740283 0.00618829 0.00536935 0.00518537 0.00494752 0.00489083 0.00470895 0.00456872 0.00439943 0.00417945 0.00429554 0.00348416 0.00289865 
0.00738697 0.00603337 0.0053512 0.0052276 0.00499355 0.00489008 0.00472396 0.0045022 0.0044169 0.00415356 0.00445418 0.00383765 0.00418848 
0.0076195 0.00592506 0.00529131 0.00520695 0.00497233 0.00483827 0.00471574 0.00462136 0.00457009 0.00431767 0.0043248 0.00384048 0.00396149 
0.00763222 0.00584782 0.00514496 0.00508233 0.00493626 0.00488054 0.00474977 0.00465856 0.00455626 0.00446111 0.00440846 0.00407897 0.00402545 
0.00944294 0.0058949 0.0051632 0.00504662 0.00488588 0.00485515 0.00475134 0.00472841 0.00454298 0.00443752 0.00446715 0.00417401 0.00423954 
0.00947541 0.00543515 0.00427692 0.00385475 0.00379587 0.00370292 0.00360078 0.00358446 0.00359887 0.0035566 0.0035492 0.00348221 0.00395769 
0.00839367 0.00526725 0.00428072 0.00405662 0.00390929 0.00372724 0.00367815 0.00365618 0.00366217 0.00367372 0.0036921 0.00337832 0.00382826 
0.00765473 0.00605999 0.00464746 0.0041406 0.00397087 0.00382571 0.00364524 0.00362893 0.00360285 0.00367185 0.00378789 0.00343042 0.00361151 
0.00727285 0.00582147 0.00469633 0.00421764 0.00401113 0.00372728 0.00366566 0.00363456 0.00369684 0.00368216 0.00381245 0.00358926 0.00321794 
0.00689461 0.00524547 0.00431833 0.0038553 0.0038082 0.00369587 0.00362131 0.00355326 0.00360489 0.00378883 0.00388751 0.00360965 0.00325839 
0.00685311 0.00526505 0.00426955 0.00381209 0.00377077 0.00365916 0.0035899 0.00361683 0.00355399 0.00368237 0.00378096 0.00365815 0.00385368 
0.00716414 0.0052915 0.00417513 0.0037614 0.00380624 0.00362838 0.00363286 0.00357238 0.00352163 0.00368015 0.00372685 0.00338741 0.00284535 
0.00747113 0.0050872 0.00415889 0.00392534 0.00376806 0.00367591 0.00359203 0.00357091 0.00361523 0.00363724 0.00370336 0.00340132 0.00320802 
0.00954637 0.00518469 0.00416448 0.00397738 0.00382511 0.00374611 0.00364105 0.00361244 0.00377687 0.00370926 0.0037763 0.00341728 0.0034257 
0.00954188 0.00532503 0.00442315 0.00401682 0.00376652 0.00361406 0.00355288 0.00355214 0.00353838 0.00357665 0.00373398 0.00354558 0.00408107 
0.0100846 0.00604082 0.00410574 0.00379324 0.00399163 0.00369671 0.00360736 0.00358314 0.00345447 0.00353125 0.0035705 0.00358254 0.0040334 
0.00878942 0.00588289 0.00408646 0.00377854 0.0038733 0.00375208 0.0036625 0.00355963 0.00349339 0.00359391 0.00371763 0.00363496 0.00414151 
0.00716924 0.00571904 0.00412883 0.00378423 0.00381583 0.00366014 0.00358543 0.00353318 0.00352929 0.00358655 0.00375977 0.00352455 0.00394035 
0.00672831 0.00575791 0.00418197 0.00390782 0.00390948 0.00368733 0.00359035 0.00350845 0.00343357 0.00348229 0.00357409 0.00353229 0.00377739 
0.00652003 0.00486117 0.0042207 0.00385 0.00391935 0.00365691 0.00344678 0.00341402 0.00335514 0.00339076 0.00351455 0.00335691 0.0032862 
0.00661618 0.00492278 0.00436944 0.00410841 0.00396681 0.00380321 0.0036956 0.00363786 0.00340272 0.00357665 0.00354714 0.00341217 0.00352933 
0.00667241 0.00574736 0.00431269 0.00406068 0.00391978 0.00376645 0.00366783 0.00359673 0.00351703 0.00354094 0.00363379 0.0032953 0.00286819 
0.0071319 0.00563082 0.00426485 0.0040819 0.00389736 0.00371314 0.00367885 0.00358465 0.00344667 0.00348671 0.00362369 0.00337431 0.0032384 
0.00783362 0.00532322 0.00424603 0.00396987 0.00391918 0.003802 0.00370246 0.00363853 0.0036475 0.00357209 0.00361999 0.00333412 0.00399973 
0.00860777 0.00590792 0.00419376 0.003921 0.0038911 0.00373949 0.00367271 0.00356267 0.00353119 0.00363076 0.00352328 0.00360126 0.00393353 
0.00781393 0.00599515 0.00494038 0.0046318 0.00457638 0.00446875 0.00440974 0.00436854 0.00434629 0.00433359 0.00431236 0.00378761 0.00392158 
0.007883 0.00590422 0.00491119 0.0045919 0.00455903 0.00445763 0.00444884 0.00442385 0.00440615 0.00443999 0.00454875 0.00388488 0.00429913 
0.00783711 0.00580988 0.00488894 0.00452052 0.00457353 0.00448996 0.00441788 0.00443301 0.0044455 0.00448613 0.00459496 0.00391953 0.00414584 
0.00755951 0.00582137 0.00492074 0.00457309 0.00459629 0.00450469 0.00444336 0.00443578 0.00442644 0.00450075 0.004565 0.00387066 0.00315487 
0.00742823 0.00586066 0.00496815 0.00457649 0.00459446 0.00448106 0.00445091 0.00444781 0.00449875 0.00454425 0.00471365 0.00398469 0.00435433 
0.00791754 0.00581207 0.00485155 0.00455759 0.00461026 0.00456962 0.00444971 0.00451887 0.00451165 0.00463035 0.0047777 0.00415318 0.00399695 
0.0072846 0.00580825 0.00485181 0.00452511 0.00454777 0.0044329 0.00441481 0.00444597 0.00444629 0.00447105 0.00465825 0.00403439 0.00310491 
0.00790653 0.00578796 0.00483389 0.00452202 0.00451871 0.00445132 0.00437741 0.00440763 0.00443317 0.00446461 0.00466739 0.0038279 0.00330838 
0.00817721 0.0058929 0.00486822 0.00457476 0.00455343 0.00447279 0.00442944 0.00447255 0.00443981 0.00443737 0.00456977 0.00402945 0.00403197 
0.00798735 0.00571031 0.00488309 0.00458476 0.00455042 0.00448116 0.00440643 0.00438017 0.00445556 0.00440304 0.00443474 0.00411696 0.00393616 
0.00806541 0.00614553 0.00505259 0.00471345 0.00464335 0.00455119 0.00447401 0.00444445 0.00441714 0.00444027 0.00448262 0.00355566 0.00392152 
0.00800615 0.00611675 0.00500278 0.00469863 0.00458369 0.00448344 0.00441651 0.00442653 0.0044036 0.00453711 0.00465797 0.00373449 0.00421023 
0.00788015 0.00607521 0.00499232 0.00461988 0.00455022 0.00447138 0.0044156 0.00439736 0.00431017 0.00438162 0.00464394 0.00386453 0.00507813 
0.00793189 0.00609612 0.0050017 0.00458451 0.00455929 0.00442715 0.00434797 0.00437697 0.00430581 0.00438652 0.00455537 0.0034448 0.00198421 
0.00765869 0.00610483 0.00501292 0.00461702 0.00458862 0.00448776 0.00447456 0.00444116 0.00439168 0.00449056 0.00464543 0.00377896 0.00414392 
0.00763848 0.0061904 0.0049714 0.0044974 0.00455025 0.00442594 0.00438582 0.00444057 0.00439535 0.00434158 0.00462013 0.00375546 0.00357142 
0.00769446 0.00614876 0.0049197 0.00447287 0.00449959 0.00436397 0.00433529 0.00426855 0.0043156 0.00431067 0.00439639 0.00382614 0.00332409 
0.00803216 0.00606976 0.00489364 0.00448838 0.00447925 0.00435523 0.00427768 0.00428201 0.00428613 0.00428289 0.00448079 0.00386637 0.00362137 
0.00816442 0.00611205 0.00491475 0.0045326 0.00448624 0.00436984 0.00430192 0.00425968 0.00426113 0.00430615 0.00444163 0.00395518 0.00380332 
0.00804813 0.00612137 0.00497448 0.00457196 0.00453668 0.00443116 0.00436545 0.00428822 0.00425952 0.00441258 0.00434563 0.00405736 0.00358577 
