-0.236834 -0.0990218 -0.0841049 -0.0753301 -0.0431889 -0.0740983 -0.076481 0.0366428 -0.0858896 -0.107834 -0.039361 0.0149807 -0.121016 
-0.105337 -0.0782212 -0.091375 -0.0790816 -0.0642069 -0.0757064 -0.0850226 -0.0318639 -0.0907433 -0.0906118 -0.089401 -0.0725866 -0.380484 
-0.0237195 -0.0465236 -0.0623248 -0.0472904 -0.0484401 -0.0319476 -0.0434878 -0.0132893 -0.0170822 -0.0107543 0.0150582 -0.0457065 -0.16609 
-0.00731223 -0.0379421 -0.0382899 -0.0302348 -0.0255982 -0.0176556 -0.015862 0.00491947 0.0191321 0.0168818 0.0192689 -0.00846931 -0.317202 
0.00979955 -0.00821813 -0.019204 -0.00789852 -0.0138995 0.0066501 0.0121123 0.000211564 0.0256834 0.0317938 -0.0425109 0.0462864 -0.184977 
-0.0666123 -0.0400004 -0.0432199 -0.0539595 -0.0591575 -0.0527379 -0.0205271 -0.0371346 -0.0678523 -0.0541341 -0.0650031 -0.0941234 -0.626255 
-0.0349189 -0.0125668 -0.0122497 -0.0182432 -0.0248701 -0.0342106 -0.0163122 0.0280091 -0.0221082 -0.0196859 -0.0415655 0.0143719 -0.666416 
-0.0191476 0.00093362 0.0217858 0.00251977 -0.019867 -0.00456046 -0.00122341 0.00781858 0.0138727 -0.0275035 0.0329768 0.054492 -0.189819 
0.0462298 0.0403099 0.0472315 0.0399949 0.0168235 0.0352561 0.059078 0.0370639 0.0360649 0.0626426 0.0599708 -0.0700249 -0.246932 
0.183842 0.0719605 0.0452573 0.0289351 -0.0156056 0.00794072 0.0403266 -0.00270396 0.04672 0.0577184 0.0594926 -0.0682712 -0.197009 
-0.210809 -0.0892796 -0.0865657 -0.0921174 -0.0320877 -0.0484749 -0.0707711 -0.0179379 -0.0283713 -0.121219 -0.0100544 -0.0375147 -0.46361 
-0.0951395 -0.054492 -0.0703676 -0.0712533 -0.0463645 -0.0346777 -0.0650554 -0.0498531 5.52252e-05 -0.0620462 -0.0568761 -0.113736 -0.288633 
-0.032239 -0.0275515 -0.0448475 -0.0468222 -0.0191472 -0.015 -0.00271625 -0.0433544 0.0142015 -0.032522 -0.0128643 -0.0109478 -0.0544493 
-0.0194087 -0.0179802 -0.0277931 -0.0379007 -0.010567 -0.00473068 -0.0166769 -0.0473568 0.0314063 0.0016807 0.0110252 -0.0296513 -0.0653063 
0.0203602 0.0124525 0.0195015 0.00339236 0.00504067 0.0168336 0.0190543 0.0262999 0.0655008 -0.00870178 0.0656974 0.0173325 -0.366038 
-0.0443318 -0.0318026 -0.032585 -0.0266469 -0.0509996 -0.0246863 -0.017099 -0.0647375 -0.0191115 -0.0831622 -0.0897366 -0.108243 -0.343251 
-0.009514 0.00403058 0.00918578 0.00793468 -0.0159405 -0.00952892 -0.0178007 -0.0519594 0.0285818 -0.0996354 -0.0382242 0.0440329 -0.675831 
0.00847653 0.0127647 0.0305758 0.0289838 -0.00219835 -0.00297009 -0.00470018 -0.0253536 -0.0137712 -0.0323074 -0.0174119 -0.00912777 -0.177048 
0.0790567 0.0365679 0.0488583 0.0529339 0.0352903 0.042142 0.0429234 0.0408283 0.0617314 0.0408093 0.0308008 0.0235529 -0.423519 
0.185911 0.0491621 0.0484569 0.0535444 0.00413688 0.0115142 0.00788269 -0.0307983 0.0171929 0.0233904 0.0981786 -0.026781 -0.0496753 
-0.196951 -0.0919864 -0.0803651 -0.0571515 -0.0306874 0.0533788 0.0523431 0.005081 -0.0341801 -0.13575 -0.170755 -0.0558282 -0.0723182 
-0.0762096 -0.036228 -0.0559277 -0.0500098 -0.0109759 -0.0227468 -0.0271764 -0.020405 -0.0636473 -0.0918651 -0.0470595 -0.0367403 0.149377 
0.0074121 -0.00485183 -0.0102631 -0.00259325 0.00267115 -0.0234366 -0.0057503 -0.015499 0.0237585 -0.12211 -0.0146828 -0.0856379 -0.289815 
0.0247967 0.0213645 0.00467205 0.0196073 0.0302955 -0.0307302 -0.0146149 0.011897 0.0221094 -0.138339 0.00527961 -0.0299282 -0.519527 
0.0328379 0.0309446 0.0316319 0.0254764 0.0376026 -0.0294127 -0.0192513 0.0131645 0.0497783 -0.137962 0.0320136 0.0508833 0.0268394 
-0.0351858 0.00182856 -0.00584124 -0.0226369 -0.04222 -0.0659759 -0.0374822 -0.0852974 -0.0634049 -0.204001 -0.0185825 -0.0485032 -0.575413 
-0.00315848 -0.000770078 0.0104952 -0.00081849 -0.013224 -0.0444769 -0.052374 -0.0444786 -0.0535451 -0.210921 -0.00342837 0.0841159 -0.38227 
0.00552024 0.0240551 0.0409715 0.0202162 0.0068089 -0.0329318 -0.0218956 -0.0144457 -0.0217521 -0.17884 -0.0372468 0.101137 -0.0678703 
0.105164 0.0806488 0.0894164 0.074393 0.0457853 -0.0425851 -0.050495 -0.00310776 0.0323653 -0.127734 0.0752387 -0.0140096 -0.514491 
0.257394 0.124656 0.10322 0.0836149 0.0705213 -0.12763 -0.0715434 -0.0377465 -0.0170262 -0.189223 0.14041 -0.0405063 0.208513 
-0.102716 -0.0798478 -0.105981 -0.114799 -0.120967 -0.114954 -0.13841 -0.117119 -0.105798 -0.127899 -0.0730549 -0.00329153 0.181115 
0.0151873 -0.0131378 -0.0655131 -0.056476 -0.0799432 -0.0626801 -0.0663399 -0.0749326 -0.0963267 -0.0655695 0.018577 -0.0395182 0.120645 
0.0739732 0.0200993 -0.00571635 -0.0189311 -0.0120898 -0.0206181 -0.0203399 -0.00508795 -0.026597 -0.0378692 0.135064 0.0042257 -0.0247862 
0.0726491 0.0394979 0.0214008 0.0105428 0.00969424 -0.0117604 -0.000359917 -0.0150451 0.0129946 0.0202113 0.126833 0.0473449 -0.0270254 
0.0962455 0.056856 0.0546823 0.0498108 0.0408483 0.0386386 0.0320073 0.0144963 0.0142225 0.0435489 0.19689 0.000282165 -0.375429 
-0.0144383 0.0284258 0.0210146 0.00777156 -0.0142349 0.00221387 -0.0529756 -0.0314586 -0.0670343 0.00212391 0.0993773 0.0712517 -0.188717 
0.0120867 0.0574396 0.0736506 0.0537767 0.0491506 0.0506413 0.0350128 0.0113808 0.0158244 0.0095165 0.145086 0.0841437 0.0466002 
0.028986 0.0859055 0.109568 0.0929436 0.0797516 0.0791855 0.0723034 0.0238891 0.0644965 0.00698635 0.117937 0.0996533 -0.0618779 
0.104682 0.133013 0.154365 0.150692 0.13428 0.120347 0.116695 0.0679247 0.123165 0.0968731 0.0520784 0.0388672 -0.308403 
0.182394 0.154325 0.171924 0.167934 0.156955 0.129612 0.146344 0.132439 0.159687 0.13816 0.110423 -0.0819383 -0.346852 
-0.132472 0.0493612 0.110655 0.100934 0.097862 0.0993242 0.11811 0.0446442 0.0914989 0.0711312 0.113687 0.0770156 -0.0251243 
0.0690432 0.0707143 0.0529969 0.0381555 0.0331277 0.0249963 0.0341537 -0.0135485 0.0112486 0.0159838 0.0189588 0.0307776 0.019115 
0.0206135 0.0405901 0.0404802 0.028334 0.0259401 0.0356963 0.0348632 -0.00515405 0.020549 0.00585513 0.035599 -0.00941259 -0.131912 
0.0312113 0.0126442 0.0189588 0.0266401 0.0178745 -0.00545798 0.0206443 -0.00779212 0.0187381 -0.0161354 -0.0295284 -0.00610821 -0.271186 
-0.0329714 -0.0277755 0.0208478 0.0232224 0.0326813 0.025222 0.02297 0.0269691 0.0467986 0.00889486 0.0451116 0.0454031 -0.314755 
-0.144308 -0.0918204 -0.0750413 -0.0701704 -0.0623563 -0.0532592 -0.0485228 -0.0627012 -0.0548801 -0.0401935 -0.0091698 -0.0391621 0.255261 
-0.183833 -0.105811 -0.0816566 -0.0767037 -0.0675399 -0.0571445 -0.0532148 -0.0479666 -0.053753 -0.0426883 -0.0486204 0.0190219 -0.0901977 
-0.173495 -0.113487 -0.0857887 -0.0633017 -0.0535636 -0.0514345 -0.0470047 -0.0465517 -0.0387641 -0.0513519 -0.0347425 -0.00914549 0.254268 
-0.190125 -0.0842042 -0.0724467 -0.0405849 -0.0322381 -0.0241377 -0.0199126 -0.00248932 0.0138907 0.00243083 0.0198952 0.0616969 -0.154101 
-0.054132 -0.0693884 -0.0846964 -0.0562407 -0.047038 -0.0355317 -0.0550533 0.00455035 -0.00844817 0.0132536 -0.0112712 0.00385594 -0.272526 
0.209965 -0.0140726 0.0315123 0.0271886 0.0469473 0.0261595 0.0518325 0.0354294 0.0390487 0.0281746 -0.0493256 0.074638 0.563333 
0.266344 0.0521446 0.0232475 0.011417 0.000747087 0.00398426 -0.0102871 -0.0322432 -0.0159353 -0.0154749 -0.0676923 -0.00243147 0.0124427 
0.392241 0.0535448 0.025358 0.0231691 0.0092457 0.0175014 0.0124792 -0.0215624 -0.00990138 0.0173857 -0.0131578 -0.0307212 0.790463 
0.284099 0.0476114 0.022077 0.0133588 0.0159981 0.000297167 0.00826101 0.00253334 0.0469129 0.00105804 0.0153921 -0.0273243 1.05355 
0.191191 0.0441448 0.0315131 0.0321602 0.0332278 0.0378416 0.0112296 0.0313099 0.0294451 0.0507566 0.00794377 0.0244549 0.0966836 
0.0669973 -0.0150214 -0.0347247 -0.0328434 -0.0404206 -0.0283979 -0.0478146 -0.0166086 -0.0482918 -0.0647149 -0.0166947 -0.0854526 0.536293 
-0.0328859 -0.0232313 -0.0379283 -0.0353803 -0.0341769 -0.0403983 -0.0371907 -0.0507017 -0.0367408 -0.0371117 -0.0136078 -0.0331636 0.158722 
-0.0797069 -0.0245877 -0.0369373 -0.0289812 -0.0248151 -0.0169974 -0.0196907 -0.0285548 -0.0369078 -0.0303879 0.0498885 0.0134079 0.930605 
-0.0788141 -0.00773757 -0.0184738 -0.00362982 0.00442819 -0.0120253 0.0137116 -0.00429384 0.00718097 0.0473043 0.128789 -0.0295855 1.10133 
-0.127094 0.0162305 -0.0405429 -0.0350764 -0.0298778 -0.0389599 -0.0205249 -0.0166865 0.0126801 0.0149747 0.146128 -0.0868591 1.53077 
-0.125278 -0.00213849 -0.00027918 0.0191721 -0.0150261 -0.0408631 -0.0759028 0.0392862 -0.0416204 -0.0889112 -0.150136 -0.0587705 -0.0564327 
-0.00185525 0.0330352 0.000539317 -0.00130538 -0.0104904 -0.0300822 -0.0502339 0.0100103 -0.018166 -0.0473214 -0.227377 -0.0431987 0.0173643 
0.0442018 0.0572505 0.0322549 0.0157021 0.0231555 0.0141022 0.00903189 0.0510271 0.00874685 -0.0187102 -0.151618 -0.0518531 -0.120004 
0.0339286 0.0394453 0.023673 0.00736136 0.0156875 0.0277907 0.0145275 0.0188277 -0.00307203 -0.0180351 -0.140979 -0.0121561 -0.268403 
0.0382334 0.0450525 0.042926 0.0319698 0.0255639 0.0197693 0.02387 0.0181438 0.0416475 0.0270571 -0.163535 0.0518144 -0.2923 
-0.0510478 -0.0173036 -0.020397 -0.0278977 -0.0367907 -0.0147855 -0.0313981 -0.0182395 -0.0395196 -0.0345506 -0.199545 0.0583814 0.111517 
-0.0372398 -0.0171462 -0.00662138 -0.0191422 -0.0197546 -0.0144637 -0.0440725 0.00642533 -0.0425582 -0.0325521 -0.163009 0.0802367 0.0751815 
-0.0338958 -0.0299643 -0.0242292 -0.0279318 -0.0305683 -0.0226236 -0.0276673 -0.00735945 -0.0113204 -0.0315709 -0.152788 0.0981152 -0.15476 
0.0128855 -0.00968412 -0.00335418 -0.0222423 -0.0119489 0.00741991 0.0247703 0.0288777 -0.0111801 -0.0106399 -0.0990174 0.0776482 0.188647 
0.109308 0.0247885 0.00891348 -0.0409038 -0.0123415 0.0199421 0.0315291 -0.0448709 -0.0316187 -0.0441584 -0.140935 0.0567932 0.116704 
-0.151799 -0.0245347 -0.0113644 -0.00774583 0.00441879 0.0103173 -0.0184682 -0.0223462 -0.0807758 -0.0752196 -0.0031699 0.182799 0.287382 
-0.0218567 0.0102667 -0.00448956 0.00437143 -0.0121971 -0.0133907 -0.00892693 0.0397737 -0.112621 -0.115511 -0.0430527 0.0273931 -0.144097 
0.0434815 0.0300125 0.0168509 0.0210887 0.0198248 -0.0137592 0.00490012 0.148908 -0.094162 -0.0784189 0.00541264 0.0707553 -0.125145 
0.039528 0.0302309 0.0211736 0.0322382 0.0273981 -0.00742569 0.00691775 0.151367 -0.126756 -0.0967098 0.00165522 0.0184232 -0.690497 
0.0422588 0.0315469 0.0397543 0.0364617 0.0288956 -0.0153923 0.0306496 0.185298 -0.116107 -0.098409 0.0144959 0.0573967 -0.422098 
-0.0492344 -0.0248056 -0.0308695 -0.0377959 -0.0236553 -0.0646669 -0.0296667 0.156105 -0.198585 -0.165855 -0.0431531 0.0850392 -0.82351 
-0.0321538 -0.00618933 0.00239459 -0.00745766 -0.00969943 -0.0521744 -0.0165586 0.19297 -0.160433 -0.141158 -0.0356015 0.12818 -0.685595 
-0.0103254 0.00756943 0.021162 0.00698898 0.00424884 -0.0109967 0.0182082 0.212289 -0.136273 -0.112544 -0.0529589 0.0991856 -0.74672 
0.0745309 0.0528425 0.0519398 0.0509552 0.0433386 0.00473828 0.048793 0.290572 -0.0645826 -0.0460909 0.00119508 0.0455553 -1.0336 
0.20896 0.0932773 0.0694517 0.0582496 0.0497208 0.00528981 0.0666456 0.400284 -0.0646452 -0.065044 -0.00309381 0.0249508 -1.40884 
-0.040288 0.0124931 0.0219556 -0.0133672 -0.0100079 -0.040702 -0.0411909 0.0530007 -0.107948 -0.0962577 -0.0653591 -0.0010648 -0.193495 
0.0977503 0.0606561 0.0431064 0.00902824 -0.0153908 -0.0192425 -0.0318608 0.0296646 -0.0533523 -0.0818449 -0.0765587 -0.0552117 -0.208516 
0.134883 0.0754267 0.0658984 0.0484188 0.0178677 0.0111533 0.0326582 0.0283783 -0.0151428 0.00846612 0.0332638 -0.029133 -0.22804 
0.110805 0.0686949 0.0714001 0.0582882 0.0297496 0.0370812 0.0401172 0.0464 0.0277073 0.0437933 -0.00456004 0.0374401 -0.34337 
0.0928719 0.0674208 0.0702959 0.05608 0.0327512 0.0477794 0.0545603 0.067503 0.0270838 0.028018 0.0618731 0.0903892 -0.25014 
-0.0194607 -0.0160061 -0.0120788 -0.0106126 -0.0182614 -0.030717 -0.00399023 -0.00864392 -0.0385347 -0.0218597 -0.029731 -0.0155787 -0.363511 
-0.050018 -0.0170122 -0.0165129 -0.0111334 -0.0229728 -0.00970368 -0.00601997 0.0107342 -0.017067 -0.0247786 -0.0306252 0.0371975 -0.190489 
-0.0687965 -0.0361005 -0.0213664 -0.00509785 -0.00591348 -0.00271689 -0.0165587 0.0226116 -0.0256203 0.0158141 0.00719257 -0.0333999 -0.14332 
-0.0395244 -0.0206128 0.000482544 0.0135343 0.00822234 0.036916 0.0486548 0.039457 0.0844876 0.0948592 0.0607367 0.0240741 0.0956504 
0.085995 0.00179162 -0.0230114 0.00675819 -0.0124691 0.0337819 0.0396827 -0.0500614 0.109107 0.118769 0.0912645 -0.0550377 -0.317416 
-0.0724925 0.00103962 0.0138751 0.00984663 -0.00557908 -0.032252 -0.0464485 0.0217649 0.0458997 -0.0310523 -0.023807 -0.0243382 -0.58762 
0.0385355 0.0288199 0.0325079 0.0208316 -0.0137598 -0.0134396 -0.038992 -0.0390048 0.0106507 -0.0618524 -0.0159287 -0.0544563 -0.449206 
0.0804488 0.0469669 0.0365683 0.030406 -0.00303139 -0.00203713 0.00639264 -0.0211296 0.0192121 -0.00304381 -0.0102248 -0.0061042 -0.41682 
0.0505364 0.0410825 0.0398919 0.0396711 0.0090955 0.0203109 0.0375802 -0.0141814 0.0431755 0.0129397 0.0240449 0.00674744 0.162835 
0.0643129 0.0518617 0.050801 0.0481219 0.0123781 0.0494315 0.0361711 -0.00397625 0.0381565 0.00443873 0.0590019 0.0555038 -0.124071 
-0.0396848 -0.0295016 -0.0305493 -0.0203096 -0.0330884 -0.021072 -0.0339268 -0.0708512 -0.00587315 -0.0363739 -0.0449215 -0.0532749 -0.603126 
-0.048258 -0.0239553 -0.0221862 -0.0314462 -0.0362033 -0.00653152 -0.0398262 -0.0460278 -0.0136172 -0.0537964 -0.00751533 0.0533753 -0.192688 
-0.0489904 -0.0175514 -0.0192664 -0.0231401 -0.0212162 -0.00157306 -0.0103474 -0.0221262 0.0057335 -0.0283061 0.0302621 0.00826246 -0.513507 
0.0175694 0.00182864 -0.00787942 0.00408774 0.00336053 0.0243484 0.032493 -0.0426362 0.025586 0.0163215 0.00840737 -0.0380883 0.064031 
0.118036 0.00665968 -0.0424642 -0.0212022 -0.0342789 -0.0103266 0.0196142 -0.152968 -0.0538947 -0.0369952 0.0377703 -0.0277696 -0.158588 
-0.121899 -0.0141136 -0.0067552 -0.0444869 -0.0755847 -0.00141267 -0.000618624 -0.0588454 -0.0775425 -0.186593 -0.157106 -0.0992663 -0.329569 
-3.91237e-05 0.016271 0.00244525 -0.0263773 -0.0631205 -0.0469663 -0.0612344 -0.0878997 -0.0998688 -0.186986 -0.113674 -0.137275 0.326603 
0.0426145 0.018714 0.024659 0.00638426 -0.0131731 -0.0480525 -0.0528962 -0.0240253 -0.0324532 -0.161359 -0.0303706 -0.0437872 0.186126 
0.0412346 0.0220116 0.0317172 0.0269913 -0.00421448 -0.0522051 -0.0331447 -0.0107412 0.0055674 -0.138605 0.0455966 0.00195301 -0.509957 
0.00651585 0.0193398 0.00847294 0.012905 0.0155276 -0.0398623 -0.0354163 0.00685077 0.0282264 -0.126618 0.0159934 -0.0367483 -0.159607 
-0.0594245 -0.0460371 -0.0577585 -0.0575511 -0.0525457 -0.102436 -0.0788614 -0.0841671 -0.0639429 -0.221091 -0.0135015 -0.0271428 -0.0784404 
-0.0609909 -0.0596327 -0.0691982 -0.0509365 -0.0340084 -0.0594929 -0.0487035 -0.056862 -0.0326836 -0.202273 -0.0612254 0.0483063 0.151009 
-0.0916396 -0.0652028 -0.0688422 -0.0485834 -0.0223589 -0.0568049 -0.047362 -0.0587244 -0.0419013 -0.160063 0.0297076 0.0260797 -0.229879 
-0.0168431 -0.0345494 -0.0476322 -0.0124702 0.0165083 -0.0442322 -0.0572031 0.0104095 0.0323548 -0.158077 0.146849 -0.00757764 -0.290097 
0.123118 -0.0356006 -0.0484643 -0.00642932 0.0204255 -0.117421 -0.0913088 -0.0136739 0.0283868 -0.168529 0.167138 -0.0559094 -0.0514668 
-0.204105 -0.0354529 -0.0145906 -0.0427377 -0.0474158 -0.028394 -0.0565488 -0.0757049 -0.0553119 -0.0881629 -0.0095667 -0.0627327 -0.0902265 
-0.0694148 -0.017543 -0.0179199 -0.0192163 -0.0292637 -0.0173324 -0.043063 -0.0300689 -0.00423414 -0.0634475 0.0682642 0.0257707 0.076117 
-0.0074996 -3.80414e-05 0.00230107 -0.00643434 -0.00763459 -0.0176273 -0.0174558 -0.0385018 0.00525271 -0.0139451 0.0876502 -0.0479109 -0.147044 
-0.00617824 -0.0179814 -0.000700795 0.00616682 0.00813038 -0.0127172 -0.0019799 -0.0014522 -0.000263663 -0.00484581 0.102513 -0.00929063 -0.0256061 
-0.00219829 -0.00588239 0.00888963 0.00318063 0.0143594 -0.013159 0.0518526 0.00550004 0.00874715 0.00460925 0.163694 0.0849403 -0.244618 
-0.0835961 -0.0681349 -0.0711357 -0.0701542 -0.0429553 -0.0446341 -0.0671662 -0.0886453 -0.0549463 -0.0816418 0.127655 -0.0142968 -0.028132 
-0.0862974 -0.0683727 -0.0686909 -0.0628843 -0.0573689 -0.0586612 -0.040581 -0.0972183 -0.0232408 -0.039654 0.0757271 0.0499542 -0.104535 
-0.0822635 -0.0742938 -0.0926125 -0.0839884 -0.0694605 -0.0509528 -0.0433319 -0.100698 -0.0312879 -0.0327879 0.144906 0.017865 -0.12106 
-0.00624996 -0.101441 -0.138754 -0.106998 -0.0931032 -0.103956 -0.0580722 -0.0971043 -0.0523606 -0.0562723 0.107297 -0.200235 -0.185705 
0.12541 -0.108626 -0.177302 -0.149355 -0.135261 -0.144919 -0.103232 -0.104338 -0.109185 -0.0691892 0.0636476 -0.215965 -0.256261 
-0.24072 -0.0435504 0.0205506 0.0229766 0.0217213 0.0182971 0.0700685 -0.0235047 0.0256939 0.0271836 0.075675 0.0109855 -0.127099 
-0.0703981 -0.0340768 -0.0492617 -0.045178 -0.0482703 -0.0493304 -0.0469189 -0.0732745 -0.0509757 -0.0543564 -0.0353497 -0.0535502 -0.290096 
-0.0267765 -0.026973 -0.0422382 -0.0430284 -0.0455764 -0.0370653 -0.042282 -0.0629417 -0.0429271 -0.0466059 -0.0687103 -0.0121476 -0.350753 
0.152123 0.00123672 -0.0176461 -0.0178233 -0.00692347 -0.0166906 -0.00829609 -0.0466329 -0.0452372 -0.0184974 -0.0462513 -0.0253989 -0.019917 
0.0195581 0.032631 0.0183009 0.0155524 0.0140133 0.0133376 0.0177963 -0.0261998 0.0232255 0.0200655 0.0359632 0.0359868 -0.499774 
-0.220317 -0.0238216 -0.0134852 -0.0213114 -0.0179539 -0.0287484 -0.0244109 -0.036111 -0.0117144 -0.0353595 -0.0516302 -0.0148769 0.0369898 
-0.107671 0.0143369 0.0188399 0.00392787 -0.00582934 -0.00712863 0.0132131 -0.0283031 -0.00554303 -0.0183823 0.0229794 0.0297514 0.0683653 
-0.0341637 0.0281177 0.0544451 0.0470105 0.0485375 0.0405036 0.0315193 0.0335938 0.0399203 0.0342037 0.00913506 0.0455203 0.126037 
0.00626368 0.0650631 0.0864163 0.0819425 0.0804287 0.07406 0.0920457 0.0842743 0.0838107 0.08369 0.0826751 0.0578634 0.104516 
0.136779 0.0994598 0.0822264 0.0741379 0.0617644 0.0609165 0.0359306 0.103692 0.0479653 0.0683816 0.0378684 -0.0384309 -0.22924 
0.151849 -0.101897 -0.0456004 -0.0195275 -0.0178668 -0.00295352 -0.0167623 0.0113931 -0.0294231 -0.0302506 -0.0478153 0.0362879 0.188866 
0.0918243 -0.0484657 -0.0636186 -0.0571357 -0.0568036 -0.0616869 -0.0550949 -0.052612 -0.0688725 -0.0765207 -0.0798462 -0.0816293 0.0888791 
0.383228 -0.0296384 -0.0431504 -0.0343381 -0.0224433 -0.0349295 -0.0200622 -0.017111 -0.0128421 -0.00781205 -0.0556372 -0.0388817 0.252865 
0.277194 0.000805348 -0.0345893 -0.0076193 0.00816988 -0.00258575 0.00440921 0.00294721 0.00239013 0.00973644 0.012624 -0.015352 0.757777 
0.123913 0.0113039 0.0052301 0.00427047 0.0071821 0.0152369 0.0147472 0.0489828 0.0183116 0.0111564 0.0651962 -0.0231495 -0.573796 
0.0402976 -0.011235 -0.0300243 -0.0244443 -0.0286901 -0.0255848 -0.0243995 -0.0154862 -0.0232044 -0.0346289 0.00596311 -0.00603716 0.478294 
-0.0280823 0.00387502 -0.00271719 0.00155283 -0.00393256 -0.00347208 -0.00823861 -0.0207947 -0.0221265 -0.0342355 0.0841614 0.0350533 0.643634 
-0.0245993 0.0180922 0.017563 0.0215064 0.0126386 0.0211563 0.0390495 0.0297151 0.0647986 0.00914007 0.0626441 0.041868 0.866438 
0.00567969 0.0555102 0.0615087 0.0578089 0.0582204 0.0546045 0.0576871 0.0676952 0.047196 0.0710692 0.0940129 0.0670645 1.5717 
0.0298412 0.104061 0.0512964 0.0433566 0.0363131 0.0361542 0.0316021 0.0632424 0.0580743 0.0685498 0.144364 -0.0567166 1.18593 
-0.205894 -0.0996589 -0.0709818 -0.0588067 -0.0744435 -0.103236 -0.141593 -0.0169813 -0.0840759 -0.0492609 -0.106036 -0.0435848 -0.183946 
-0.0822337 -0.0660854 -0.0623695 -0.0725102 -0.0819786 -0.0774997 -0.0892979 -0.0316623 -0.0586709 -0.0497761 -0.162977 -0.0584939 0.235077 
-0.0267631 -0.0218927 -0.0290726 -0.0463215 -0.0389528 -0.0345795 -0.0382441 0.00849706 0.00391998 -0.0445466 -0.145978 -0.0764863 -0.315457 
-0.0193494 -0.0194126 -0.0141642 -0.0274125 -0.0234751 -0.0125043 -0.00283092 -0.00110945 -0.0226305 0.00945974 -0.202228 -0.046796 0.279766 
0.000810346 0.0091319 0.0036795 -0.00693087 0.00739497 0.0182399 0.0314257 0.0264141 0.00124799 0.0141396 -0.134822 0.073572 -0.639431 
-0.0671093 -0.0281905 -0.0294659 -0.0399254 -0.0340365 -0.0197019 -0.0374972 0.00167502 -0.0577374 -0.0576457 -0.168693 0.0489172 -0.253463 
-0.0273274 -0.00506766 -0.00268916 -0.0191645 -0.0073221 -0.00715372 -0.0255013 0.0223714 -0.0182368 -0.0341288 -0.114958 0.0887707 0.293085 
-0.0137708 0.000899003 0.00840423 -0.00644612 0.0135005 0.00279324 -0.000976877 0.00739981 0.00490751 -0.0242889 -0.146625 0.132185 0.34072 
0.0481514 0.0276057 0.0376012 0.0203493 0.0346686 0.0554334 0.0606137 0.0329398 0.00950242 0.0302415 -0.112365 0.0813059 -0.113775 
0.147975 0.0741432 0.0573013 0.0188765 0.0515014 0.079136 0.103395 0.0274765 -0.00994109 0.0164581 -0.121412 0.0258409 -0.0828155 
-0.128502 -0.0595531 -0.046897 -0.0776311 -0.0822884 -0.0610975 -0.057679 -0.0290535 -0.149737 -0.135259 -0.0304401 0.115485 0.207593 
-0.0324639 -0.0501675 -0.0619498 -0.0680082 -0.0707199 -0.0804859 -0.0556134 -0.020536 -0.159588 -0.185424 -0.053262 0.0219253 -0.340381 
0.00410742 -0.0261455 -0.0363413 -0.0390755 -0.0441831 -0.0751093 -0.0385562 0.0356386 -0.156472 -0.121449 -0.0339198 -0.0642959 -0.86051 
-0.0151202 -0.0285115 -0.0245618 -0.028847 -0.0234058 -0.0530712 -0.0152538 0.133086 -0.152109 -0.130042 -0.0462165 0.000521782 -0.475052 
-0.0394591 -0.0468634 -0.0256298 -0.0280418 -0.0232612 -0.044158 -0.0256042 0.143419 -0.162316 -0.103168 -0.0169586 0.039055 -0.166472 
-0.149963 -0.0896866 -0.0827628 -0.0792746 -0.07166 -0.0771938 -0.0663958 0.101006 -0.184091 -0.150401 -0.0379585 0.0572935 -0.782285 
-0.121542 -0.0682388 -0.0581099 -0.0617277 -0.0369695 -0.0454015 -0.0417951 0.147128 -0.168797 -0.15917 -0.0610029 0.0862816 -0.645558 
-0.12263 -0.0609617 -0.0306151 -0.0103814 -0.00118461 -0.0116406 -0.00509214 0.203792 -0.137499 -0.0908424 -0.00627139 0.0900325 -0.785635 
-0.0963331 -0.0237401 0.0115125 0.0426992 0.0575886 0.0117147 0.0788024 0.289608 -0.0792058 -0.020049 0.0244359 0.0792544 -1.07329 
0.0218546 0.00433633 0.0237475 0.0534007 0.0827214 0.0141172 0.0880974 0.359352 -0.0754224 -0.0223948 0.058786 -0.0101371 -1.38082 
