0.187601 -0.032916 -5.28187e-10 0.00537213 1.75202e-08 -0.0073197 0.00775822 -0.0147303 -0.00804538 7.50344e-10 0.00540908 0.163188 0.575076 
0.108569 -0.0160217 1.10212e-12 0.0131323 1.14488e-08 0.00077307 0.0144993 -0.0134382 0.00363219 -0.0106594 -0.0128543 0.122657 0.38967 
0.039118 -2.71515e-09 2.80661e-10 0.0231857 1.98502e-14 -0.0175237 0.0179835 -0.0148098 6.54983e-08 -0.0135267 -0.0297236 0.141649 0.532223 
0.0430715 0.0309828 0.0244731 0.0290143 7.65164e-13 -0.00267792 -0.0017348 -0.0111525 -0.00194976 -0.0208676 -0.0102374 0.144987 0.205564 
-0.00702234 0.0478276 0.0243536 0.00724947 -0.000519013 -0.0173868 -0.0148012 0.00136356 0.00733048 -0.0206636 -0.0433584 0.139817 0.334066 
0.0467852 0.0530467 2.50952e-12 0.0176196 0.0146318 0.0142758 0.0126848 0.0132614 -0.00015837 1.16493e-05 -0.0123287 -0.282564 0.483535 
0.0156705 0.0288364 0.0245473 0.0194746 0.0192998 0.00318373 2.2799e-13 0.00472604 0.0158665 -0.00389987 0.0185238 -0.396268 0.43044 
0.0381714 0.00148173 3.72943e-12 0.00838892 0.0108017 0.00303742 0.00290888 0.00757485 0.00364584 0.0120734 0.0338226 -0.416875 0.189321 
0.0746456 -0.0210252 6.62686e-08 0.00357444 0.00201073 0.0101863 2.51001e-09 0.0213964 0.0194741 0.00741171 0.0109064 -0.291112 3.9201e-07 
0.0632362 -0.0623784 -0.0179518 0.0027851 2.03744e-11 0.00685602 0.0110807 0.0170055 0.0131154 0.0135709 0.0159415 -0.250955 0.472862 
0.193796 -0.0601759 -0.0130724 -0.0132143 0.00740869 1.09662e-07 0.00372143 0.0205485 0.0148499 -0.0117046 0.0120209 0.126084 0.448582 
0.0801644 -0.0341658 0.00578647 -0.0128766 0.00827147 -0.0256569 7.27249e-13 2.28085e-11 0.00271245 0.0116442 -0.00150845 0.143308 0.307354 
0.0366001 -0.0135773 0.0278016 -0.00221823 0.00904968 -0.0292958 -0.0172306 -0.00737728 0.00336201 0.00700199 -0.00957607 0.13939 0.331277 
0.0608949 -4.36461e-10 0.0380283 0.00905649 0.00145276 -0.0268011 -0.00858242 -0.00840221 0.00280058 0.0216578 0.00971517 0.125164 0.28385 
-0.00333304 0.0136913 0.0407419 0.00407535 0.00413284 -0.0329392 -0.0253147 0.0133806 0.0117587 0.0066698 -0.000230797 0.100521 0.39498 
0.00142221 0.0128975 0.0310439 -0.0173206 -0.00276598 -0.0137505 -0.0316334 0.0151657 0.00139848 0.0314169 0.01711 0.0498914 -0.0690357 
0.0488473 -0.00806768 0.0288102 0.000750623 -0.0128483 -0.0567203 1.23878e-19 -0.00337031 0.00159903 0.00140629 -0.0278923 0.135504 0.174154 
0.0443735 -0.0108978 0.0204822 0.00217715 -0.0266676 -0.0284677 -0.0246211 -0.000136941 0.00258839 -0.0139837 -0.00107098 0.168251 0.307871 
0.102917 -0.0324708 1.65318e-15 0.0163213 -0.0279435 -0.0384559 -0.0210121 -0.00940823 -0.0224472 0.00380696 0.00861734 0.151425 0.343534 
0.0672517 -0.103905 -0.0154598 -0.0236884 -0.0104156 -0.0263594 -0.0358178 0.00876805 0.00858383 0.0250144 -0.0315357 0.151794 0.386646 
0.112894 -0.049637 -2.68759e-12 2.2841e-08 1.08239e-14 -1.1882e-14 0.00379501 -0.00728738 6.92587e-05 -0.0206702 -0.039107 0.0836319 0.246402 
0.097396 -0.0205526 2.72355e-08 0.0101489 1.16004e-08 -0.0123285 0.00239881 -0.00739395 -0.00158161 -0.0132143 -0.00882852 0.000179652 0.252025 
0.0868329 -0.00166406 0.00503254 1.43022e-12 -0.00465198 -0.013588 0.000620927 -0.0189233 -0.00995338 -0.0219046 -0.0273777 0.0295858 0.0636271 
0.0127229 0.0315319 0.0212261 0.00607827 -0.0121628 -0.0398781 -0.0380702 -0.0315196 -0.0452544 -0.0374488 -0.0205931 0.0109995 -0.0169782 
0.0219662 0.044357 0.0280298 0.0108751 0.0220061 -0.0163919 -0.0248825 -0.0449218 -0.0146949 -0.0526681 -0.00833431 0.00134448 0.538503 
-0.00669879 0.0484747 0.0234523 -0.0215266 -0.00475986 -0.0234706 -0.00325674 -0.0112732 -0.0136622 -0.0342966 -0.0612709 -0.00627586 -0.136613 
0.0184224 0.0226797 0.0232242 -0.000376996 -0.0145184 -0.0123448 -0.00713447 -0.00793933 -0.00489743 -0.0231129 -0.00322101 -0.00419386 0.118491 
0.101 4.19763e-10 0.013548 0.00643215 -0.0141009 -0.017448 -0.0122813 -0.00307918 -0.0242803 -0.00490756 0.00124821 0.0158996 0.178878 
0.0848754 -0.0267042 -4.59471e-15 0.00242375 0.00119829 1.69427e-14 -0.00413056 -0.0248675 -0.0345293 0.0143494 -0.0309117 0.0584139 0.325846 
0.153997 -0.0489647 -0.0282635 -0.000430557 0.00440222 0.00218753 0.00947131 -0.00889259 -0.00178826 0.00574251 -0.0107318 0.148687 0.43308 
0.142056 -0.036514 -0.0247177 -0.00362684 2.00954e-11 -0.0038357 0.00825429 8.97869e-13 0.00983951 0.0273128 0.00894323 0.0574744 2.87587e-13 
0.0646859 -0.0076879 0.0105082 -0.00116167 0.00683425 -0.0082203 -2.89752e-11 0.0291289 -0.0149063 0.0251363 0.0474778 0.027 -0.0796066 
0.0752104 -0.0169877 8.72174e-12 0.0293967 -0.0120509 -0.013843 -0.000576559 -0.00878318 0.00889672 0.0192565 0.0485692 0.0189581 -0.128185 
0.0478454 9.04235e-10 0.0297824 5.63062e-14 0.0109723 -0.0186715 -0.00570869 0.00216471 -0.000919498 0.00342137 0.00488508 0.0476248 -0.170255 
0.050539 0.0528959 0.0357325 0.0159062 -0.00377344 -0.0184157 0.000930845 -0.00221127 -0.00403717 0.0134707 -0.00679144 0.0401432 -0.180737 
0.0579381 0.044736 0.0358768 0.00157883 -0.00885625 -0.0191839 0.00711774 -0.00787703 -0.00561506 0.0022748 -0.0467759 -0.0213575 0.0562751 
0.0561271 0.0237881 0.0352536 0.00865435 -0.000355806 -0.0194536 -0.00514579 0.00221803 -0.0134237 -0.00339209 -0.0157512 -0.0270732 -0.318364 
0.0832346 -0.00533305 0.00805987 -0.00625859 -0.0134022 -0.0201682 0.00578496 0.000963886 -0.00812481 -0.0170403 0.0236576 0.0211005 0.170137 
0.0665662 -0.0275809 0.00242135 1.14783e-10 1.19067e-14 -0.0175221 -4.96586e-14 -0.0183795 0.00979654 0.0174039 0.00380119 -0.014459 -0.005147 
0.16289 -0.0624586 -0.0213435 -0.0156693 -0.0125353 -0.00599609 -0.00663426 0.019279 0.0130132 0.0309853 0.0452273 0.0614004 0.196938 
0.0253033 -0.0377618 -0.00446736 0.0115295 0.00824463 0.00399605 0.0148324 -0.0144738 -0.0174554 0.00380839 0.0115566 0.080482 0.395758 
-0.0140287 -0.00415824 0.0189733 0.0185025 0.0203443 0.00355171 0.00967585 0.0233723 0.00332423 0.0169215 0.0262731 0.0909156 0.0833809 
-0.0380797 0.0108579 0.0433463 0.0312166 0.0177514 0.00508361 0.0138804 0.000168205 0.0185608 0.0210656 0.0265396 0.118472 -0.0953392 
-0.0692614 0.031233 0.0459789 0.027956 0.015066 0.0120472 0.011929 0.0103731 0.0100132 0.0221763 0.00822927 0.126732 -0.396525 
-0.0837563 0.0565822 0.0467635 0.0161289 0.00716152 -0.0111009 0.0120092 -0.00382813 0.0204582 0.012565 0.0374831 0.145726 -0.521993 
-0.0692972 0.0466289 0.0367354 0.0171106 0.0160238 0.00454933 0.0105868 0.0111464 -0.00946522 0.00708522 0.0216008 0.179556 -0.196333 
-0.0669993 0.0257887 0.045722 0.0266558 6.83566e-08 0.00956246 -0.00329663 0.00615475 0.0116622 0.012818 0.00884147 0.286106 -0.361647 
-0.0655639 -0.00170135 0.024334 0.0235785 0.0194141 -0.00253624 -0.000974495 0.0160382 0.00728096 2.74511e-12 0.0190112 0.160843 -0.145528 
-0.0143977 -0.0246964 0.00669209 0.0190593 0.0160646 0.00659931 0.0122276 0.0073787 -0.0116663 0.0175887 0.010266 0.095527 0.0621266 
-0.0240779 -0.0656051 -0.0132393 5.27754e-10 2.38909e-09 0.0053259 1.06577e-12 0.000465142 6.14907e-12 0.0184819 -0.000487721 0.125986 0.42105 
0.0337555 -0.0609024 0.00476482 0.00986126 0.00695978 -1.57115e-09 2.08402e-11 -0.0080016 -0.00843967 0.00985825 0.0242639 0.105612 0.388778 
-0.0296039 -0.0302908 0.0333618 0.0187729 0.00931129 0.00191024 0.00952305 0.00219308 -0.0106017 0.02772 0.0201679 0.054872 -0.129453 
-0.0689039 0.00264141 0.0572124 0.0218891 0.013622 0.0119588 0.00708624 0.00987385 0.00490181 0.00826427 0.0255203 0.0671357 -0.196198 
-0.0791892 0.034813 0.0589685 0.0396101 0.0209234 -0.0054756 0.0174634 0.00680209 -0.0103286 0.0403645 0.0281402 0.107959 -0.181583 
-0.0675488 0.0462397 0.0673117 0.0379118 0.00883414 -0.00260802 0.017892 0.00187473 0.0177768 0.0178581 0.0678491 0.0645489 -0.489679 
-0.0624674 0.047793 0.0597176 0.0403291 2.18415e-14 0.00811531 0.00928402 9.6425e-13 0.00255279 0.0473973 0.0797927 0.144598 -0.522098 
-0.0648165 0.0272844 0.0606236 6.60625e-10 0.00649948 0.00632757 0.000971529 -0.0115153 -0.00194665 0.0348438 0.0133128 0.118928 -0.313153 
-0.0622417 -0.00390278 0.0427462 0.01639 9.49214e-08 -0.000800055 -0.000714817 -0.00904303 -0.011079 0.0285502 0.00449885 0.0319486 -0.20278 
-0.0124692 -0.0308009 0.0216493 0.0096111 -0.00602523 -0.000145216 0.000916704 -0.00410246 -0.00875259 0.0135797 -0.00578498 0.0698997 -0.165949 
-0.0426256 -0.0710907 -0.0115578 0.00321776 -0.00625231 -0.00717435 -0.0140135 -0.0040227 -0.0166128 0.00320903 -0.001827 0.0463006 0.426266 
0.123808 -0.0404481 -0.0280204 0.00952692 -0.00497517 -0.00195977 0.0015417 -0.0120666 -0.010172 0.0131538 0.0138405 -0.0284249 0.16876 
0.0367888 -0.0147213 -0.0172782 0.0151843 0.000778074 -1.83682e-11 0.00993799 -0.00907156 0.0190769 0.0360754 0.0308587 -0.00478814 -0.20277 
0.0169095 0.00419647 1.29615e-19 0.0219255 0.00306155 0.00741447 0.00784972 0.0093564 -0.0048823 0.00403026 0.0439777 0.00438731 -0.38359 
-0.0128029 0.023896 0.0198749 0.0094049 0.000366252 0.0089494 0.0120069 0.00890197 0.0157394 0.0172848 0.0137328 -0.0596981 -0.507886 
0.0368624 0.0424841 0.0168936 0.0224743 1.27224e-19 0.00166849 0.00205442 -0.000941302 0.0184604 0.036876 0.0325609 -0.0557663 -0.417193 
0.0392331 0.0385127 0.0165586 0.0287645 -0.0103936 -0.000637249 0.0174123 -0.00265051 0.00992504 0.0281344 0.00993076 0.0232649 -0.363304 
0.0109804 0.0112765 0.0146975 0.0128565 -0.0102943 0.000944897 0.0112086 0.00613557 -0.00308265 1.85004e-09 0.0279969 0.0864383 -0.400171 
0.0249665 -0.00190344 3.87384e-14 0.00540007 -0.00623044 0.00821416 -0.00104136 0.01181 0.00736097 0.0352453 0.0191645 0.0104565 -0.328445 
0.0764301 -0.0180227 -0.00770683 0.0138425 0.0167877 6.68206e-09 0.0224798 0.0120284 0.0201361 0.0350836 0.00840359 -0.0151572 -0.148708 
0.0436811 -0.0640556 -0.026771 0.0045063 0.0115982 0.0237999 0.0163442 -0.00288908 -0.00768186 0.0257607 0.00500852 -0.0339041 0.0535885 
0.028305 -0.0985535 -0.0266402 0.00803073 0.0177102 0.0119673 0.0272468 0.0334662 0.0296206 0.0441379 0.0186605 -0.354753 0.00746546 
0.0694497 -0.0246267 0.00680655 0.0112841 0.00415931 0.0223281 0.0363898 0.0414656 0.030865 0.0359192 0.0238286 -0.488197 -0.522796 
0.0630877 0.000598789 0.0300705 0.00883046 0.0289021 0.020464 0.0488468 0.0446684 0.0449939 -0.0134696 0.0553669 -0.362841 -0.560193 
0.0134632 0.0273885 0.0400498 0.0226856 8.25145e-13 0.0325155 0.0477296 0.0387262 0.0419892 0.0322204 0.00604397 -0.404418 -0.450022 
0.0434716 0.0510147 4.96949e-10 0.0359803 0.0372408 0.0373392 0.0427745 -0.00783404 0.0554416 0.0303863 0.0409357 -0.278492 -0.578164 
0.0271551 0.052218 0.0449173 -2.13797e-09 1.64932e-15 0.0324957 -0.00216066 0.0314557 0.04402 -0.0109031 0.0245908 0.0969757 -0.277826 
0.00718438 5.04208e-12 3.26953e-11 0.0304958 0.00638704 0.0413741 0.0410467 0.0491001 0.03057 0.0330943 0.00499804 0.0102107 -0.385674 
0.0247154 0.00597944 0.0270516 0.0328359 0.0333464 0.0358405 0.04683 -0.0105126 0.0445605 0.0418052 0.0249961 0.0195814 -0.297641 
0.0644908 -0.0108367 0.0255775 0.0245347 0.0298388 0.036251 0.0410975 0.0338218 0.0456816 0.00600322 0.0308313 0.0168794 -0.0644034 
0.0351163 -0.0687066 -0.0116648 0.0165969 0.0173438 0.0355991 0.0425749 0.0498542 0.0314667 0.0298672 0.0506182 0.0750419 0.0811731 
-0.124724 0.00843273 0.0192757 2.07835e-11 -0.000171476 -0.0210693 -0.010025 -0.0025907 0.0117354 -0.00968116 -0.0105044 0.0299524 -0.0558503 
-0.0501106 -0.00336669 4.59919e-05 6.57691e-13 -0.00576527 0.0040978 0.0052887 0.00074325 0.00942284 0.00603069 -0.00645497 -0.0323064 0.0385279 
-0.0159353 -0.023156 -0.00491049 0.00309122 -0.000509825 -0.00612336 -0.000143631 -0.0130304 0.0156077 0.0114147 -0.0299541 -0.0633257 0.0712512 
-0.00406867 -0.0358207 -0.0125025 -6.55052e-15 -0.0108614 -0.0236869 -0.00940785 -0.0294489 -0.0193039 -0.0416423 -0.0471792 -0.131019 0.183761 
0.00102349 -0.040873 -0.0172309 0.00464239 -0.0028778 -0.0111037 -0.00365847 -0.00111067 -0.0284907 -0.0436496 -0.0610706 -0.211752 0.0908635 
0.02316 -0.0449768 -0.014085 -0.000131027 0.000777541 -0.0122743 -0.0116626 7.40451e-14 -0.0376483 -0.0453785 -0.0458682 -0.435049 0.192912 
-0.0338707 -0.0240638 8.59523e-20 -0.000324675 -1.13602e-11 -0.00326783 -3.15841e-12 -0.009576 -0.0260982 -0.000434166 -0.00960666 -0.604376 0.0980991 
-0.0160271 -0.00342667 -0.0110105 -0.000769227 -4.73783e-13 -0.00219948 -0.00357219 0.00696667 -0.00647501 -0.00421483 -0.00261173 -0.405987 -0.0633651 
-0.0579344 0.00927232 1.20561e-19 0.00325191 7.75036e-15 -0.00102528 0.00383311 0.0153397 0.00311517 -0.00687983 0.00129085 -0.351917 -0.0272774 
-0.113424 0.0300839 0.0241954 -0.000217117 -0.00588564 0.00322167 2.88373e-09 -0.000801678 0.0112551 0.0127087 0.00339907 -0.263741 -0.116196 
-0.124416 0.0607829 0.0103718 0.00658659 0.00952942 -0.0206472 -0.0122964 0.0141983 0.00884728 -0.045939 -1.42391e-05 -0.0433031 -0.253321 
-0.0619934 0.0255845 -0.00130176 -0.00522894 0.0109569 -0.0237676 -0.0253046 -0.0211626 -0.0116327 -0.0323722 -0.00270885 -0.0579305 0.0238526 
-0.0841416 -7.83066e-05 1.39908e-12 -0.00184206 2.04197e-14 -0.0171811 -0.000630517 -0.00181008 -0.00463754 -0.0277965 0.00827767 -0.10056 0.131784 
-0.0212775 -0.0144299 -1.11704e-12 -0.00557824 0.0168307 -0.00442249 -0.00748489 0.00835334 0.00814224 -0.0571839 -0.0251186 -0.103805 0.000588842 
-0.0125255 -0.0365942 -0.0283487 -0.00630782 7.06347e-13 -0.0400225 -0.00371985 -0.0183988 -0.0209121 4.59555e-10 -0.0171524 -0.152634 0.180825 
-0.0313656 -0.0423209 -0.0369221 -0.0104901 -0.00358057 -1.07543e-13 0.0215274 0.00771578 0.152089 -0.0108739 0.0482784 -0.20441 -0.0327145 
-0.0172891 -0.0253803 -0.0337399 -0.0162046 -0.0217528 0.0103445 0.00934874 0.0110116 -0.0171457 0.00505134 0.0368974 -0.140588 0.153639 
-0.0357893 0.00120245 -0.0270116 -0.0179352 0.00539223 0.00386704 -7.98151e-05 0.00749307 0.00507891 -0.0191279 0.0219487 -0.129937 0.239129 
-0.0554605 0.0281401 -0.0116507 1.76567e-08 -0.00121591 -0.016505 -0.0388057 0.0217549 -0.00153655 0.0207017 0.0427949 -0.105186 -0.0109477 
-0.0236862 0.0785548 0.00550485 -0.0121149 -0.00589526 0.0071235 0.0145017 0.0161271 0.00646779 -0.000101342 0.0111733 -0.0581656 -0.0626441 
-0.00796522 0.0712819 0.0050106 -0.00135378 1.23447e-19 0.0025463 2.11292e-10 -0.00566059 0.00713511 0.0116571 -0.0204561 -0.0525522 -0.183998 
-0.0381247 1.23724e-09 1.42091e-14 -0.00319489 0.000728707 -0.00204293 0.00211596 -0.0285756 0.00782162 -0.0102575 -0.037503 -0.187971 0.00171516 
-0.0314472 -2.57902e-08 -0.0161866 0.0051961 -0.0129099 -0.00708054 -0.0161771 -0.00651978 -0.0247997 -0.0368313 -0.0445172 -0.210079 0.207804 
-0.0262679 -0.03037 -0.0394253 -0.0107716 7.04266e-15 -0.0127659 -0.0195495 -0.0395074 0.0052888 -0.0526825 -0.0623894 -0.222474 0.0543084 
0.00870567 -0.0431727 -0.0321521 -0.0107515 -0.0130355 -0.0115597 -0.00563984 -0.0395934 -0.0331452 -0.0271698 -0.0871662 -0.2609 -0.0836896 
-0.0226333 -0.046789 -0.0316951 1.53427e-19 0.00183102 -0.000544416 -0.00367649 -0.0278212 -0.0450216 -0.0510118 -0.0512202 -0.229651 -0.0336388 
-0.0228257 -2.38786e-09 -0.0215655 0.0141105 -0.00798603 -1.85806e-11 -0.015434 -0.0409803 -0.000794129 -0.0544196 -0.0320263 -0.210092 0.082736 
-0.0749647 -0.00168413 -0.0174872 0.00269143 4.4707e-11 -0.0134832 -0.00447951 -0.00377781 -6.46262e-05 -0.0197175 -0.0587914 -0.129559 0.028918 
-0.0373093 0.000989233 -0.0104967 0.00978124 5.12663e-13 1.30657e-13 -0.00895126 -0.00434888 -0.016965 -0.00431666 -0.0151276 -0.0622924 -0.0665411 
-0.094384 0.0467865 0.0155596 1.79006e-08 7.03305e-13 0.0101158 -0.0184453 -0.00519766 0.0133064 0.000181877 -0.00658107 0.0473405 -0.0402331 
-0.0194488 0.0639654 0.0220415 0.0164519 0.0113945 0.0385753 0.02735 0.0478405 0.0275897 0.0552292 0.0608585 -0.025315 -0.429455 
-0.0561973 0.0129905 0.00051489 0.0139648 0.0203239 0.0456456 0.0484614 0.0479021 0.0587212 0.0608778 0.0101721 -0.0834806 -0.356239 
-0.0852374 -0.0181497 0.00824882 -0.0157227 0.00991799 0.0547039 0.0496987 0.0798474 0.0713005 0.0582845 0.0286907 -0.0663642 -0.401444 
0.025997 -0.0247871 6.08228e-11 0.0267536 0.025911 0.0664192 0.0319607 0.0622526 0.0224948 0.0340037 0.00164175 -0.217071 -0.226543 
-0.0145751 -6.34736e-12 -0.00243289 -0.0235051 0.0346969 0.060591 0.0592459 0.0779867 0.042848 0.0254776 0.0185402 -0.221612 0.0541765 
0.00418837 -0.0483954 -2.55977e-12 -0.00378965 0.000244945 0.0475033 0.0203641 6.5771e-13 0.0316226 0.0117042 -0.0174326 -0.200553 -0.296284 
0.0125126 -0.0357798 -0.0161716 0.0147081 0.00646478 0.0421445 0.0395329 0.0119852 0.0116552 1.38921e-09 0.0395105 -0.194232 -0.276483 
-0.0577905 -0.00980973 -0.00914859 0.00767133 0.00882586 0.0438216 0.0276248 0.0384869 0.0339886 0.0573861 0.0532345 -0.145489 -0.111017 
-0.0406695 0.0138429 0.00614859 -0.00111233 -0.00308741 0.019054 0.012735 0.0134251 0.0327471 0.0523533 0.0516324 -0.0400797 -0.220091 
0.00525834 0.0935484 0.0186271 -0.00341531 -0.00232 0.0144501 0.0100472 0.0190561 0.0262837 0.0432441 0.0499948 0.00110102 -0.308012 
0.00864594 0.0623467 -1.69976e-07 -0.0189288 -3.13169e-12 -2.20901e-09 -0.02381 -0.0127344 -0.00965863 -0.0187103 -0.0260312 -0.164345 -0.483364 
0.0277002 0.024606 -0.0281165 -0.0319002 5.96218e-20 -0.0262615 -0.0180186 -0.0272576 -0.0273361 -0.0424451 -0.0363375 -0.168628 -0.208034 
0.0708436 -0.0158549 -0.0531251 -0.0496967 -0.0483919 -3.12103e-14 -0.0299646 -0.0280717 -6.72372e-08 -0.0456823 -0.0303778 -0.18793 0.00951767 
0.0788739 -0.0286821 -0.0520924 -4.73255e-10 -0.0215856 -0.0407608 -0.0339618 -0.0175381 -0.0188298 -0.0402624 -0.036888 -0.149623 -0.0330936 
0.0718346 -0.0504552 -0.0674894 -0.045128 -0.0298793 -0.0393696 -0.0296647 -0.0281166 -0.0194503 -0.0498402 -0.0310704 -0.0883775 0.40771 
0.0663702 -0.0554359 -0.0559132 -0.0454241 -0.0300836 -0.0373411 -0.0384574 -0.0146255 1.21656e-19 -0.0522883 -0.0596981 -0.041004 0.071802 
0.0724861 -0.0401586 -0.0499354 -0.0463191 -0.0323247 -0.0317719 -0.0424819 -0.0238723 -0.0304404 -0.0618993 -0.0667907 -0.0994648 0.170163 
0.0776262 -0.0105717 -0.0375922 -0.0371382 -1.37951e-13 -0.0196801 -0.022157 -0.0116171 -0.0377477 -0.0399765 -0.0547174 -0.0588225 -0.0757161 
0.0839076 0.0506964 -0.023084 -0.0248711 -0.0166241 -0.0104126 -0.0148087 -0.017544 -0.0344093 -0.0340204 -0.0560994 -0.0892104 -0.203464 
0.0310074 0.0759278 0.0116481 -0.024385 -0.0156692 -0.0104999 -0.0107005 -0.0055064 -0.00937781 -0.0202807 -0.0241854 -0.163649 -0.535186 
-0.0528213 0.0465191 -0.0259041 -0.0434812 -0.017678 -0.00964843 -0.0068932 -0.0229836 -0.0163917 -0.00433501 -0.0217301 -0.12101 -0.555245 
0.00673773 0.0460802 -0.0388327 -0.0408925 -0.0254127 -0.020364 -0.0162365 -0.0287484 -0.0195856 -0.00290331 -0.0160435 -0.102719 -0.178635 
0.0501735 0.00978664 -0.0689683 -0.059824 -0.0254228 -0.0137464 -0.0142465 -0.0083929 -0.0200629 -0.0194881 -0.0444418 -0.171165 -0.0926036 
0.0920111 -0.0125484 -0.0779761 -0.0931667 -0.0223552 -0.0135438 -0.00834169 -0.00388267 -0.00729859 -0.0141179 -0.0220845 -0.137874 -0.311577 
0.0644461 -0.0534911 -0.101655 -0.0831163 -0.0322408 -4.23704e-11 -2.24571e-12 -0.00617902 -0.00851562 -0.00794784 -0.00889501 -0.169354 0.403018 
0.0777831 -0.0455359 -0.0795209 -0.0386821 -0.0221569 0.000113339 -0.00415866 0.0128228 0.024571 0.0211574 -0.0253962 -0.081699 -0.407906 
0.0781668 -0.0131731 -0.0747354 -0.0375871 1.09332e-19 0.00114545 0.00357246 0.00933975 1.22553e-19 0.00287678 0.0109089 -0.117748 -0.0321507 
0.0575901 0.00841901 -0.0603897 -0.066349 1.03173e-19 -0.0190434 -1.46371e-13 -0.00103745 0.0213984 -1.11651e-12 -0.0237716 -0.210002 -0.0218338 
0.0149512 0.033881 -0.0248364 -1.28648e-12 -0.0303297 -0.0120111 -0.0106627 0.00197991 -0.00172817 -0.0220075 -0.00613775 -0.173323 -0.151417 
-0.0627693 0.0573793 -0.013511 -0.0333342 -0.022615 -0.00975091 -0.0053372 0.00456221 -0.00521757 -0.00174054 0.0121255 -0.234182 -0.738109 
-0.137139 0.0346234 0.0279648 0.00615743 0.00301282 0.00609805 1.17271e-11 0.0146771 0.0155883 0.0212639 0.00839191 -0.0868779 -0.418412 
-0.0756235 0.0212851 0.00301711 -0.00716176 -0.00115547 -0.00715807 0.00181145 -0.0020989 -0.00435384 0.00094144 0.000375242 -0.121649 -0.174947 
-0.00818382 0.0067035 1.14679e-19 -0.0103395 -0.00664154 -0.0131888 -0.0262238 -0.00704312 4.53066e-12 -0.0237111 -0.000396159 -0.203428 -0.202387 
-0.00739462 -1.92088e-13 -0.0155486 -0.00952057 -0.00601388 -0.0115479 -0.00374347 0.00144394 -0.00511035 -0.0197773 -0.0307797 -0.203234 -0.0479143 
0.0287976 -0.0371958 -0.0170426 -0.0132933 -0.0116096 -0.0204091 -0.0195485 -0.0258594 -0.0202248 -0.00527821 -0.0465993 -0.262919 -0.220831 
0.0143365 -0.0464827 -0.0105328 -0.0261316 -4.88205e-13 -0.0236223 -0.022932 -0.0113908 -0.00955745 -0.0304554 -0.0362769 -0.230057 0.0427988 
0.0028792 -0.020274 -0.0145103 -0.0231534 -0.0194559 -0.00688423 -0.022226 -0.0284548 -0.0026116 -0.0632494 -0.0474716 -0.155563 0.15278 
-0.0224418 0.00536863 -0.00466129 -0.0130467 -0.00903391 -0.00788481 -0.00343998 -0.0190405 -0.0147105 -0.0030022 -0.0272681 -0.0894308 -0.000275542 
-0.0794269 0.027106 0.00761705 -0.00199079 0.00181057 -0.00237369 -0.00252989 -0.00322721 -0.00357046 0.00255137 -0.00524488 -0.0875384 -0.175557 
-0.158779 0.036271 0.0309475 0.00763563 0.000916494 -0.00375006 -0.00246389 0.0026121 0.00216158 0.00283496 0.0191281 -0.0898018 -0.35025 
-0.180915 0.0268873 0.020116 0.0111713 -0.00303562 0.001202 -0.00437006 0.0157128 0.0077533 0.00567124 0.0189614 -0.57213 -0.5819 
-0.0747655 -1.58509e-07 -6.99981e-13 0.00384237 -0.0150605 -0.00331905 -0.0134091 -0.000927373 0.00926995 0.0019002 0.0141131 -0.674289 -0.204993 
-0.0189109 -0.016503 -3.89304e-10 0.00382425 0.0047611 0.0053063 -0.0113673 0.000722228 -0.011016 -0.0072495 0.0147439 -0.730395 0.113157 
-0.0209511 -0.0297053 -0.0090026 0.00431816 -0.00190541 0.00860456 0.00138449 0.00168882 -0.0105615 -0.00837693 -0.0150171 -0.685919 -0.509542 
-0.0240511 -0.0393823 -0.0145482 -0.0195451 -2.96657e-12 -0.000556897 0.00597987 -0.00579069 -0.0119754 -0.0114357 -0.0509326 -0.556931 0.0801888 
-0.0176949 -0.0655429 -0.0191808 0.0027289 0.0062005 0.0108237 -0.0179586 0.00960535 0.0102687 -0.00528358 -0.0227085 -0.199436 -0.0377874 
-0.0208321 -0.0256492 -0.0166588 0.00264703 -0.0141251 0.00693445 0.00724019 0.00286051 -0.00783478 -0.0105638 0.00134885 -0.241997 0.261026 
-0.0985706 -0.00452098 0.00719679 0.0120332 0.0221504 0.0073171 0.0109119 0.0118206 -0.00144582 -0.00553292 -0.00895662 -0.186269 -0.223032 
-0.0823642 0.00766902 0.0150146 0.0186327 0.0185797 0.0260324 -0.0103843 0.0186934 -0.00119408 0.0198632 -0.00118155 -0.0470954 -0.202696 
-0.169266 0.0295567 3.59329e-14 -3.44971e-10 0.0230967 0.0238252 0.0230123 0.0296234 0.0337435 0.0705663 0.0549204 -0.0536287 -0.544112 
