0.000486053 0.0274039 0.000521687 -0.00288255 -0.0013023 -0.00879312 -0.0177944 0.0179146 -0.0272007 -0.0113289 -0.0205267 0.0661479 -0.186925 
0.0148427 0.0155284 -0.00501154 -0.00615238 -0.00152463 -0.00776968 -0.0167789 -0.00273411 -0.0243544 -0.0186176 0.0113521 0.0224651 -0.258993 
0.0080826 0.00997098 -0.00203264 0.00188673 -0.00663201 0.0158895 -0.00258654 -0.00561457 -0.00132345 -0.0103142 -0.0219802 -0.0566261 -0.412996 
-0.00235449 0.00595548 0.00192552 0.00275945 -0.000711316 0.00824417 3.51084e-05 0.00131244 0.002894 0.000608369 -0.031713 -0.0231962 -0.0557146 
0.000967319 0.000118994 0.00993308 0.00694819 0.0017011 0.00681482 0.0127164 0.00100301 0.00899597 0.0194407 -0.0247637 0.080012 -0.108278 
0.0173721 0.0229937 0.0200358 0.0194275 0.0093959 0.0150253 0.0282682 0.0270867 0.0315163 0.0210297 0.0165671 -0.0143237 -0.524597 
0.011412 0.0178491 0.0207125 0.0103584 0.016355 0.0130867 0.00182713 0.0302912 0.0159528 0.0294219 0.0161563 0.0236141 -0.226338 
0.00597624 0.0165526 0.0155553 0.0119138 0.00842125 0.0174248 0.0150362 0.0326469 0.0203372 0.0163298 0.0492971 -0.0105908 -0.203584 
-0.00477815 0.00993395 0.0248357 0.0140313 0.00964202 0.0153281 0.0309252 0.0272614 0.0247774 0.0750204 0.0293714 -0.123113 -0.148337 
-0.00397702 -0.00466974 0.00707655 0.010151 0.00137246 0.0166794 0.0189126 0.0115038 0.0271 0.0244267 0.00891361 -0.166208 -0.2383 
0.00108615 0.0331523 0.00465358 -0.00485066 0.00793041 -0.00214354 -0.0282449 -0.00246095 -0.0117057 -0.0300274 -0.0185073 0.0150272 -0.327538 
0.00588071 0.0189286 -0.00331461 -0.00759365 0.00487636 0.00685979 -0.00958152 -0.0057153 0.0188531 -0.0523045 -0.0109942 -0.0280212 -0.241782 
0.00809968 0.017044 0.000774283 0.00957168 0.00797601 -0.00255179 0.00762014 -0.0279927 0.010069 -0.021362 -0.0182023 -0.0354129 -0.0520131 
0.000429831 0.0148863 0.000958137 -0.00245112 0.00670064 0.00465874 0.00533279 0.00176251 -0.00368238 -0.00118807 0.0183077 -0.0246675 -0.255682 
-0.0102986 -0.000148009 0.00513989 0.0112148 0.0102661 0.0152774 0.00589499 -0.00561485 0.0167807 -0.0145096 0.0301629 -0.0644711 -0.466034 
0.00820393 0.0168274 0.0139525 0.00338072 0.00919556 0.0139625 0.0309522 -0.0152763 0.0291756 0.00504739 -0.00574922 -0.00444819 -0.268019 
-1.59588e-05 0.00919041 0.0082157 0.0162005 0.0106305 0.0228353 0.0148952 -0.013704 0.0356209 -0.0167068 0.0380314 0.0618783 -0.353854 
0.00126688 -0.00537644 0.012675 0.0127504 0.00866124 0.0193289 0.0285895 0.0180142 -0.0535407 0.0301863 0.00769634 0.011031 -0.139931 
-0.00405252 0.0010312 0.0124925 0.0133385 0.0046948 0.0234748 0.0217266 0.0314982 0.0471311 0.0280049 0.0604943 -0.0101637 -0.458822 
0.00179418 -0.0293489 0.00538413 0.011161 -0.0166798 0.00861392 0.0150988 0.0110419 0.0316543 -0.0128805 0.0477298 -0.149454 -0.274411 
0.00824107 0.0222296 -0.00309346 0.000749216 -0.0084877 0.00498975 -0.00574255 -0.0132911 -0.00762079 -0.0455072 -0.0397729 0.138686 -0.0128913 
0.00678156 0.0163399 -0.00370083 -0.00517618 0.00226094 -0.00751901 -0.0061479 -0.0119747 -0.0219124 -0.026624 -0.0110093 -0.0115152 0.16993 
0.0072138 0.0105403 0.000593511 0.00423516 0.00149085 -0.0110505 0.0159369 -0.0138441 0.00486902 -0.0473232 0.0320506 -0.0821485 -0.237993 
0.0060428 0.00775299 -1.61072e-05 0.00513233 0.00831166 -0.00722636 0.000558329 0.00628354 0.0126447 -0.0639625 0.0291737 -0.0160101 -0.648499 
0.00319807 0.0046257 0.00966594 0.00548222 0.0013521 -0.00653841 -0.00146173 0.00900672 0.0210052 -0.0522117 0.0790142 0.0231809 0.03773 
0.0158987 0.0113399 0.00756487 0.0116833 0.00886932 0.00389978 0.0222262 0.0171795 0.037543 -0.0368567 0.0998924 -0.0289056 -0.459766 
0.00945131 0.0158728 0.0111993 0.0137836 0.017749 0.0216043 0.00204197 0.0280384 0.023685 -0.0139893 0.0578961 0.0837863 -0.226412 
-0.000260054 0.019061 0.0162054 0.0145467 0.0134741 0.00778535 0.0266593 0.0326962 0.0147493 0.0244706 0.0476045 0.108273 -0.00466728 
0.00692954 0.00824014 0.016266 0.0169872 0.0235358 0.0200286 0.0487696 0.0413835 0.072008 0.0306414 0.0965674 -0.144672 -0.398582 
0.00668918 -0.0174981 0.0133936 0.011459 0.0304168 -0.0064162 0.0292301 0.0396023 0.0559208 -0.0156449 0.117244 -0.202651 -0.0819163 
0.00528019 0.0165456 -0.00723533 -0.00568279 -0.00717633 -0.00111025 -0.0136675 -0.01171 -0.0213996 -0.0106373 -0.0339443 0.0759365 0.253128 
0.00189123 0.00687146 -0.00924716 0.000629369 -0.00627663 0.00530065 0.0010867 -0.0125854 -0.0223202 -0.0228817 -0.00667222 -0.00100941 0.084442 
0.00519425 0.000127234 0.000533869 -0.0011576 0.00484859 0.00217943 -0.00578883 -0.0112415 -0.0147144 -0.0105578 0.0184435 -0.11812 -0.225922 
0.00786835 0.0062469 0.00289677 0.00196222 0.00884874 -0.010164 0.00726938 -0.00185416 -0.00247458 -0.024834 0.0364269 -0.0667982 -0.14025 
0.00804634 -0.0065437 -0.00364941 -0.00193555 0.00572204 0.012055 0.00312844 0.022061 0.00438236 0.00361162 0.0357958 -0.174417 -0.480014 
0.0103908 0.0126271 -0.00770622 0.00668137 0.00230799 0.0208879 0.0203031 0.0704372 -0.00773335 0.0162393 0.079282 -0.0248818 -0.0582523 
-0.00962559 0.0171327 0.0113678 0.0113309 0.0156407 0.0145735 0.0239662 0.00957432 0.029983 0.0159844 0.0955804 -0.0736256 0.000423126 
0.0126382 0.0115158 0.0172545 0.0219198 0.0230322 0.0322578 0.0422365 0.0125313 0.0117325 0.0153916 0.0848567 -0.0567591 -0.227473 
0.0102892 0.00503118 0.0211346 0.0198999 0.0280569 0.0175055 0.0326024 0.0307217 0.0642843 0.022745 0.141977 -0.0851511 -0.205976 
0.0147492 0.00275124 0.0151217 0.0183808 0.0162099 0.0265083 0.0241194 0.0269659 0.0469453 0.0287824 0.0800383 -0.212293 -0.335648 
0.0243365 0.0433307 0.0274214 0.0203787 0.0177427 0.0141444 0.016355 0.00722362 0.0227133 -0.00746582 0.00923495 -0.0399882 -0.141013 
-0.0253955 0.0160061 -0.00149258 0.0105181 0.00969401 0.00384574 0.00444533 -0.0188547 0.00335596 0.00407566 0.00563487 0.000517267 -0.0363518 
0.00327367 0.00830397 0.00488188 0.00971052 0.00873625 -0.000255799 0.00364764 0.00155311 0.00861282 -0.0137939 -0.0215397 -0.0511586 -0.275022 
-0.0223027 -0.00891738 0.00169231 -0.00679579 -0.00386939 -0.00839599 0.0102118 0.00135375 -0.0017767 0.00881366 -0.0162037 -3.60344e-05 -0.207002 
-0.00816291 0.00681978 0.00807204 -0.0123478 -0.00374893 -0.00136965 -0.0130796 0.00434827 -0.00131892 -0.0113345 -0.0135691 -0.0172729 -0.21055 
0.00257798 0.000373799 -0.00153754 -0.00122309 -0.00409961 -0.0009686 -0.00362221 0.00104643 -0.0118871 -0.00954353 0.00326702 -0.0366058 0.164163 
-0.00457329 0.00151465 0.00888754 -0.00726609 0.0126688 0.00434571 -0.00299184 0.00167651 0.00365169 -0.00338894 0.0156699 0.0916926 0.182112 
-0.00559933 -0.00512554 -0.00554626 0.0104302 -0.0021269 0.00954924 -0.000455296 -0.00478516 -0.00570047 0.00115035 0.0111854 0.0233864 0.209115 
0.00281657 -0.00453915 -0.00681826 -0.000183809 -0.00788213 0.00794312 5.41474e-05 0.00539512 -0.0145133 -0.0102233 -0.0170671 0.0419113 -0.181279 
-0.0157972 -0.0148739 -0.00814693 -0.00634666 -0.00863277 -0.00488 -0.00547278 -0.00147521 -0.000594479 -0.00568672 -0.0158448 0.0220803 -0.257125 
0.0269207 -0.00507473 0.0253118 0.0127163 0.0213335 0.0180939 0.0176021 0.00382307 0.0273846 0.0193356 0.00720425 0.0894385 0.654034 
0.0456951 -0.0152538 -0.000669505 -0.0061129 0.00930948 -0.00230185 0.00467472 -0.0146861 0.0167713 0.00537704 -0.016789 0.0632583 0.202766 
-0.00106046 -0.0413877 -0.00919408 -0.00240869 -0.00722732 0.00055375 0.005246 -0.0125822 -0.00795386 0.00948314 0.00653625 -0.0193342 1.41634 
0.0116244 -0.0352079 -0.00360437 -0.00229094 -0.000904082 -0.00847515 0.00329907 -0.0114907 0.0152133 -0.0287717 -0.0128363 -0.044677 0.574319 
0.0234734 -0.0156042 -0.0108668 -0.0133427 -0.00896852 -0.0098667 -0.00392172 -0.00573871 -0.00216881 -0.00151528 -0.0126941 0.0601926 0.769368 
0.00854692 0.00177624 0.0090902 0.0110604 -4.15995e-05 0.00811473 0.00234751 0.00610808 0.0164179 0.0108638 0.0471974 -0.0284389 0.661879 
0.00743137 0.00175045 0.00492284 -1.02193e-05 0.0062442 -0.000894382 0.0125547 0.00722712 0.0188665 0.00812261 0.00855838 0.0307523 0.382913 
0.000827385 0.016795 0.00611213 0.0080025 0.00872532 0.0012634 0.00350737 -0.000759912 -0.00281643 0.000751543 0.0352977 -0.0450623 1.09707 
-0.0166027 0.00756695 -0.00447678 -0.00108717 -0.00514279 -0.00645579 0.00430586 -0.00834709 0.00894998 0.00595287 -0.0081041 -0.117426 0.853152 
0.060568 0.0133475 -0.0158915 -0.007123 -0.00591954 -0.00630846 0.00784028 -0.0168337 0.00337165 -0.0115214 -0.0160248 -0.202931 1.45703 
-0.00022264 0.0222351 -0.00676121 -0.000566185 -0.00726905 -0.00842095 -0.0319944 0.00682331 -0.0219044 -0.0170086 0.00427141 0.0840667 0.138203 
-0.0100503 0.0142509 -0.00778048 -0.00352798 -0.00866487 -0.00840346 -0.0222831 -0.0123963 -0.0147406 -0.0113762 -0.0102933 0.180719 0.0819245 
-0.00816818 0.0120561 -0.0160529 -0.00875741 -0.00623955 -0.00785349 -0.0128819 0.00182077 -0.0175162 -0.0123865 -0.0247905 0.112883 0.0100696 
-0.00650935 -0.00438908 -0.00585333 -0.00455398 -0.00538308 -0.00112264 0.00292331 0.00302068 0.00576296 -0.0151455 -0.0349541 0.120965 -0.0145545 
-0.0106619 -0.0069655 -0.0117128 -0.0165084 -0.00239473 -0.00991902 -0.018103 -0.00299403 0.000101322 0.0106078 -0.0456097 0.209172 0.00765646 
0.015249 0.0150583 0.000233299 0.00374487 0.00979089 0.00676997 -0.00603064 -0.0125767 0.00701045 0.00857465 0.000121654 0.237285 0.215615 
0.00527092 0.00368817 0.00556935 0.00205494 0.00521322 0.0138372 -0.0067052 0.0176978 -0.0139633 0.0250497 0.000172416 0.225143 0.241802 
0.00563965 0.00475654 0.0148472 0.00902462 0.00776923 0.0144634 0.0120575 0.0298672 0.0106655 0.0259395 -0.00451614 0.20538 0.0308465 
0.00122932 0.000760597 0.0227187 0.00805642 0.0124185 0.0159299 0.0187226 0.0197536 0.0182147 0.0240409 -0.0219345 0.131787 0.0806345 
-0.00173825 -0.0016202 0.00925395 -0.00442167 0.00496623 0.00918928 0.0140479 -0.00380112 0.00938671 0.0162766 -0.021446 0.135118 0.151636 
0.00139285 0.011037 -0.00701226 -0.00910856 -0.00129025 -0.00455671 -0.0104875 0.0037725 -0.0181958 -0.0086504 -0.0123439 0.197293 0.294774 
0.00610831 0.00899055 -0.00859137 -0.00657697 -0.00907118 -0.0111325 -0.0233039 0.0203814 -0.0378723 -0.0226068 -0.0264769 0.0740251 0.20356 
0.000616073 -0.0039636 -0.00441397 -0.00480919 0.000367405 -0.0183066 -0.0226288 0.0167821 -0.0566237 -0.030399 -0.00594342 0.0623243 -0.149352 
0.00105918 -0.00631799 -0.00342419 -0.0112677 -0.0100569 -0.00816959 -0.0162611 0.0422655 -0.0429941 -0.00703497 0.00988289 0.027672 -0.864774 
-0.000710781 -0.00871644 -0.00754375 0.000304118 -0.00998146 -0.00808305 -0.0222164 0.0402034 -0.029624 0.00340136 0.0294696 0.0369417 -0.0743629 
0.0106077 0.0166497 0.0117069 0.0121539 0.0088918 9.95698e-05 -0.00202559 0.0482097 -0.0288393 -0.00366765 0.0117392 0.101161 -0.571045 
0.00644328 0.00801944 0.00935104 0.00259685 0.00950758 -0.000809485 0.00118304 0.0753775 -0.0273629 0.0199173 0.0336654 0.153981 -0.683409 
0.00524382 0.00889745 0.00784756 0.00850109 0.00864764 0.00985765 0.00159817 0.0727393 -0.0231396 0.0304247 0.0372449 0.135694 -0.749024 
-0.00384607 0.00122741 0.0151522 0.0107273 0.0162233 0.0113531 0.0046518 0.0719086 -0.0255864 0.0263259 0.0311452 0.0278346 -1.0265 
-0.00189818 -0.00391507 0.00608282 0.00761727 0.0129772 -0.0015545 -0.00928336 0.0746491 -0.0321749 0.0361472 0.0361363 -0.00720177 -1.25657 
0.00298262 0.0105367 0.00923104 -0.0112058 -0.00575148 -0.0141663 -0.019251 0.0232235 -0.0364373 -0.0165837 -0.0134186 0.0645563 -0.110165 
0.0158958 0.00554503 -0.00664506 -0.010115 -0.0126376 -0.00860929 -0.00845677 -0.000293324 -0.0272844 -0.0184729 -0.00649264 0.0428385 -0.301212 
0.0147676 0.00234906 -0.0053244 -0.0122987 -0.00366448 -0.00782009 -0.00719197 -0.00961909 -0.018898 -0.000915875 0.00352805 -0.0188686 -0.281884 
0.0143293 -0.0111598 0.0107691 -0.00959155 -0.0153394 -0.0163844 -0.0121058 -0.00777999 -0.0128851 0.0103154 0.0185934 0.0400977 -0.340777 
0.0079341 0.00300149 0.00961819 0.013506 -0.0128688 -0.0106247 0.0101578 0.000911304 -0.00842779 0.00323417 -0.00124669 0.0272139 -0.278132 
-0.00222718 0.0134998 0.0141024 0.0124828 0.016257 0.011225 0.0192928 0.0142429 0.0168059 0.0217125 0.00428501 0.0341176 -0.680694 
-0.00469244 0.0175515 0.0106109 0.00941056 0.00875706 0.0113953 0.0223853 0.0240039 0.0240575 0.0190154 0.0411359 0.100641 -0.2398 
-0.0116274 0.0115883 0.0134936 0.0164617 0.0196262 0.0230452 0.0200576 0.0375637 0.0162565 0.0484962 0.0379566 -0.0344813 0.0121954 
0.0168914 0.0121883 0.0111999 0.0152084 0.013125 0.0196241 0.0290414 0.00916446 0.0337806 0.0339002 0.0120275 -0.0345255 0.0497019 
-0.00835136 -0.0165918 -0.00814239 0.0160805 0.00218373 0.0236816 0.0177135 -0.0149931 0.0565683 0.0437894 0.0282192 -0.170098 -0.269569 
0.010527 0.0162529 0.00498983 -0.004589 -0.00121116 -0.0151475 -0.0164489 -0.00270951 0.0128996 -0.0221763 0.0192439 -0.0189017 -0.80574 
0.00523297 0.00473641 -0.0076701 -0.00743881 -0.0100915 0.0057792 -0.0121555 -0.016652 -0.00675137 -0.0514375 -0.00964783 0.0141648 -0.351342 
0.00568018 0.00728097 0.00364605 -0.00492664 0.00843109 -0.00490888 -0.00136886 -0.0284585 0.00233794 -0.0164711 0.00845668 0.0178376 -0.537415 
0.00690232 0.00673418 0.00838504 -0.00851451 -0.0110727 -0.0099445 -0.00582383 -0.0316151 0.0140053 -0.012803 -0.0190907 -0.0170404 -0.230655 
-0.00988918 0.00391437 0.00680681 -0.00361031 -0.0148517 0.0147229 0.0183917 0.0133217 -0.0105093 0.00819711 0.00883207 -0.032275 -0.152369 
0.0093902 0.011547 0.0174132 0.0111621 0.018467 0.0184617 0.0131967 0.0052579 0.0185223 0.0272766 0.0278329 -0.000350484 -0.352795 
0.011332 0.0136665 0.0115701 0.0122703 0.0115631 0.0257721 0.00838674 0.00846997 0.0135552 0.0074158 0.0501532 0.0809633 -0.354308 
0.0104891 0.0170491 0.0123768 0.0140712 0.0127339 0.0198403 0.0215518 0.0225313 0.0369047 -0.000512778 0.0387468 -6.70825e-05 -0.632434 
0.00699675 0.00581133 0.00763966 0.0139332 0.00944621 0.0174584 0.0372795 0.0026099 0.043185 0.0323896 0.0143501 -0.0679802 -0.12664 
-0.00861741 -0.0215505 0.0083754 0.0137068 -0.000168508 0.00978515 0.029044 -0.0100596 0.0226486 0.017083 0.0451959 -0.0946987 -0.205181 
0.0051707 0.0183304 0.00991697 -0.0103871 -0.0227756 0.00451679 -0.00591386 -0.0206437 -0.0194424 -0.043273 0.00157623 0.0573199 -0.102406 
0.0050811 0.0102604 -0.0136779 -0.00936078 -0.0198048 -0.0133395 -0.0107732 -0.00913296 -0.0239071 -0.0419492 -0.018796 -0.00464161 0.322924 
0.00663114 0.00792339 0.0107234 -0.0120024 -0.00459975 -0.0125426 -0.00754214 -0.0186749 0.00918461 -0.0594996 0.0181384 -0.00431144 -0.0194443 
0.0049738 0.00409826 0.0123002 -0.00896448 -0.00480638 0.00364833 0.0101671 -0.0134602 0.00126063 -0.0655732 0.0134674 -0.09548 -0.204096 
0.00673652 0.0112639 -0.0112205 0.00660081 0.0129994 -0.0171887 -0.0173917 0.0030608 0.0177888 -0.0427152 0.030312 -0.062339 -0.0709056 
0.0156466 0.0162195 0.00926232 0.0198775 0.0198017 0.0138548 0.0331657 0.00878624 0.0316602 -0.0560436 0.0418015 0.0180198 0.101548 
0.00502732 0.0182245 0.0131252 0.0116034 0.0181426 0.0168309 0.0291732 0.0159314 0.0339726 -0.0137552 0.0617562 0.104408 0.0515726 
0.00489582 0.0191994 0.0125524 0.0128481 0.0266553 0.0225977 0.0352193 0.03414 0.0345493 -0.0146926 0.0636685 0.0280221 -0.211329 
-0.00584144 0.00730121 -0.00785334 0.0134349 0.0261328 0.00659092 0.0265799 0.0448872 0.0413716 -0.0233484 0.0795118 -0.150767 -0.374248 
-0.00456206 -0.0226615 -0.0100194 0.0098631 0.0302992 -0.0059244 0.0101991 0.0351115 0.0389384 -0.0266217 0.115252 -0.231057 -0.211745 
0.00585644 0.023884 0.0105953 -0.00975478 -0.000222558 0.0101503 0.00228853 -0.00874328 0.00952685 -0.0102357 0.00635825 -0.100336 0.0575854 
0.00567639 0.0179557 -0.00576531 -0.00392442 -0.00458647 -0.010207 -0.00805593 -0.0149285 -0.00651702 -0.0419272 -0.0272477 -0.0700769 -0.0525839 
0.00518583 0.0104378 -0.00193026 -0.0129441 -0.00821159 -0.00439154 -0.00429272 -0.0108911 -0.00644375 -0.0277191 0.0120141 -0.146397 -0.273384 
0.00666886 0.00615966 -0.00644943 -0.00298283 0.015274 -0.00810406 0.011763 -0.0136442 -0.00921161 -0.0117935 0.018399 -0.121171 -0.207777 
0.00207431 0.00421486 0.011258 0.0123772 0.0207265 -0.0173294 0.0246342 -0.0197165 0.0168207 -0.00647994 0.0212547 -0.096898 -0.406722 
0.012225 0.0171526 -0.000551841 0.018249 0.0202994 0.0218678 0.0168869 6.56048e-05 0.0360453 -0.000824577 0.0374017 -0.132417 -0.0885828 
0.0103514 0.0186317 0.0166781 0.0174151 0.0194189 0.0263078 0.0177493 0.0186238 0.0230876 0.0235107 0.018196 -0.100963 -0.181746 
-0.00335312 0.0145826 0.0135744 0.0151074 0.0256825 0.0178467 0.0335187 0.0174962 0.0374854 0.0365555 0.0583781 -0.074482 -0.219587 
-0.00167252 0.00370751 0.00776185 0.0194143 0.0168094 0.00578009 0.0189521 0.00381081 0.0228125 0.0225755 0.0541951 -0.186012 -0.271322 
-0.006576 -0.0253035 -0.0160087 0.0143294 0.0127461 0.00366066 0.00512985 0.0169597 0.0163502 0.0110008 0.00788838 -0.190077 -0.262304 
-0.00736493 0.0533063 0.0211257 0.0231511 0.0179837 0.00917011 0.0302095 -0.00952142 0.0271548 0.0192258 0.015816 -0.0549889 -0.15041 
0.00283808 0.0185763 -0.00235384 0.0186635 -0.00344947 0.000987878 0.0176233 -0.0192245 0.0182911 -0.000984399 0.0131652 -0.0133422 -0.365765 
0.00810365 0.012058 0.00912266 -0.004985 0.0160931 0.0196994 0.00218947 0.00320218 -0.000835129 -0.0115803 0.000779741 0.0562579 -0.207842 
0.0500217 -0.00476533 0.00415872 0.0115253 0.0146382 0.0100026 0.000256125 0.000845566 0.00709587 0.00310004 0.00556245 0.0296535 -0.0490063 
0.150725 0.00935542 0.00456348 -0.000772751 0.0065848 0.00270023 0.0185511 -0.00761578 -0.0146083 -0.0127062 -0.0116036 -0.0203824 -0.648665 
-0.0895171 0.0169752 -0.00280432 -0.00124093 0.000287725 -0.0159871 0.0017514 -0.0041689 0.011851 -0.000241082 -0.00195962 0.0353216 0.00263234 
0.00276935 0.0191575 -0.00494757 -0.0121619 -0.00885785 0.00275819 0.0130566 0.00364651 0.0088224 0.00726434 0.00566696 0.046056 -0.0476391 
-0.0171868 0.00868128 0.010586 0.00628977 -0.0048394 0.00460712 -0.00415141 0.00455047 0.0190381 0.0170737 -0.0123857 0.0704291 -0.0866723 
0.00681408 -0.00328853 -0.00886733 -0.0116289 -0.0164223 -0.0163252 0.00202029 -0.0122777 0.0144419 -0.0138361 -0.00964233 -0.0256905 -0.143721 
-0.0150331 -0.0215824 -0.0185029 -0.0213249 -0.0191301 -0.00722229 -0.0254532 0.00521737 -0.0337789 -0.00240715 -0.0120028 -0.0756983 -0.0230056 
0.0258937 -0.00371174 0.0345116 0.0278543 0.0209918 0.027845 0.0104581 0.0369455 0.00899125 0.0153196 -0.0153389 0.0711782 0.261845 
0.0292675 -0.0248661 0.00349153 0.0110316 0.009897 0.0166116 0.00921066 -0.0142209 0.0208141 -0.0229033 -0.0227284 -0.00939241 0.085907 
-0.00880585 -0.0547668 -0.00594949 0.00751746 -0.00119923 -0.00411267 -0.00630992 -0.0120744 -0.00791595 -0.0143135 -0.0363493 0.0125201 0.536419 
-0.0614614 -0.037644 -0.00295685 0.000695229 0.00996935 -0.00406286 -0.00800345 -0.0227183 -0.00333075 0.0116548 0.00231589 -0.0477273 -0.741491 
0.0045513 -0.026311 -0.0106336 -0.00901069 -0.0112052 0.00857498 -0.0200351 0.000248356 -0.00451668 -0.00406714 0.00302955 -0.0791877 -0.683807 
-0.022579 -0.0139378 -0.00724735 0.00549134 0.0108775 0.00905438 0.00381167 0.00698867 0.0209853 -0.0172792 -0.00372319 0.0264989 0.32699 
0.00886418 0.00850819 -0.0034208 0.00471101 -0.0101883 0.0143154 -0.00518101 -0.00342515 0.00554462 -0.0235958 0.0246688 -0.0991031 0.764324 
-0.0212764 0.00876296 0.00691366 0.00817094 0.00597705 0.00432768 0.00520231 0.00966606 0.0033181 0.00258442 0.0144989 -0.0352915 7.84121e-07 
-0.0137115 0.00713875 -0.00581646 -0.0101947 -0.0164137 0.00370665 0.00224214 -0.0200674 0.00766508 0.0120336 0.00813661 0.00903683 1.39851 
-0.0321907 0.00212839 -0.0210957 -0.0180893 -0.0116004 -0.000356106 -0.0132119 -0.0058838 -0.0113362 -0.00574123 -0.00751654 -0.189618 1.31832 
0.000753135 0.0194811 -0.00420889 -0.00656042 -0.00555511 -0.0096205 -0.0263443 0.0102466 -0.0256173 -0.0232326 -0.0409354 0.0628701 0.0124468 
-0.0115712 -0.00379431 -0.00928411 -0.0118531 -0.0160292 -0.0132382 -0.0207062 -0.0219269 -0.0250349 -0.018955 -0.0625758 0.0847733 0.288081 
-0.0074455 -0.00667053 -0.00990958 -0.0123041 -0.0101631 -0.0143955 -0.0275366 -0.0159545 -0.0231764 -0.0361647 -0.0726874 0.0577202 0.0610849 
-0.00625573 -0.00879455 -0.00508562 -0.0112924 -0.0115665 -0.00943429 -0.0133757 -0.0147694 -0.018038 0.00306323 -0.0742674 0.163347 0.258816 
-0.00771731 -0.0108923 -0.00890066 -0.0153537 -0.0133922 -0.00889154 -0.00223952 -0.00543888 0.0172747 0.00593383 -0.0357332 0.224067 -0.226521 
0.0186704 0.0145652 0.00753365 0.0145299 0.0129808 0.0154696 0.0168826 0.0219513 -0.0291647 0.0199566 -0.0180229 0.204774 0.165547 
0.00902372 0.0101915 0.00802686 0.00376276 0.01329 0.0129823 0.00814775 0.0287512 0.00934583 0.021807 -0.00186254 0.202463 0.163848 
0.0122806 0.0144015 0.013018 0.0103673 0.0173371 0.0115857 0.0133251 0.0241553 0.0344643 0.0253069 0.0200529 0.289682 0.358134 
0.008202 0.00971821 0.0151805 0.0146469 0.0187599 0.0275019 0.0271693 0.0248458 0.021203 0.0565594 0.024237 0.17676 0.022612 
0.015536 -0.0168925 0.01193 0.00706185 0.0123444 0.0120564 0.0276388 0.00959706 0.00965595 0.0293925 -0.00769245 0.107855 0.114368 
-0.0109858 0.0207776 -0.00268282 -0.0126881 -0.0193903 -0.0114922 -0.0159663 -0.000931037 -0.0262626 -0.0217437 -0.00785242 0.127202 0.241626 
-0.00308807 0.014179 -0.00513515 -0.0132164 -0.0167403 -0.0224948 -0.0177656 -0.00294972 -0.0480762 -0.0548689 -0.0253005 0.0785486 -0.28942 
-0.00342955 -0.011329 -0.0118235 -0.0150219 -0.0135651 -0.0272332 -0.0245038 0.0153954 -0.0544077 -0.025642 0.0197463 -0.0382126 -0.710824 
-0.00399787 -0.00887011 -0.0116386 -0.0123522 -0.00616295 -0.0222694 -0.0233086 0.0438828 -0.0647228 -0.0118572 -0.016589 0.0723333 -0.610181 
0.018203 0.00975436 -0.00444511 -0.0101218 -0.00152406 -0.00798212 -0.017445 0.0692031 -0.0464952 0.00987701 0.0240879 0.0650285 -0.32277 
0.00700027 0.0193736 0.013281 0.0130301 0.0180685 0.0126091 0.00179599 0.0583603 -0.0143621 0.00951907 -0.00375941 0.107373 -0.912721 
0.0125316 0.0138821 0.014492 0.0129143 0.0133024 0.0128641 0.00548446 0.072972 -0.0230148 0.00552245 0.0539518 0.139055 -0.425173 
0.0113623 0.0162288 0.0114043 0.0150845 0.0216636 0.02501 0.00431848 0.0743134 -0.0408876 0.0356671 0.0476283 0.103691 -0.983748 
0.00585372 0.0162066 0.0106328 0.0135931 0.0251889 0.0075414 0.0221927 0.101903 -0.0202507 0.0523864 0.061612 0.0458256 -0.873974 
0.00703329 0.00308976 0.00976796 0.0127025 0.022236 -0.00209046 0.00784688 0.0940925 -0.0146241 0.018468 0.0437879 -0.065813 -1.38599 
