-0.000322852 0.002202692 -0.001888467 0.000811024 -0.000168248 0.000013327 0.000240719 
0.160367630 -0.071825250 0.048325772 0.029430233 -0.007579445 0.001067527 -0.000062218 -0.157448453 
0.003121002 -0.002086285 0.001392072 -0.000518370 0.000097819 -0.000007140 -0.001040731 
0.061788662 -0.028230477 0.018527512 0.011776151 -0.003020082 0.000416257 -0.000023298 -0.058999242 
0.003853228 -0.002578423 0.001508584 -0.000485213 0.000079546 -0.000005126 -0.001352018 
0.003400882 0.000284615 0.002622116 -0.000888246 0.000517823 -0.000123118 0.000010782 -0.003566486 
0.004978278 -0.003809582 0.002331394 -0.000765676 0.000125277 -0.000007955 -0.001783874 
0.049007149 -0.026538711 0.012366187 0.012820766 -0.003758096 0.000588966 -0.000037542 -0.042147209 
0.006578046 -0.004818123 0.002598807 -0.000749429 0.000107224 -0.000005817 -0.002609510 
0.034494693 -0.018182345 0.009394102 0.008695253 -0.002523029 0.000392532 -0.000024811 -0.029926739 
0.000528801 0.000190235 -0.000154741 0.000098070 -0.000028012 0.000002902 0.000223126 
0.036510492 -0.017566843 0.010230635 0.007388601 -0.001796591 0.000219178 -0.000009743 -0.032680742 
0.000828323 -0.000001825 -0.000060943 0.000072169 -0.000024084 0.000002600 0.000102664 
0.066862285 -0.032276314 0.017772362 0.013488166 -0.003341196 0.000428460 -0.000021113 -0.060581413 
-0.000148922 0.001203470 -0.000847062 0.000348673 -0.000074200 0.000006276 0.000477990 
0.079545850 -0.038967981 0.021270396 0.017030305 -0.004560484 0.000656924 -0.000038499 -0.072642542 
-0.005794298 0.007792330 -0.005574451 0.002127910 -0.000401802 0.000029424 0.002868883 
0.184352277 -0.090514803 0.049322058 0.039779415 -0.010812458 0.001584847 -0.000094857 -0.171308327 
-0.005745118 0.007767846 -0.005487057 0.002069296 -0.000387745 0.000028276 0.002882328 
0.238919046 -0.109295783 0.069803735 0.045282848 -0.011721835 0.001650004 -0.000095618 -0.232150229 
-0.001671521 0.002015149 -0.001530891 0.000597849 -0.000115355 0.000008682 -0.000041794 
0.152540021 -0.068632895 0.045566031 0.028285697 -0.007319090 0.001037132 -0.000060877 -0.148568237 
-0.000805372 0.000640286 -0.000607951 0.000283117 -0.000061920 0.000005146 -0.000229730 
0.004758275 0.003561672 0.005662114 -0.003391536 0.001356186 -0.000249908 0.000017555 -0.008997588 
0.005538935 -0.006859187 0.004734408 -0.001685871 0.000291478 -0.000019211 -0.002874179 
0.003797295 0.000979024 0.002982957 -0.001437396 0.000697746 -0.000145647 0.000011365 -0.004163861 
0.003629560 -0.005223054 0.003901575 -0.001504764 0.000282853 -0.000020313 -0.001947931 
0.003655393 0.000275893 0.002550178 -0.000878542 0.000491517 -0.000110279 0.000009152 -0.003313925 
0.006913078 -0.008997987 0.006564266 -0.002520771 0.000476478 -0.000034560 -0.003413799 
0.004709825 0.000913127 0.003188296 -0.001892357 0.001017163 -0.000230649 0.000019415 -0.005027593 
0.012555660 -0.013886304 0.009363625 -0.003379433 0.000607636 -0.000042320 -0.005813544 
0.006606793 0.003444041 0.005129353 -0.004458071 0.002088062 -0.000438623 0.000034624 -0.009727655 
0.008848282 -0.010087124 0.006826636 -0.002471475 0.000446279 -0.000031241 -0.004188306 
0.005300946 0.002932786 0.004380914 -0.003466290 0.001527405 -0.000304236 0.000023091 -0.007768202 
0.006753104 -0.008025465 0.005502322 -0.002033665 0.000375971 -0.000026914 -0.003352095 
0.006676757 0.003921598 0.005592414 -0.004733569 0.002122904 -0.000431039 0.000033119 -0.010615536 
-0.000112281 -0.001044530 0.000816754 -0.000319006 0.000060232 -0.000004190 -0.000394138 
0.077952095 -0.030648472 0.025317686 0.010751320 -0.002317124 0.000270979 -0.000012928 -0.078801994 
0.001878224 -0.003710462 0.002979976 -0.001233735 0.000247010 -0.000018790 -0.001260462 
0.167946076 -0.071081254 0.052665343 0.027523478 -0.006745513 0.000913363 -0.000051610 -0.168614317 
-1.293033556 0.942569771 -0.042020196 -0.402573069 0.156086427 -0.016515569 0.559666137 
2.250237011 0.295046916 1.091953021 -0.551860626 0.268193797 -0.054397026 0.004007798 -1.733597171 
-1.734757759 1.050655341 -0.124211712 -0.283767162 0.112820236 -0.011857255 0.850347749 
1.763047880 0.390269369 1.004736660 -0.406860938 0.153292858 -0.023308943 0.001019921 -1.326530091 
0.081345076 -1.014481869 1.344708957 -0.816483964 0.209093190 -0.018689043 0.044873411 
30.830820499 -15.615856014 7.629469537 7.248965522 -2.070316251 0.317401271 -0.019811223 -26.758941499 
0.009161709 -0.739662065 0.950971224 -0.545323635 0.132889474 -0.011398461 -0.000150244 
1.508822607 0.293661778 0.874340259 -0.170457079 0.010654268 0.011338647 -0.001878080 -0.973406004 
1.283508327 -1.443080904 1.051982848 -0.443696826 0.092794009 -0.007357188 -0.751562131 
0.849477388 -0.424051222 0.247068238 0.667030150 -0.370078522 0.089811484 -0.007843994 0.484735835 
-0.633170185 0.976762927 -0.951157528 0.453906961 -0.099372885 0.008001744 0.011097550 
1.107282160 -0.138998469 0.494018331 0.326631834 -0.204045654 0.052383621 -0.004732250 -0.094370323 
1.258042267 -0.898383332 0.256803705 0.058631399 -0.036881964 0.004207505 -0.892098023 
1.856217991 0.461974037 1.154778330 -0.436379800 0.164150324 -0.028844419 0.001985698 -1.620545240 
2.166513961 -1.559720171 0.526733727 0.036527697 -0.043591005 0.005110791 -1.350617685 
2.267831128 0.558283242 1.247564992 -0.776619029 0.376966159 -0.080780329 0.006304495 -2.039905481 
1.864934968 -0.906470045 -0.211042524 0.472524803 -0.156457951 0.015437896 -1.264471346 
1.896527354 0.404677875 1.028025404 -0.497273987 0.231186911 -0.049626073 0.004039410 -1.450309597 
2.432897803 -1.523215063 0.097608877 0.465739522 -0.177848773 0.018541245 -1.459265027 
1.176772903 -0.274384222 0.445198790 0.361430405 -0.181518848 0.039875850 -0.003135052 0.014183395 
-0.077521926 1.161722132 -0.306727275 -0.268303607 0.126160615 -0.014044423 0.509103583 
46.794648380 -25.068705931 10.985781562 11.916045987 -3.438698671 0.529036572 -0.033106454 -40.119452433 
-0.101898589 0.897101481 -0.184801133 -0.215426741 0.093886876 -0.010171705 0.529524007 
1.987544746 0.292143722 1.144391174 -0.423428045 0.207849235 -0.046387544 0.003880002 -1.616462476 
0.058681924 0.362594380 0.182512514 -0.293719025 0.095112937 -0.009321536 0.475353305 
1.983047543 0.532059528 1.287275478 -0.580098408 0.243268412 -0.047154409 0.003510330 -1.870654416 
-0.285130918 0.780051749 -0.260227321 -0.044209483 0.031798456 -0.003544300 0.502377252 
26.747942526 -15.163274279 6.256233461 8.129985436 -2.708518208 0.483788251 -0.034893453 -22.157203832 
0.196741642 0.295374922 -0.044456702 -0.064714975 0.026465771 -0.002777656 0.161243239 
34.911017042 -19.161893958 8.118999295 9.591326678 -2.945352382 0.483341732 -0.032183094 -29.427300414 
1.268173963 -0.514345481 0.211815758 -0.012098187 -0.009309169 0.001401849 -0.329503870 
1.875942281 0.194491704 0.926008775 -0.357017942 0.181714207 -0.039174732 0.003030619 -1.231992485 
2.318735441 -1.580826010 0.824375969 -0.175909037 0.009357752 0.000698024 -0.919990170 
2.079348665 0.484036435 1.262820518 -0.605171874 0.271661662 -0.055443385 0.004321039 -1.875921984 
1.839468456 -1.011431465 0.258515045 0.127765271 -0.063447985 0.006959220 -0.794549560 
1.797728268 0.381786687 1.152315775 -0.386917685 0.146230655 -0.024061344 0.001366392 -1.506648629 
2.853739144 -2.134817544 0.845120336 0.041457686 -0.074665587 0.009691952 -1.260927406 
1.765293999 0.226592142 1.025069784 -0.260777842 0.106500107 -0.020255524 0.001535380 -1.279620499 
1.307780720 -0.641381982 -0.339525206 0.615789312 -0.209144072 0.021250030 -0.561447214 
13.095911420 -6.597063591 3.289467196 3.178705612 -0.941051459 0.152097512 -0.010230444 -10.584249833 
0.025304334 -0.021151270 0.012517426 -0.004142343 0.000699716 -0.000046636 -0.012307131 
0.155584155 -0.070544206 0.046638473 0.029391217 -0.007699688 0.001100277 -0.000064760 -0.152126367 
0.015437556 -0.013114864 0.007864591 -0.002568020 0.000419257 -0.000026625 -0.007047972 
0.065325256 -0.029654605 0.019711882 0.012393544 -0.003237745 0.000463933 -0.000027584 -0.062731348 
0.008940784 -0.007780402 0.004973264 -0.001752903 0.000314983 -0.000022361 -0.003631844 
0.002591401 0.000333188 0.002460183 -0.000545984 0.000262031 -0.000051533 0.000003833 -0.002790257 
0.004244583 -0.004005088 0.002939700 -0.001141254 0.000221050 -0.000016618 -0.001148225 
0.003616588 0.000207165 0.002693051 -0.000906074 0.000537711 -0.000127120 0.000010988 -0.003721539 
0.003142950 -0.002387045 0.001368464 -0.000382812 0.000048444 -0.000001959 -0.000656738 
0.002629714 -0.000505704 0.002066352 -0.000034816 0.000169646 -0.000058766 0.000006281 -0.001948760 
0.001230246 -0.000945717 0.000863093 -0.000358082 0.000068186 -0.000004681 0.000017989 
0.097600581 -0.052880851 0.023620886 0.025268238 -0.007353962 0.001144793 -0.000072504 -0.085022523 
-0.000598447 0.001438630 -0.000924527 0.000317223 -0.000052962 0.000003515 0.000749678 
0.085164305 -0.043894928 0.021477755 0.019980338 -0.005563300 0.000834225 -0.000051165 -0.075617388 
-0.001349134 0.002725313 -0.001950820 0.000746871 -0.000140215 0.000010156 0.000928309 
0.061512416 -0.028912445 0.017236467 0.012145377 -0.003106452 0.000425618 -0.000023578 -0.056989081 
-0.002278265 0.004876636 -0.004035013 0.001713179 -0.000352324 0.000027721 0.001095048 
0.172353389 -0.084212250 0.046456181 0.036851680 -0.009968122 0.001453485 -0.000086476 -0.160548277 
0.001512564 0.001246686 -0.001533351 0.000726778 -0.000152443 0.000011814 -0.000695252 
0.249949363 -0.115899221 0.072114029 0.048726182 -0.012816248 0.001834063 -0.000108010 -0.241408877 
-0.000791908 0.001229775 -0.001074206 0.000468313 -0.000101999 0.000008715 -0.000482433 
0.126506658 -0.053136478 0.040046357 0.020215338 -0.004756243 0.000605397 -0.000031591 -0.126603475 
-0.001865674 0.002157900 -0.001850412 0.000791155 -0.000160474 0.000012351 0.000146501 
0.004894964 0.003594316 0.005789349 -0.003452221 0.001401820 -0.000265160 0.000019256 -0.009270046 
0.007803969 -0.009434199 0.006653962 -0.002463515 0.000448294 -0.000031502 -0.003846938 
0.003606083 0.000536001 0.002758642 -0.000971733 0.000504841 -0.000110506 0.000009114 -0.003619857 
0.002041260 -0.003151270 0.002155338 -0.000730086 0.000116112 -0.000006602 -0.001304358 
0.003705649 -0.000139567 0.002277048 -0.000802044 0.000625333 -0.000175552 0.000017275 -0.002835543 
0.007269283 -0.009121561 0.006464104 -0.002408677 0.000440444 -0.000030866 -0.003617629 
0.004442082 0.000581422 0.002934991 -0.001545172 0.000893236 -0.000215814 0.000019193 -0.004416190 
0.016908069 -0.019313892 0.013699890 -0.005215270 0.000986466 -0.000072166 -0.007589994 
0.006129037 0.003042794 0.004808496 -0.003887366 0.001802482 -0.000376570 0.000029690 -0.008870804 
0.009305632 -0.010605693 0.007278682 -0.002703567 0.000504046 -0.000036577 -0.004393299 
0.006146052 0.003179736 0.004850443 -0.003960462 0.001785383 -0.000359150 0.000027066 -0.009046471 
0.004512755 -0.005018721 0.002937237 -0.000873968 0.000119899 -0.000005412 -0.002473346 
0.006862369 0.004079671 0.005763019 -0.004927073 0.002225214 -0.000457844 0.000035815 -0.011013546 
0.001375467 -0.002830368 0.002275976 -0.000971760 0.000204810 -0.000016420 -0.001034555 
0.089320612 -0.037140790 0.027785343 0.013918636 -0.003254350 0.000419516 -0.000022585 -0.088516418 
0.001000498 -0.002637355 0.002260556 -0.001010075 0.000218260 -0.000017807 -0.000932304 
0.181170639 -0.079617791 0.055274473 0.032335108 -0.008388815 0.001208000 -0.000072685 -0.179358473 
-1.037718085 1.057802272 -0.322696974 -0.235266800 0.115376133 -0.012962792 0.338865732 
2.240731245 0.385561831 1.158083135 -0.597379592 0.270144959 -0.050346725 0.003208002 -1.839982483 
-1.000139354 0.427992311 0.244460360 -0.409362750 0.136508503 -0.013794828 0.476849659 
2.666297530 0.836277201 1.467825055 -1.222174005 0.604836185 -0.131714081 0.010544750 -2.669921448 
0.167819698 -0.844791817 1.052985428 -0.634864144 0.161568324 -0.014373764 -0.051959307 
2.332429096 0.620328134 1.292281055 -0.799309140 0.348491686 -0.065703195 0.004455538 -2.163826642 
-0.247358412 -0.078495481 0.231532522 -0.183090224 0.049759756 -0.004424586 0.039673299 
2.161530210 0.809507219 1.396686908 -0.849615573 0.344593384 -0.063098750 0.004197288 -2.248686936 
0.559014782 -0.599648622 0.415615556 -0.181470843 0.038389582 -0.002909175 -0.438331009 
1.065179892 -0.515636994 0.255942708 0.595059775 -0.277634265 0.059148754 -0.004675034 0.363753999 
2.350042913 -2.232464301 1.242018863 -0.335887979 0.038409516 -0.001082794 -1.290440058 
23.538598118 -12.615005858 5.538143791 6.302782136 -1.922631048 0.309768993 -0.019933643 -19.587291205 
0.771546711 -0.029423222 -0.616230580 0.492054393 -0.136818557 0.012694759 -0.733438591 
0.823638272 -0.188825896 0.534810148 0.609636490 -0.393005383 0.100015972 -0.008860230 0.077164346 
1.749206524 -0.985771673 0.008001851 0.293309953 -0.105580389 0.010662736 -1.184976249 
1.712687259 0.276497624 0.917231944 -0.298325882 0.119817596 -0.021677232 0.001396879 -1.143768010 
2.448472176 -1.443113689 0.063560867 0.421869124 -0.159431418 0.016617314 -1.525758646 
0.854326933 -0.356829513 0.318126449 0.580483984 -0.313895157 0.074609145 -0.006513851 0.415458537 
1.374639945 -0.365735928 -0.722043890 0.775227927 -0.233652065 0.022248289 -0.988372294 
1.091207135 -0.146606068 0.472836600 0.272250914 -0.162194167 0.043002833 -0.004132189 0.014121444 
-0.348097991 1.342730478 -0.330259676 -0.304780647 0.142717158 -0.016014993 0.649394592 
46.479269415 -24.522372221 11.075544353 11.480741118 -3.253297021 0.489525232 -0.029877447 -40.152141780 
1.444317562 -0.963995946 1.213739192 -0.767728483 0.201114384 -0.018219327 -0.100474220 
1.579747226 0.315650618 1.037064077 -0.256269625 0.079362415 -0.009484328 0.000290299 -1.199757462 
0.443049141 -0.246490815 0.751136731 -0.561571874 0.155178452 -0.014321432 0.346029605 
2.437558792 0.778407139 1.575919204 -0.933066373 0.410742231 -0.081832428 0.006119494 -2.640402404 
0.009758068 0.625147449 -0.304840086 0.035348101 0.006861496 -0.001236204 0.352561716 
41.438438170 -21.350539221 10.167994777 9.900686862 -2.787315742 0.413101707 -0.024387607 -36.196416622 
0.653931849 -0.011783965 -0.015948567 0.006309342 -0.001609690 0.000203747 -0.061124591 
1.270206459 0.151563297 0.769884577 0.023584169 -0.078886288 0.028617898 -0.003015285 -0.620673950 
0.463344075 0.744995119 -0.993820025 0.575646635 -0.143721049 0.012726827 -0.037125545 
0.747005062 0.025136521 0.550553781 0.449063503 -0.365131847 0.105224207 -0.010163858 0.054641846 
-0.212732819 1.220620622 -1.140105445 0.554692217 -0.124809362 0.010339747 0.173585175 
0.812540673 -0.248996202 0.482448128 0.553686467 -0.333706737 0.084150604 -0.007522127 0.220545611 
1.523510945 -0.671331895 0.048688869 0.193884053 -0.074478544 0.007773158 -0.659006377 
2.464503102 0.539741585 1.411800480 -0.889382980 0.467380452 -0.106621778 0.008866739 -2.337237098 
3.043716456 -2.477244987 1.229155979 -0.163325064 -0.026087962 0.005461375 -1.325749334 
0.761068703 -0.276770340 0.349655434 0.483164565 -0.267201446 0.065652660 -0.005957203 0.453608091 
2.967837967 -2.598401501 1.150673414 0.001543699 -0.083478482 0.011273768 -1.257220802 
2.634206329 0.139871316 1.222520422 -0.671716279 0.429392910 -0.110918237 0.010273528 -2.069205578 
