8.459671629 -3.909806009 2.162749024 1.448867795 -7.894711255 -0.287541492 0.022644485 
-1.767924105 0.893902215 -0.949333911 -0.274808530 0.049178949 -0.003738808 2.979443978 
1.683974634 -0.847279489 0.376178797 0.317102977 -1.476722159 -0.057228527 0.003341063 
7.509775351 -3.183196786 1.632657525 1.199991957 -0.245276286 0.019882751 -6.007078841 
11.123500665 -5.168244714 2.817448447 1.898941838 -10.327972210 -0.365696315 0.027098073 
1.371411990 -0.037903295 0.188653046 -0.120344359 0.051974610 -0.006170768 -0.520220676 
5.577056343 -2.444419987 1.511591299 0.870074653 -5.352382728 -0.171267143 0.013695303 
-4.531980546 2.607594928 -1.363620562 -1.036175306 0.212102102 -0.016620764 5.056347323 
-2.509678474 1.588616807 -0.402093685 -0.725795780 1.903572811 0.161788988 -0.013715173 
-4.563886101 2.572054318 -1.355076895 -0.983020580 0.193131118 -0.014609970 5.076102559 
0.408776339 -0.135752762 0.128925530 0.040186535 -0.428878825 -0.011468284 0.001642328 
5.704491648 -2.619862357 1.031054251 1.091699095 -0.239728908 0.020257634 -4.052855570 
3.043323074 -1.607606531 0.661608319 0.652317766 -2.624237575 -0.134579035 0.010246793 
5.629322813 -2.179254290 1.204812832 0.765371123 -0.143560815 0.010173127 -4.356418643 
3.069884110 -1.921186563 0.558169064 0.924227630 -2.428234989 -0.226897062 0.020995471 
5.784920985 -2.756047255 0.943535772 1.160844306 -0.261973917 0.022940960 -3.960155157 
3.020269774 -1.628891505 0.650023699 0.708818886 -2.595870129 -0.167810985 0.015407509 
5.833067515 -2.579487813 0.972361207 0.936357130 -0.175589913 0.013368280 -4.068885480 
10.818204278 -4.886682663 2.756229896 1.734201187 -10.109136339 -0.329829323 0.024800964 
-6.660050747 2.863850536 -2.428513151 -0.924051397 0.162102950 -0.011345188 7.933309201 
-1.760385316 0.927433423 -0.442265071 -0.413161064 1.603331459 0.097277195 -0.008638848 
0.031914333 -0.034618113 -0.542971636 0.147422343 -0.058979566 0.007227615 1.413384597 
-1.706018722 0.570248240 -0.554216377 -0.143184612 1.812740712 0.017772997 -0.000775720 
-0.014935836 -0.059371983 -0.507825527 0.187304851 -0.072258348 0.008493941 1.414563166 
-4.923711834 2.254979067 -1.267118726 -0.828524337 4.611869549 0.160833265 -0.011856174 
2.341339160 -0.855009757 0.247220681 0.374909865 -0.091034718 0.008675910 -1.068544516 
6.430602827 -3.324247754 1.485029330 1.358955534 -5.686473199 -0.290204625 0.023920235 
2.333505732 -0.850947434 0.259388573 0.358181438 -0.080902385 0.007190479 -1.072820802 
-1.331757960 0.460842437 -0.369281454 -0.073354023 1.317540448 -0.010980866 0.003175988 
2.403094795 -1.287848756 0.096149489 0.691647013 -0.180395366 0.017228209 -0.790449900 
4.391082574 -1.722654623 1.276520331 0.514981977 -4.381237557 -0.079924098 0.004958756 
0.185334557 -0.084132601 -0.397310259 0.198187163 -0.080336473 0.009645761 1.122663737 
4.456391561 -1.921920438 1.186420367 0.636293931 -4.252234476 -0.111366544 0.007997356 
0.238580557 -0.028931376 -0.392001761 0.081789964 -0.023679207 0.002016072 1.075064585 
-13.511850222 6.392800009 -3.358849281 -2.427296406 12.437436920 0.493414392 -0.039603002 
5.195678829 -1.920225188 1.100863389 0.649398991 -0.114815531 0.007913337 -3.966198159 
4.510999034 -2.105467337 1.139531221 0.782867335 -4.183563647 -0.158210316 0.013089289 
0.920085719 -0.265143395 -0.165037111 0.163833216 -0.044513157 0.004411936 0.331224100 
-6.704819717 3.022989959 -1.786904589 -1.115275465 6.372119727 0.221229094 -0.017069689 
-11.124706670 5.082140544 -3.445772447 -1.761503874 0.321695704 -0.022646160 11.890728909 
9.983175962 -4.264206328 2.752463572 1.493475162 -9.679961425 -0.290343513 0.023257443 
38.648605901 -16.706192074 9.981903217 5.959057227 -1.141273505 0.087086492 -35.797017086 
10.021080061 -4.216882033 2.758447850 1.420437241 -9.721920583 -0.258410541 0.018716105 
25.800562664 -11.109245862 6.532612076 4.034348005 -0.790733397 0.062013664 -23.506613305 
9.995594515 -4.191925100 2.782115797 1.413235421 -9.744112238 -0.256568148 0.018563489 
29.279057211 -12.457271039 7.556072356 4.423049554 -0.843188390 0.064029430 -27.000714086 
5.803837252 -2.623418206 1.477314189 0.929252449 -5.411480051 -0.173477140 0.012756277 
38.700633979 -16.559069450 10.056465193 5.834310974 -1.103990547 0.083335313 -35.979399064 
1.080795901 -0.688949956 0.191977781 0.343784592 -0.840443493 -0.089719433 0.009044572 
34.086679865 -14.084140885 9.036092759 4.778835483 -0.867148399 0.062751572 -31.976140333 
1.107278776 -0.663212891 0.199312479 0.296211197 -0.872656699 -0.066600003 0.005764524 
37.844763168 -16.154130570 9.877036133 5.687670022 -1.072545109 0.080275761 -35.230819473 
1.192691863 -1.108769829 -0.007536115 0.607019045 -0.538583967 -0.154584344 0.014331528 
41.074454118 -17.510220678 10.758684695 6.141922862 -1.152229832 0.085596811 -38.358883105 
-5.723178990 2.207772338 -1.721869396 -0.686174645 5.811028502 0.116828336 -0.007989606 
41.011018983 -17.167560649 10.942304358 5.916043943 -1.093730129 0.080395405 -38.651745440 
-5.749445000 2.076830261 -1.761861232 -0.553869494 5.916324502 0.068536033 -0.002264588 
49.017952002 -21.138383396 12.818364394 7.463794249 -1.411920636 0.106120928 -45.811235807 
-5.824319791 2.346985740 -1.634970523 -0.728826790 5.722252082 0.116426770 -0.006894008 
49.012138933 -20.745878911 12.984962541 7.159719678 -1.318969091 0.096182390 -46.138526864 
7.893325740 -3.467426023 2.070246716 1.205407024 -7.483744000 -0.223648663 0.016492772 
49.002082861 -21.268014960 12.728594125 7.578852509 -1.451681668 0.110777308 -45.652995633 
7.884906557 -3.586784025 2.044817939 1.307859185 -7.408155734 -0.253617305 0.019195779 
39.762909329 -16.694078059 10.515108431 5.764675362 -1.068386587 0.079031236 -37.318586654 
1.022899145 -0.151392546 0.408675195 -0.063801376 -1.240051386 0.033228805 -0.003889774 
47.405613250 -20.273882099 12.412455553 7.071832814 -1.313364339 0.096323791 -44.352878993 
10.461897731 -4.970449589 2.605249468 1.895519881 -9.626508540 -0.388287429 0.031637589 
45.791372597 -19.529802178 11.994590830 6.793022661 -1.256965446 0.091599485 -42.837612427 
-9.134119480 4.377685020 -2.257111380 -1.677319030 8.372744947 0.341763470 -0.027329304 
45.763511725 -19.723614632 11.924887998 6.967774826 -1.315683894 0.098268397 -42.672379681 
-1.929299048 0.867869021 -0.505101824 -0.307260595 1.822625742 0.056797035 -0.004235646 
51.071856103 -21.993628894 13.378939024 7.744172423 -1.458724347 0.108825188 -47.805759504 
-1.915034598 0.714005866 -0.564523831 -0.197250337 1.935440446 0.025840436 -0.000942540 
32.096326484 -13.330971257 8.507017999 4.620386149 -0.864975970 0.064782993 -30.063923909 
-5.622662319 2.358593010 -1.534416212 -0.773299509 5.440618736 0.133069912 -0.009024860 
35.658275498 -14.921489066 9.440145817 5.160603666 -0.954610885 0.069830105 -33.423589615 
-5.601952031 2.311543308 -1.563407872 -0.754327893 5.478150272 0.133054325 -0.009569327 
20.608568155 -7.491661263 5.815480481 2.247039001 -0.355381813 0.022103346 -19.820664540 
-5.640023211 2.372315524 -1.508554217 -0.770487845 5.413949536 0.128793356 -0.008195316 
20.604327562 -7.583694059 5.787899332 2.313914170 -0.371697245 0.023277305 -19.751115799 
-5.683264715 2.726999502 -1.416627745 -1.044900604 5.235930555 0.206351267 -0.015309296 
5.694914586 -2.876781837 0.812553332 1.253866187 -0.283621419 0.025013213 -3.694043246 
-5.586992337 2.272877192 -1.566245301 -0.727628436 5.486323419 0.124736130 -0.008541147 
-1.684629615 1.058239256 -0.764483050 -0.397014316 0.079157085 -0.006007544 2.637190582 
-0.277767081 0.323297843 0.027168674 -0.183813057 0.076470740 0.040887217 -0.002869561 
-1.654925267 0.960562941 -0.804940087 -0.330983529 0.059178344 -0.004192922 2.702900506 
-5.071213754 2.649428771 -1.146176217 -1.076283522 4.440835537 0.223004076 -0.017811143 
-1.669729652 0.998799009 -0.779370279 -0.358967746 0.072704610 -0.006142454 2.670145786 
0.583934700 -0.297936196 0.118948689 0.108791978 -0.492910883 -0.020447345 0.001192612 
3.533394637 -1.207707672 0.670003695 0.388161577 -0.062882744 0.003459635 -2.396144058 
-3.119774595 1.735725961 -0.705363044 -0.793425522 2.713359763 0.190816528 -0.017677413 
3.524782527 -1.361109659 0.623288630 0.540621978 -0.114553595 0.009125008 -2.288589686 
-3.097946643 1.289028115 -0.832221241 -0.392967286 2.976478007 0.055809829 -0.002305996 
7.552133315 -3.400080482 1.566838056 1.373365287 -0.298517037 0.025177769 -5.889103832 
8.668966178 -4.346517682 2.068654783 1.734522312 -7.792101884 -0.362675337 0.028990131 
1.713268744 -0.495948858 0.021352025 0.101188924 0.004423387 -0.002228056 -0.408581311 
4.603125952 -2.222099582 1.097292936 0.824033104 -4.151581659 -0.160690988 0.012169868 
1.727915260 -0.358340055 0.049467380 -0.038399975 0.054565974 -0.007916604 -0.493801142 
4.402473986 -1.450463219 1.367902193 0.277496247 -4.580674956 -0.005816936 -0.002867177 
1.872882307 -0.837320177 -0.138183114 0.337294418 -0.063003367 0.004462047 -0.234124927 
4.514421721 -2.019022994 1.176739014 0.710097340 -4.255406472 -0.132028282 0.009557823 
1.742328902 -0.666573436 -0.023483514 0.307018911 -0.070752860 0.006466518 -0.334586413 
-10.492078845 4.734850138 -2.740462323 -1.697197371 9.890879358 0.320393469 -0.023532561 
1.666325679 -0.537131027 0.069084979 0.240276850 -0.056222535 0.005256121 -0.431310236 
5.306577361 -2.693376389 1.262973319 1.085981014 -4.754058460 -0.229803777 0.018940366 
-10.133320718 4.608119287 -3.142327084 -1.568725322 0.287773477 -0.021286377 10.923149794 
-5.533505484 2.706295258 -1.347670786 -1.082754247 5.039343040 0.232312604 -0.019537557 
-0.941815913 0.969211123 -0.411862154 -0.419275292 0.093274015 -0.008090774 1.673183872 
-1.205506879 0.601210315 -0.293572050 -0.252831646 1.095094779 0.057680729 -0.005048424 
6.325413222 -2.374655406 1.446766507 0.793116658 -0.138067380 0.009181767 -5.106300403 
-8.670236396 4.291009068 -2.125031798 -1.746206018 7.898614634 0.381973465 -0.032824091 
6.378781876 -2.735887347 1.299359359 1.092405447 -0.237091260 0.020621134 -4.859332008 
12.904870214 -6.407305649 3.094524902 2.549263853 -11.641069333 -0.540008568 0.044863570 
1.958750703 -0.820560405 0.023718246 0.365526339 -0.077170993 0.005799200 -0.495140344 
0.974244262 -0.683060506 0.182658767 0.349716773 -0.754376573 -0.088401552 0.008896982 
1.896306988 -0.793558355 0.058264977 0.393873881 -0.097602743 0.009299801 -0.513796849 
0.952789507 -0.462941749 0.235335119 0.182696943 -0.871765137 -0.041788114 0.003967075 
9.693267631 -4.302090690 2.055306274 1.611919353 -0.312858590 0.023352907 -7.816339637 
-8.375794132 3.582109111 -2.257100020 -1.206116872 8.042748405 0.212379216 -0.014261977 
-13.396407693 6.126273524 -4.020099436 -2.129499748 0.388130447 -0.027463662 14.001878953 
14.062049396 -5.999198520 3.819511292 2.025138665 -13.556831883 -0.360816433 0.024630799 
31.167181163 -12.942899693 8.248332303 4.482190442 -0.833691110 0.061453771 -29.153432052 
1.899228852 -0.751748626 0.552693794 0.236307456 -1.900376517 -0.038737735 0.002613037 
35.511919512 -15.270250904 9.095705785 5.372866368 -1.001535833 0.073286502 -32.751654965 
6.486861207 -2.937530470 1.665739632 1.072807892 -6.079311879 -0.214900452 0.017310183 
40.027234344 -17.316584511 10.331482973 6.165123842 -1.173153341 0.088437953 -37.090407682 
6.463068059 -3.037138796 1.634303490 1.172008659 -6.001784670 -0.247980548 0.021070975 
31.885854734 -13.671361003 8.186980851 4.865247060 -0.926324705 0.069979460 -29.383042327 
-3.449577435 1.712889862 -0.840846044 -0.683890173 3.128024294 0.140045489 -0.010788921 
46.766166137 -20.276101907 12.153248063 7.192111932 -1.356924152 0.100628616 -43.544406780 
-7.533028744 3.622053942 -1.911333481 -1.420625948 6.967757956 0.297924529 -0.024322860 
41.443249114 -17.803946739 10.794953018 6.286919308 -1.188770968 0.089132907 -38.586167111 
-15.394563783 7.374699446 -3.882207406 -2.868751214 14.219832674 0.592858381 -0.047393322 
41.409610473 -17.710039207 10.838449014 6.255214316 -1.188896297 0.089692850 -38.653146899 
-15.400470661 6.857925818 -4.053120370 -2.413834816 14.582725447 0.446303147 -0.032266063 
41.441128677 -17.460595802 10.947361960 6.010293422 -1.105367670 0.080961576 -38.877125532 
-15.348419511 6.747232768 -4.106868620 -2.372225489 14.653625990 0.444520390 -0.032901780 
46.020168599 -19.496963076 12.181853675 6.773443889 -1.264264100 0.094137252 -43.260474287 
4.086606159 -2.209927026 0.902013776 0.934197414 -3.536449590 -0.205336268 0.017563507 
52.977585662 -22.467342613 14.110959730 7.796053932 -1.450835479 0.106753442 -50.019012061 
9.706876873 -4.190248349 2.651346404 1.465406418 -9.372284918 -0.274651468 0.019648568 
39.380480556 -15.474552944 10.897538325 4.900224296 -0.815709065 0.052956114 -37.888963014 
1.430853582 -0.257691598 0.573799246 -0.043968114 -1.732006272 0.030140592 -0.003694689 
39.445844950 -16.689313547 10.324978108 5.776694995 -1.064315698 0.077168223 -36.831664012 
12.654967568 -6.128649165 3.054084689 2.348941557 -11.486256021 -0.475919966 0.037640539 
53.586664332 -22.715443052 14.344925658 7.885430130 -1.468173265 0.108480269 -50.695753744 
-0.714507414 0.349408085 -0.155414981 -0.131041118 0.620897678 0.026364025 -0.002536595 
29.706772180 -11.902693443 8.013012384 3.946212648 -0.707012837 0.051599774 -28.072082004 
-0.696836951 0.233428026 -0.218731563 -0.044097782 0.722945886 -0.003107482 0.001406970 
53.190652819 -23.013904025 13.900232359 8.133579591 -1.536418928 0.114881892 -49.740058705 
5.161939670 -2.542394674 1.259742436 1.007038875 -4.696231179 -0.208581928 0.016423972 
18.459365908 -6.339507574 5.312329225 1.726624574 -0.232240774 0.011603258 -17.911302817 
-6.167944508 2.494878082 -1.769064133 -0.818090130 6.109868112 0.150066565 -0.011719711 
18.442217704 -6.250988479 5.379287158 1.681628250 -0.218198207 0.009192031 -18.018477762 
-6.203616922 2.932992686 -1.582539675 -1.136124096 5.762992801 0.238126455 -0.019740529 
14.010150751 -4.187921429 4.258705400 0.919974509 -0.068405110 -0.002343909 -13.908731083 
-6.160381738 2.716262247 -1.663364537 -0.997254297 5.901849659 0.204745423 -0.017158469 
31.821838009 -13.229961197 8.418573095 4.574802525 -0.849767536 0.062758575 -29.769854501 
-19.807995354 9.347071646 -4.969966969 -3.567212490 18.301341594 0.735271436 -0.059992936 
31.753896547 -12.773922735 8.662263091 4.274701936 -0.766856646 0.054264304 -30.175691210 
