9.838350308 -4.511584122 2.497779930 1.638561797 -9.163561633 -0.316129311 0.024006153 
-0.404551721 0.739053294 -0.310749632 -0.374390592 0.092673711 -0.008289149 1.180369481 
-1.781963696 0.522256023 -0.622414065 -0.088415591 1.968544127 -0.001184443 0.001294551 
-5.333508149 3.065387292 -1.503969847 -1.221747114 0.249343750 -0.019366615 5.671375054 
7.558975001 -3.471477907 1.942027496 1.270114246 -7.066999319 -0.247807871 0.018994155 
-2.623238220 1.928096704 -0.739417378 -0.833821548 0.176110450 -0.013927841 3.015719067 
5.793034150 -2.507985799 1.583706808 0.874909579 -5.587080573 -0.165588002 0.012546374 
-2.601194396 1.883202128 -0.761169096 -0.814996191 0.175423025 -0.014287247 3.043458603 
-0.124175836 0.131047703 0.012310177 -0.076217252 0.040424726 0.019565429 -0.001769771 
-1.722532081 1.457582867 -0.515389165 -0.634210277 0.133298585 -0.010456622 2.199902464 
1.763021707 -0.615412644 0.527037572 0.137187803 -1.796353311 -0.009937669 -0.000344638 
0.436725150 0.216477972 -0.136853027 -0.114657501 0.026082666 -0.002057500 0.488521355 
-3.871903043 1.669409893 -1.055737891 -0.573592467 3.733461215 0.103696733 -0.007199738 
0.405632614 0.353568944 -0.074661162 -0.206153600 0.050186562 -0.004327536 0.387411986 
-3.793242708 0.903644145 -1.375997859 -0.014570301 4.312866351 -0.056145275 0.008253098 
-10.191302561 4.478620724 -3.177335659 -1.458629506 0.245542062 -0.015911785 11.012038241 
7.188660972 -3.575549624 1.693568957 1.422604993 -6.446023017 -0.304927394 0.025726506 
1.801640606 0.068658618 0.367148968 -0.308130706 0.115925838 -0.012814611 -1.114525948 
7.111872208 -3.075443139 1.860983609 1.032172964 -6.749167257 -0.187028740 0.013641075 
2.024675081 -0.741524647 0.046200841 0.269497851 -0.050294932 0.003921474 -0.630040515 
1.624975083 -0.832031881 0.326573396 0.316106972 -1.373919133 -0.061648269 0.004740056 
3.520916939 -1.361310346 0.524155352 0.530885521 -0.112477691 0.009518229 -2.163339882 
-3.857071565 1.316067275 -1.227187011 -0.309569096 4.047431243 0.025235665 0.000881592 
6.465928300 -2.695211268 1.364686176 1.040609137 -0.220511740 0.018891425 -5.035552900 
-2.333617320 0.754555387 -0.750031695 -0.156756779 2.473646972 0.007675191 0.001139575 
-0.840754343 0.877523295 -0.429988215 -0.365844607 0.074237243 -0.005251863 1.627445950 
3.420435097 -1.872072349 0.741178550 0.793025406 -2.926257358 -0.174041438 0.014825501 
4.240033977 -1.475113975 0.869978733 0.491367673 -0.088170009 0.006481236 -3.107023277 
0.598837412 -0.307170472 0.161310130 0.136501674 -0.560842182 -0.033790060 0.003402060 
6.652006993 -2.478117633 1.607833262 0.851642544 -0.161655836 0.012562729 -5.549578962 
5.160461888 -2.215663853 1.420507086 0.767285195 -4.994326674 -0.146185813 0.011573567 
1.567026437 -0.320018643 0.136472685 0.123892148 -0.033814116 0.004083614 -0.538916264 
6.426330269 -2.903097614 1.663777243 1.028929639 -6.036367978 -0.193109647 0.014485036 
7.279090522 -3.255517088 1.449720142 1.303443481 -0.280067997 0.023727807 -5.582595073 
-5.617256093 2.456494303 -1.460431336 -0.846510601 5.312539429 0.153270437 -0.010605154 
7.223000655 -2.951185979 1.580316023 1.086864443 -0.218103307 0.017802143 -5.803162982 
-2.771047255 1.347389257 -0.682969718 -0.527493412 2.532198469 0.107076574 -0.008197157 
6.358020418 -2.438260152 1.400915236 0.836406637 -0.151556246 0.010983080 -5.083578106 
-3.660259312 1.499820275 -1.042412137 -0.497972937 3.609685091 0.088933275 -0.006237948 
-1.675114421 1.086759301 -0.798679876 -0.417230339 0.087607134 -0.007203777 2.655646973 
-7.081282170 3.431440168 -1.728589970 -1.322039731 6.444311135 0.269046610 -0.021538914 
29.368593831 -12.318665288 7.647854243 4.313073588 -0.817745401 0.062098954 -27.230259291 
-2.943630792 1.487963599 -0.708862131 -0.609389373 2.652803907 0.131408556 -0.011107942 
29.349083818 -12.226262351 7.705496977 4.255511957 -0.803898879 0.061093210 -27.317354390 
0.985801875 -0.352939844 0.337581451 0.113632873 -1.068836819 -0.022791688 0.001864422 
34.453371629 -14.657258570 8.978152921 5.175972566 -0.986304460 0.074953431 -32.015329092 
1.018832049 -0.466259671 0.279676494 0.179025263 -0.981126336 -0.038366720 0.003246601 
30.213503620 -12.611280041 7.918697480 4.384189074 -0.823319485 0.061741237 -28.118395929 
-4.381115290 1.966398031 -1.140721417 -0.696815703 4.128595286 0.128722886 -0.009163585 
30.186782257 -12.477894523 8.002904330 4.305214524 -0.804082518 0.060105226 -28.242475648 
-3.005415810 1.338697725 -0.812635874 -0.488852004 2.878227055 0.097367593 -0.007689944 
32.013106014 -13.301924298 8.482094763 4.602429143 -0.860281656 0.064123364 -29.970383262 
-1.082549937 0.328512781 -0.392290170 -0.076508174 1.214990339 0.009305580 -0.000343463 
30.268067512 -12.591632805 7.877900319 4.327855510 -0.798869725 0.058569781 -28.110421759 
-1.135995269 0.513465039 -0.296864488 -0.189784286 1.070697407 0.037959774 -0.002872348 
32.073077514 -13.535339340 8.339818505 4.737750735 -0.890972728 0.066432464 -29.766420944 
-3.806498254 1.520352972 -1.115791504 -0.492109539 3.808734244 0.086536168 -0.005864871 
32.056061356 -13.552788988 8.335488552 4.767327671 -0.906248701 0.068756510 -29.743480721 
1.653654201 -1.308944098 0.122814019 0.654189673 -0.983375508 -0.155497029 0.013987113 
32.119877931 -13.807547113 8.182530418 4.908134020 -0.938070200 0.071245334 -29.511008620 
1.591993327 -0.713733984 0.383468863 0.234075529 -1.459328852 -0.041490937 0.002913006 
27.702993197 -11.339968981 7.347118967 3.852608505 -0.703871253 0.051295500 -25.882863459 
-2.924618839 1.460758096 -0.703055561 -0.589649811 2.633965788 0.124370297 -0.010217619 
27.675806671 -11.451616415 7.295934776 3.955492625 -0.737394895 0.054822139 -25.773474411 
-1.034968533 0.518717426 -0.237425187 -0.207269628 0.910806572 0.042904020 -0.003479805 
32.420929286 -13.517906899 8.574121547 4.670064065 -0.869565941 0.064477507 -30.320519306 
-1.043525455 0.435271103 -0.264264880 -0.139244497 0.976759247 0.022909554 -0.001504572 
29.344943205 -12.214603241 7.762488654 4.265700119 -0.810364196 0.061854361 -27.392879382 
-2.161286111 0.924034845 -0.595310456 -0.321576626 2.092520723 0.061498897 -0.004834074 
38.023459408 -16.219432666 9.975018902 5.736473511 -1.096104848 0.083550800 -35.477873094 
-3.927667292 1.545439312 -1.128940283 -0.461856712 3.901442155 0.070870872 -0.004087381 
34.888966466 -14.699467988 9.200026123 5.142402223 -0.971324441 0.073102688 -32.613707783 
-3.925114821 1.670397367 -1.083584778 -0.573094474 3.804480328 0.105702120 -0.007678345 
23.680975381 -9.616778939 6.211231849 3.265236733 -0.599183619 0.044044812 -21.965959293 
3.026988858 -1.494313469 0.727061040 0.583704819 -2.738225473 -0.119687503 0.009683685 
30.305657504 -12.853577533 7.790822843 4.511803758 -0.851011370 0.063771957 -27.942214104 
-2.793757661 1.059164874 -0.831533981 -0.311814623 2.823712744 0.048492278 -0.002840481 
28.211641934 -11.808588144 7.321636925 4.109060386 -0.769805684 0.057373807 -26.099843927 
0.051932674 -0.100518067 0.003032653 0.072293134 -0.016660921 -0.022318784 0.002728854 
30.985182913 -13.081901256 8.081332272 4.605519056 -0.877323308 0.066494983 -28.762017215 
-10.349544606 4.908063139 -2.571544057 -1.868993356 9.535720761 0.377747550 -0.029666496 
-4.665116022 2.436180452 -1.612969616 -0.927406920 0.189625095 -0.015024363 5.509066778 
-7.059605434 3.178903073 -1.832765917 -1.154548994 6.654533995 0.225255343 -0.017505656 
-2.131614002 1.473709025 -0.784522209 -0.611118643 0.128215442 -0.010212947 2.846026976 
7.376848428 -3.358034343 1.931738611 1.236797911 -6.956059671 -0.247578286 0.019899698 
-2.188931273 1.600890103 -0.723350255 -0.673358488 0.137396444 -0.010352157 2.769002770 
2.124104802 -0.805088702 0.624043505 0.238737904 -2.140335815 -0.039589834 0.002683489 
-2.191255695 1.705633900 -0.682790425 -0.778710219 0.179895479 -0.015960508 2.694303561 
2.146996298 -0.915043255 0.585890202 0.310787270 -2.073888420 -0.057100144 0.004180570 
-2.266937003 1.823986235 -0.606486944 -0.812054476 0.175781091 -0.014377577 2.608858531 
-0.103879625 0.116093201 -0.030103399 -0.080121424 0.078433243 0.022445374 -0.002087103 
4.497329016 -1.701927384 0.899323723 0.624364232 -0.127570688 0.010645916 -3.288353097 
-4.088154364 1.820649386 -1.091749309 -0.654045549 3.891196207 0.125405029 -0.009446581 
0.697615858 0.207279243 -0.021545592 -0.158455482 0.044569665 -0.004290105 0.147200876 
1.385636168 -0.992576074 0.201862677 0.498603551 -0.987912370 -0.121187708 0.010637070 
7.444146468 -3.060602708 1.622573792 1.108475919 -0.222503480 0.018005138 -5.994581736 
4.183980605 -2.029960881 1.044836001 0.791712854 -3.831386156 -0.168398531 0.014253704 
2.827534470 -0.607687852 0.532332905 0.024179163 0.033842059 -0.005221596 -1.888283232 
4.097121163 -1.568675036 1.211163098 0.446434905 -4.110047481 -0.067724241 0.004199699 
-2.144821834 1.214909456 -0.996489361 -0.458269603 0.093625412 -0.007333838 3.217876612 
-1.177561365 0.742493862 -0.188434625 -0.358063246 0.909460329 0.088148685 -0.008052766 
3.896337695 -1.515920069 0.625605175 0.577042370 -0.120003215 0.010170581 -2.525815218 
-1.065107900 0.020482437 -0.461276812 0.184129423 1.384032568 -0.074127159 0.008544019 
7.749770197 -3.093490879 1.779761680 1.102848179 -0.213351550 0.016689652 -6.401469293 
2.354955458 -1.426237532 0.467096297 0.664348469 -1.919586914 -0.156807580 0.014047087 
2.864725413 -0.799933281 0.551812608 0.256263018 -0.051739859 0.004752782 -1.886477478 
5.356976277 -2.665253353 1.279865389 1.047306471 -4.821240377 -0.215877080 0.017217232 
2.870595370 -0.853487520 0.537275461 0.290385177 -0.058716970 0.005238387 -1.854264220 
-1.622876293 0.820702599 -0.387524306 -0.332181574 1.453767559 0.070282089 -0.005562181 
8.044198012 -3.413360806 1.784587567 1.305878752 -0.273286998 0.022830719 -6.536156341 
2.335036496 -0.767001295 0.732708467 0.148720877 -2.439028508 -0.002775415 -0.001568052 
0.161913609 0.401195366 -0.194937892 -0.178081837 0.031811100 -0.001239568 0.716439636 
6.957307164 -3.188372829 1.790855397 1.163650486 -6.511672248 -0.228349893 0.018124262 
6.818961269 -2.930741629 1.372150532 1.121591936 -0.228266731 0.018320096 -5.234613695 
-7.160691597 3.192198265 -1.844525652 -1.125867369 6.731738751 0.209144568 -0.014965535 
6.736916102 -2.556721786 1.534728624 0.869790378 -0.161113329 0.012309004 -5.500077164 
2.430213798 -1.227284602 0.575173632 0.496071335 -2.175486925 -0.110317963 0.010038635 
8.390463278 -3.551771409 1.854935794 1.333715834 -0.270021897 0.021759555 -6.847025047 
-3.748651190 1.612534084 -1.009991468 -0.566195300 3.602587048 0.107642246 -0.008034013 
-2.122768279 1.317428278 -0.905982184 -0.510682722 0.106793897 -0.008616573 3.055422935 
-13.071673669 6.077290277 -3.332195138 -2.257647604 12.165971470 0.445614188 -0.034887903 
32.457649214 -13.591477128 8.508608853 4.712606517 -0.878561504 0.065048494 -30.247461352 
-1.941976189 0.780192341 -0.570120235 -0.250579802 1.942728426 0.043545817 -0.003314178 
32.426886103 -13.758266297 8.442375539 4.862409488 -0.928586274 0.070753242 -30.095125093 
-5.587825172 2.602446382 -1.416522211 -0.965637760 5.186277816 0.189816482 -0.014702342 
32.425111394 -13.712407222 8.451660972 4.833298716 -0.923038055 0.070678050 -30.122827767 
-3.184246567 1.450354321 -0.810230440 -0.511971367 2.966849779 0.091358701 -0.006103241 
29.254949208 -12.366831994 7.549105172 4.355468443 -0.827139709 0.062592446 -27.004913389 
-3.141538917 1.361018291 -0.852222591 -0.479827999 3.024263361 0.092661233 -0.007188340 
29.206311227 -12.122166364 7.689542975 4.211202105 -0.794723579 0.060295639 -27.221177224 
-1.002264667 0.303390854 -0.348268996 -0.054826002 1.104234839 0.000332660 0.000774085 
31.992308301 -13.301984514 8.472555532 4.608530690 -0.864970457 0.065257200 -29.943110440 
-5.814987637 2.529981919 -1.590929302 -0.893081553 5.609608182 0.171752884 -0.013210556 
30.196757920 -12.843133451 7.767736813 4.574079986 -0.887113487 0.069175383 -27.849551051 
4.012527859 -1.921688495 1.001393867 0.738851968 -3.692127503 -0.150498761 0.012132641 
30.179040028 -12.652546313 7.867152588 4.429532371 -0.842464876 0.064596902 -28.021610440 
-4.823776390 1.965085265 -1.391668405 -0.643716975 4.786481613 0.113246180 -0.007636597 
30.191176183 -12.451367826 7.963276262 4.245977539 -0.775683715 0.056107847 -28.206359295 
-2.362554397 0.567539418 -0.906617840 -0.045862684 2.759026286 -0.018451117 0.003590390 
33.128252130 -13.981137235 8.591312909 4.861570860 -0.909114234 0.067777391 -30.732448214 
2.481154721 -1.165477244 0.559154750 0.393556912 -2.208415524 -0.065958701 0.003886740 
31.170075297 -12.841934479 8.267584298 4.359952797 -0.793748507 0.057284348 -29.189474484 
2.408623619 -1.240274440 0.561162534 0.519361897 -2.149972047 -0.119565498 0.010911636 
27.452785960 -11.447095536 7.188813753 3.985581513 -0.749394675 0.056306375 -25.469369578 
-4.735391032 2.258813497 -1.175801487 -0.857653601 4.341938140 0.170671092 -0.013319031 
30.092089500 -12.456799873 7.963744597 4.278512036 -0.789229060 0.057774473 -28.126020042 
-2.784035029 1.331050097 -0.692985706 -0.519232348 2.554184364 0.108681158 -0.009032927 
30.081817855 -12.263478548 8.063925919 4.146038358 -0.754664826 0.054818249 -28.309632028 
-2.759899105 1.095796888 -0.798355531 -0.338067013 2.746285564 0.052547257 -0.002872077 
36.439784248 -15.394603984 9.602752582 5.386149825 -1.019186762 0.077209158 -34.067726177 
-2.787309535 1.252018742 -0.727200941 -0.440118103 2.624705695 0.079810031 -0.005444057 
34.158968295 -14.148079511 9.112434045 4.857118123 -0.900094401 0.066540452 -32.125765640 
-2.755015163 1.106325909 -0.790701459 -0.361602390 2.729214517 0.064817982 -0.004671726 
24.314169718 -9.856802657 6.398428231 3.327041862 -0.603399821 0.043654749 -22.606287083 
3.814133454 -1.965385491 0.879859325 0.800329438 -3.377507771 -0.171944489 0.014465461 
30.410642779 -12.948515318 7.838979151 4.595406103 -0.882579194 0.067842959 -28.060919980 
-0.800304932 0.184407018 -0.290073222 -0.012231091 0.910585839 -0.004527528 0.000859430 
30.455377768 -12.807426239 7.886563286 4.446599228 -0.827655500 0.061157616 -28.190695466 
-0.818352291 0.021563338 -0.350002617 0.144879053 1.043618895 -0.059823576 0.007099946 
38.551993091 -16.748042804 9.911589277 6.001337330 -1.154237834 0.087929001 -35.628000747 
