0.034963505 -0.029452157 0.038060548 0.907441675
0.047485182 -0.038217331 -0.057250265 0.974159242
0.020183127 -0.013645482 -0.042071928 0.960498740
-0.060713980 0.075341337 -0.044571773 0.963248569
-0.019035476 0.021159284 -0.025021428 0.937833121
0.051648714 -0.084867001 -0.140657391 1.111287067
-0.028228056 0.050923513 0.064437710 0.762625384
-0.001134789 -0.000553695 -0.034745944 0.951074325
0.020804292 -0.046625763 -0.052942323 0.989286719
-0.060590147 0.140581442 -0.095812357 1.087887796
0.032380750 -0.091845798 -0.057259410 0.991505427
-0.009277841 0.024798254 0.081956963 0.601699590
-0.049156440 0.152409773 0.007655522 0.839464203
0.035308425 -0.168556712 0.019228162 0.795488175
0.039580456 -0.025770065 -0.036320092 0.957671822
-0.002661799 0.003799512 -0.063336197 0.976583095
-0.054872005 0.050788697 -0.049158919 0.963823545
0.020589275 -0.032218713 -0.033369374 0.946455046
0.049062227 -0.069233549 -0.074035210 0.999320630
-0.035357371 0.057395848 -0.038952818 0.946697042
-0.039933266 0.065174869 -0.089214774 1.032142370
0.035814503 -0.078745890 -0.086549253 1.027077881
0.029505540 -0.065497069 -0.040493300 0.930360383
-0.070626515 0.164806654 -0.100498474 1.068372279
-0.001846801 -0.007142633 -0.022262338 0.872781941
-0.013207760 0.024668053 -0.111374679 1.122296492
-0.002957657 -0.008132275 0.055720517 0.587591856
-0.042119301 0.140681969 -0.049597698 0.987801069
-0.005715202 0.003061857 -0.070315902 0.982143315
0.024105784 -0.017812833 -0.054112974 0.970801266
-0.014057862 0.016534448 -0.053720759 0.970448273
-0.041135032 0.046319335 -0.029867302 0.944209469
0.041153168 -0.060655321 -0.094196178 1.027837004
-0.010727072 0.017165039 -0.036497405 0.941288846
0.020676278 -0.036220658 -0.099418795 1.048255211
0.018760379 -0.032580449 -0.077743856 1.007072828
0.008598925 -0.011241397 -0.085474828 1.023307869
0.001399833 0.005316513 -0.018643434 0.869595666
-0.046345107 0.124678864 -0.066551775 0.989366518
-0.036563484 0.097290320 -0.063544050 0.980944886
-0.028461499 0.071363967 0.007372897 0.754010653
0.037637533 -0.179812351 -0.123790584 1.252431877
-0.036957087 0.023108459 -0.072198216 0.984405371
0.035020776 -0.027276044 -0.059824888 0.975744041
0.024044485 -0.017397382 -0.051754701 0.968480873
-0.077944423 0.094790420 -0.033576799 0.948485180
0.049024593 -0.070269296 -0.056865798 0.978760878
-0.025784311 0.041944060 -0.043239285 0.958321109
-0.003925006 0.004783241 -0.113732855 1.078160182
-0.031088634 0.056394134 -0.088116558 1.029489217
0.010756235 -0.031480088 -0.121277244 1.099126654
-0.088870511 0.197661424 -0.026367598 0.880834474
-0.002590058 -0.018039709 -0.002870361 0.822091382
0.017196392 -0.073441769 0.031075470 0.727043055
0.002777391 -0.027300963 -0.122096757 1.217194188
0.014775045 -0.072892050 -0.015652553 0.812706220
-0.035285475 0.027561904 -0.097465223 1.000395390
-0.006599979 0.007482057 -0.056410137 0.971656831
0.020977406 -0.017337588 -0.056099282 0.971377061
-0.044769107 0.054983577 -0.038688793 0.952225522
0.045901961 -0.062888807 -0.076207500 1.000999841
-0.026458763 0.045652279 -0.021986956 0.919669024
-0.007376919 0.013213144 -0.051081497 0.969129745
-0.026912011 0.050329818 -0.140856853 1.139702919
-0.057032060 0.113581917 -0.015016195 0.875437549
-0.083916773 0.175416756 -0.016944106 0.879871746
-0.013429872 -0.000800495 -0.026018028 0.902556549
-0.013550181 -0.000463630 0.019588168 0.774859204
-0.009154555 -0.014529635 -0.056749293 1.019139083
-0.022106703 0.034688527 0.042568969 0.641729690
0.015808994 -0.009838720 -0.038968625 0.963398726
0.003198961 -0.001011697 -0.027613641 0.955450238
0.021665380 -0.017631474 -0.105849479 1.025862490
-0.023563719 0.032120537 -0.028928827 0.941249770
-0.015728622 0.021934911 -0.027487867 0.939376523
-0.042977178 0.062807744 -0.032403759 0.946750361
0.004935723 -0.018644189 -0.061763547 0.996662002
0.007071633 -0.022702418 -0.064064585 1.001033974
0.007688376 -0.023997578 -0.007776914 0.882829870
-0.047159717 0.102153032 -0.053527640 0.988056538
0.027679410 -0.084944784 -0.038884686 0.951449151
0.044074296 -0.130850465 0.045191784 0.716035041
-0.052823605 0.179222823 -0.045142578 1.005105004
0.015615005 -0.080843891 -0.057565648 1.052312668
0.017847263 -0.010322920 -0.033590498 0.956535847
-0.025191823 0.019804440 -0.036132040 0.958314927
0.014241029 -0.015685126 -0.068117364 0.987101717
-0.009080838 0.009968929 -0.059051237 0.977128977
-0.002603351 0.001548195 -0.034611217 0.945356953
-0.010495598 0.013386566 -0.022404189 0.927046410
0.030774961 -0.056773387 -0.119247479 1.091680009
-0.008489724 0.017829515 -0.004810097 0.874248985
0.014533526 -0.030519309 -0.084697286 1.042012075
-0.009319747 0.024343218 0.041800429 0.751067335
-0.008956682 0.023435556 -0.129228255 1.178639046
-0.063573823 0.176363548 0.057696686 0.655249220
0.015360883 -0.076227515 -0.098174429 1.154036795
-0.033025550 0.107640929 -0.027891474 0.886961569
0.017475642 -0.010735381 -0.023737253 0.952976615
-0.004930131 0.004948660 -0.034438076 0.960467191
-0.022988410 0.021201111 -0.067590161 0.990304067
0.010639680 -0.015789789 -0.104713477 1.031139715
-0.052031227 0.065682386 -0.054944443 0.966439973
0.031635558 -0.059817791 -0.102339065 1.037531906
0.050758069 -0.092326061 -0.045029835 0.940106213
0.030414391 -0.053673073 -0.047885793 0.945532532
-0.024898584 0.062484170 -0.103322243 1.061949072
-0.056684451 0.135591662 -0.049414623 0.937961549
-0.027102204 0.061636044 -0.106495834 1.080664578
-0.042837468 0.105694785 -0.039150557 0.892097803
-0.010889100 0.003460004 -0.109562693 1.117416641
0.003255289 -0.050288674 0.037731680 0.557698034
0.026627324 -0.016873976 0.026169719 0.919008105
0.018087934 -0.010896403 -0.050253275 0.972504200
0.004370321 0.001449448 -0.038424125 0.961857965
-0.082411281 0.096909213 -0.100808776 1.030481083
0.020065021 -0.036309975 -0.096819378 1.025294865
-0.022071066 0.026894156 -0.124977499 1.067532048
0.057039339 -0.107593538 -0.099074876 1.023497587
-0.006914250 0.013918280 -0.140151432 1.101543042
-0.065447138 0.136837340 0.002758204 0.801432820
-0.221279160 0.495250982 0.083141009 0.616552373
-0.002810248 -0.050921297 0.056544750 0.683043020
-0.039336933 0.051353419 0.048654068 0.705136930
0.077523102 -0.322598697 -0.143530888 1.320128799
0.003655271 -0.041900945 0.001798198 0.767878279
0.018429222 -0.015186845 0.132586964 0.848179277
0.056303666 -0.041698956 -0.012563766 0.949784786
-0.008522196 0.016644318 -0.107939516 1.035622958
-0.072211898 0.086702993 -0.022083827 0.941181699
0.012227415 -0.023068110 -0.116437944 1.063842046
-0.071820504 0.103003768 -0.046731222 0.959281964
-0.061852582 0.086058300 0.049749035 0.795265523
0.012768372 -0.055721510 -0.104711987 1.088741461
-0.035902542 0.046487404 -0.044321109 0.961920622
-0.034458107 0.043165205 -0.026799136 0.921620085
-0.021522322 0.010825741 -0.051728297 0.983942986
0.001133438 -0.052610385 -0.007616727 0.860430593
0.011227809 -0.084912375 0.039286024 0.710341789
0.040223346 -0.195095412 0.021028073 0.779722001
0.041320317 -0.026527501 0.059764985 0.919080554
0.003182672 0.000168850 -0.019378067 0.974480689
0.009899815 -0.005876579 -0.009644625 0.965720592
-0.022279601 0.029520779 -0.106863716 1.072661593
0.022006515 -0.028051169 -0.012797412 0.950375403
-0.039572008 0.064316615 -0.060195610 1.021472701
0.013766576 -0.026358981 0.007113221 0.907047684
-0.012233411 0.023040994 -0.057664832 1.030125984
-0.003357027 0.004400589 -0.020484621 0.952047544
0.011137746 -0.028937389 -0.048435915 1.016335518
0.065669473 -0.165266706 -0.025729938 0.959570577
-0.029080348 0.100032790 0.005156546 0.873088423
0.022815643 -0.066034384 -0.001854599 0.895524086
0.066638146 -0.232559894 -0.043502229 1.053785079
0.024511411 -0.012053933 -0.037841501 0.983670683
-0.023541272 0.021582945 -0.045259002 0.988862933
-0.028005376 0.025600639 -0.024165505 0.969878787
-0.011036516 0.006934893 -0.069347049 1.019578486
0.025713578 -0.040840229 -0.048352766 0.992285920
0.039403747 -0.061375482 -0.032119445 0.967935938
0.016399048 -0.022267492 -0.016430920 0.941265445
-0.066926014 0.136050124 0.057653805 0.800504468
-0.005802669 0.007691105 -0.092136838 1.115064804
-0.022232904 0.045480646 -0.011874136 0.930460595
-0.058520591 0.136199863 -0.089208299 1.123796002
0.016180208 -0.072962371 0.043512274 0.752178402
0.052868777 -0.190365795 0.051791974 0.725683362
0.126467724 -0.470041788 0.081706648 0.612007603
0.003395374 0.002363183 -0.057944957 0.996565075
-0.017539506 0.017017599 -0.030691924 0.977487952
-0.050613957 0.046784604 -0.052133786 0.996785628
0.037126637 -0.049730052 -0.021532186 0.963123867
-0.021990806 0.027122622 -0.062310383 1.016135521
0.001167850 -0.007615363 -0.043724169 0.988256200
0.029529663 -0.055830446 -0.070998098 1.034621881
-0.021006022 0.040187354 0.012477641 0.876017980
0.027483014 -0.061639617 -0.108188365 1.129416580
-0.077672257 0.180217503 0.043151666 0.781334515
0.030590909 -0.090440413 -0.036525335 0.980527018
0.034026079 -0.100058888 0.050532955 0.736763811
-0.033046706 0.114574027 -0.028605168 0.990005807
0.054088105 -0.216538253 0.145595604 0.328042883
-0.008929443 0.009003621 -0.065175597 1.002298387
0.002386056 0.001082772 -0.058264736 0.997460784
-0.048618169 0.046986573 -0.009966788 0.953992633
-0.003379149 -0.002776350 -0.060844741 1.009958382
-0.031797748 0.034167827 -0.086651722 1.043507456
0.025002098 -0.051031942 -0.081690828 1.036066115
0.043063149 -0.081735729 0.023855874 0.856636717
0.005629587 -0.010611964 -0.021128066 0.942106201
0.014320922 -0.028863765 -0.005820988 0.909961339
-0.041652873 0.099875961 -0.078748446 1.077694488
-0.010364624 0.021655338 -0.010514062 0.907108530
-0.001169531 -0.004090921 0.077703577 0.660099145
0.023217171 -0.082128369 -0.013985735 0.953504948
0.052197749 -0.192254563 -0.061228577 1.133027743
-0.014320596 0.010705557 -0.058636371 0.996718677
-0.011938813 0.009038309 -0.048850778 0.989868762
-0.000517746 -0.001240651 -0.021182890 0.964967663
-0.002948049 0.001432682 -0.101452208 1.053263915
0.012531202 -0.018690343 -0.033361010 0.964745361
-0.031781994 0.047779450 -0.016028877 0.938747162
0.037555921 -0.070095008 -0.020318337 0.946039243
-0.015512798 0.030735557 -0.029490899 0.963467111
-0.004724418 0.008079961 0.004029869 0.893073502
-0.027393739 0.060219396 -0.082789044 1.092756997
0.029970112 -0.083190231 -0.035699413 0.975032920
0.047415944 -0.132038559 0.009078232 0.849655515
-0.002562389 0.027892107 -0.061112453 1.074265713
0.063960239 -0.224893876 0.015431047 0.783400414
-0.037266493 0.026162463 0.003365278 0.952453673
0.006903246 -0.004756354 -0.050420168 0.990103485
0.032324824 -0.027635774 0.017727609 0.928770487
-0.053218030 0.066461368 -0.072309103 1.027810872
0.004198394 -0.008179980 -0.057114647 1.008058081
-0.064243708 0.094483173 -0.008836983 0.935641584
0.020622227 -0.049788922 -0.067958260 1.036147758
-0.037098787 0.059881004 -0.054895897 1.011329270
0.076716866 -0.179131857 -0.026867681 0.952470018
-0.064208490 0.144996456 0.007266401 0.873961632
0.060772637 -0.167456362 -0.031248733 0.970249467
0.036187667 -0.098618448 0.061544016 0.710429772
-0.044510277 0.159614978 -0.076620988 1.152557793
0.061106568 -0.241729028 0.055867660 0.649100934
-0.010267277 0.005567168 -0.009991527 0.963384748
0.031781995 -0.023867322 -0.043645206 0.986942322
-0.030430749 0.032124147 -0.047563899 0.990469146
-0.029864072 0.031500801 -0.042672471 0.985088575
0.023258723 -0.037558830 -0.079419892 1.032860221
-0.049754213 0.071960575 0.022262628 0.880336442
0.010291253 -0.030116721 -0.028729747 0.967023481
-0.052569164 0.089318071 0.010423366 0.892632567
0.055903854 -0.138475256 -0.028789037 0.974978609
0.038815762 -0.099172647 -0.052743840 1.030074654
0.067208589 -0.170154714 -0.108699220 1.169963105
-0.060256557 0.186747690 -0.026038879 0.938514154
0.034181420 -0.115453841 -0.057181129 1.038169356
0.164068062 -0.609023077 0.190872263 0.095566477
-0.026042780 0.018033139 -0.036744478 0.974164427
-0.053546078 0.037285447 -0.035206380 0.973087759
-0.002649379 -0.008521580 0.001757741 0.939820052
0.011348449 -0.023919191 -0.068267310 1.016847609
-0.000401493 -0.008644267 -0.105940972 1.065823368
0.013658334 -0.029734007 -0.017875727 0.933725500
-0.023954848 0.034208403 0.017430789 0.873704422
0.006784650 -0.024196642 -0.011021797 0.927764334
0.048338941 -0.111460648 -0.009747145 0.925087565
0.014909425 -0.034572763 -0.022037322 0.953354971
-0.000263509 0.003359572 -0.072374951 1.079199045
0.006944064 -0.016821633 0.071073307 0.677543929
0.038379497 -0.117415019 0.003951888 0.892332472
0.070043664 -0.237738855 0.056489039 0.692691301
0.001050088 -0.003858761 -0.006474853 0.949654997
0.013531860 -0.012596001 -0.015453399 0.955939979
-0.027208335 0.024070173 -0.037994376 0.976226857
0.000454351 -0.006358782 -0.046400146 0.985473205
0.038586342 -0.055930369 -0.049067128 0.988940281
-0.064649124 0.098922830 -0.038321307 0.972821550
0.033712341 -0.068291665 0.008218291 0.893704230
-0.097053377 0.180163196 -0.017889744 0.943309498
0.050012388 -0.128674895 0.021688635 0.860194905
-0.015249384 0.021427176 -0.098261512 1.136080236
0.013834355 -0.051282171 -0.012702745 0.922183320
0.043402471 -0.134072896 0.081244390 0.659131347
-0.009954788 0.036670337 -0.024509831 0.997544859
0.068381073 -0.261005932 0.166554610 0.271499991
0.034043739 -0.024258659 0.088763838 0.887487707
-0.043295654 0.029878916 -0.041795972 0.978879572
0.011221992 -0.019186965 -0.013451275 0.953369346
-0.013040761 0.007502063 -0.082507461 1.029331152
-0.027376737 0.026138833 -0.033588401 0.965736377
0.034902227 -0.067279614 -0.030865364 0.961651821
-0.005346422 0.001143092 -0.023697921 0.949467168
-0.063834646 0.112270716 -0.010889474 0.925131119
0.026276208 -0.076962069 -0.068561716 1.046242822
-0.002833269 -0.010010274 -0.048232961 0.999486686
0.064073954 -0.177278331 -0.009782117 0.903359576
0.056066029 -0.154856143 0.070481135 0.678622475
-0.013969974 0.069259073 0.026764775 0.818514829
0.020682303 -0.062419580 0.051155913 0.725828504
0.037385347 -0.025422794 -0.055147711 1.002665551
0.050206485 -0.034397591 0.264208035 0.779116533
-0.028397143 0.036345672 0.055696355 0.966777040
-0.014846485 0.021439948 -0.029467355 1.060457123
0.029018034 -0.035583924 -0.087703446 1.136164038
-0.102718518 0.162020903 -0.016080137 1.028729075
0.055619344 -0.107153469 -0.002731086 1.006035687
0.007381316 -0.015501217 0.122748061 0.767625311
-0.078201498 0.164222683 -0.033605687 1.095968167
0.062246962 -0.158808768 0.011367199 0.992530532
-0.020295616 0.047547678 -0.026584868 1.087410699
-0.002750635 -0.001578269 -0.022996063 1.077362044
-0.075977849 0.232748821 0.051571338 0.838746360
0.034943567 -0.188752557 0.049830380 0.845361999
-0.036237218 0.021865507 -0.046116414 0.996167870
0.041082505 -0.032258298 0.275517719 0.771023981
-0.004970033 0.009188985 0.037520519 0.985221455
-0.007747640 0.012244353 -0.023328074 1.052154908
0.016347374 -0.019079165 -0.106048559 1.159691534
-0.031901127 0.053293588 0.013819930 0.979888802
-0.046495926 0.078104745 0.033721936 0.946055390
0.020413613 -0.049023377 -0.059329591 1.122853288
-0.000324252 -0.005473863 0.143799449 0.696282323
0.024766443 -0.063182460 0.002714395 1.020777942
-0.007895555 0.018472535 -0.044831839 1.139643528
-0.018024198 0.046832735 -0.003095566 1.022781966
0.033396955 -0.117714956 0.069068085 0.791858277
-0.057974218 0.229495497 0.084723388 0.732368126
-0.029501743 0.018482367 -0.076215868 1.018147888
0.010303651 -0.009381409 0.255005375 0.786293022
0.001579296 -0.001529489 0.043635358 0.976526032
-0.006277523 0.007113011 0.005849006 1.018091021
0.026626231 -0.035661866 -0.092405059 1.145821300
-0.035223907 0.057113340 -0.024013514 1.043233982
-0.024975183 0.039690509 0.050296801 0.916906443
0.044399989 -0.092122316 -0.006597640 1.025005881
-0.020822053 0.044843966 0.026972287 0.954509036
0.024049183 -0.058359874 0.032731883 0.941261967
-0.034548837 0.088135175 -0.002961159 1.030494572
0.014329765 -0.048724907 0.009383557 0.995929367
-0.016634583 0.050361005 0.027822459 0.936924879
-0.038468128 0.133328475 -0.114476390 1.477660498
-0.003541899 0.003177470 -0.070015196 1.014021756
-0.004911015 0.004135851 0.276690142 0.771328024
-0.008453230 0.007323845 0.030760758 0.992664464
0.026620537 -0.031257300 -0.015822655 1.043906218
-0.023373951 0.033735532 -0.096952892 1.149375523
-0.002560180 0.002514876 0.006114839 0.994773927
0.008372594 -0.016070840 -0.002751351 1.009846451
-0.016035883 0.030305265 0.032601964 0.942675152
0.022380501 -0.050369137 0.086870769 0.828710667
0.008450098 -0.018329211 -0.080486517 1.213632416
-0.067825366 0.172359449 0.010750693 0.985539392
0.043382134 -0.139021545 -0.015264746 1.058382619
-0.020415302 0.065130252 0.117332755 0.634070609
0.071828958 -0.285397930 -0.008033664 1.110462995
0.003939838 -0.000685880 -0.091694897 1.039195212
-0.007395565 0.007248902 0.259363965 0.793454013
0.001512189 -0.000768076 0.031619660 0.998423882
-0.003370893 0.004603314 -0.030988466 1.067292822
-0.022649607 0.029665641 -0.091555693 1.146030214
0.029018210 -0.047836084 0.002123117 1.005512000
-0.026347448 0.046285537 0.030277978 0.957648734
0.019870728 -0.041528996 -0.012643938 1.039200374
0.015128924 -0.031571208 0.048223722 0.911378293
0.022301028 -0.048067048 0.040095439 0.930073345
-0.041425292 0.111248753 -0.044685609 1.142025965
-0.008251719 0.018362749 -0.008407233 1.040446514
-0.007475627 0.015879255 0.199378761 0.375531324
-0.024278583 0.079730489 -0.074684326 1.416971041
0.018761820 -0.008784540 -0.103168196 1.044804248
-0.013076894 0.013502559 0.253896132 0.794859223
-0.008748358 0.009606877 0.033255212 0.993436046
-0.001410470 0.001535201 -0.008260015 1.039102796
-0.006836328 0.008588816 -0.117357941 1.180930096
-0.004039454 0.004393504 0.017257925 0.979006297
0.043627555 -0.076640413 -0.014644866 1.033241043
-0.036197983 0.075028107 0.086537034 0.840995434
0.014231807 -0.030874447 0.029592507 0.960578936
0.006256812 -0.012531958 0.000868439 1.026644290
-0.016370312 0.044035850 -0.051233379 1.156898837
0.010877468 -0.032257930 0.017406638 0.964706791
0.037406618 -0.117151213 0.103346126 0.689700427
-0.061205301 0.257574074 -0.146600538 1.639497738
0.040908037 -0.022023151 -0.038099291 0.993302883
-0.015289631 0.017315216 0.280687528 0.770152113
-0.010093456 0.012638659 0.032685391 0.993354030
0.003174052 -0.001955600 0.002077819 1.027022361
-0.029920107 0.041066804 -0.047541845 1.091527922
0.005945138 -0.012731063 -0.015273687 1.043125684
0.080377025 -0.139265274 0.030987274 0.964482049
-0.075657698 0.157200696 0.020046241 0.985270010
0.020835079 -0.045434126 -0.018418427 1.066045810
0.004272506 -0.007340211 -0.011347530 1.049782746
-0.013640810 0.037443081 0.008357765 1.000519511
0.031352515 -0.088538227 -0.020665521 1.081784710
-0.011546410 0.048738335 0.061153779 0.819962944
-0.004041673 0.020220333 -0.061775003 1.287092309
0.044923069 -0.022016298 -0.074996655 1.014182838
-0.022509051 0.025186185 0.306585449 0.747075370
-0.025925048 0.028260582 0.015574094 1.008985583
-0.001191047 0.001053181 -0.000007153 1.026124954
-0.013191444 0.016653697 -0.109889481 1.168971976
0.015388487 -0.026216201 0.022293920 0.970696874
0.032175834 -0.054754690 -0.003077985 1.013829114
-0.028728684 0.060963891 0.027441392 0.955842298
0.034721651 -0.072281806 0.048286307 0.912067979
-0.025804796 0.066929019 0.043461312 0.923165466
0.020354884 -0.048470180 -0.047772336 1.151249587
-0.025840404 0.080876623 -0.024718040 1.086697561
0.012789837 -0.042740149 0.073500287 0.772398908
0.049349104 -0.181665362 -0.077287261 1.345391585
0.048303525 -0.024335555 -0.058675710 1.007506342
-0.050730815 0.044988482 0.253892258 0.788708769
0.015721683 -0.014818764 0.061153159 0.962173953
-0.031953328 0.037623749 -0.032077443 1.064727618
-0.021247123 0.023705683 -0.119799943 1.178766863
0.056974172 -0.093626260 0.011264679 0.982169930
0.016919670 -0.025533605 0.030357252 0.949712555
-0.009286670 0.024258441 0.010212067 0.987988406
-0.026275938 0.059935901 0.081701855 0.837859858
0.014348298 -0.033499838 -0.018368955 1.068022717
0.032749975 -0.079504032 -0.009998482 1.047096535
-0.058380296 0.175660722 -0.001703500 1.023870586
0.071460149 -0.239828706 0.096739943 0.708851562
-0.042922087 0.194823785 -0.037884267 1.220423556
0.025529921 -0.008690132 -0.079074805 1.015789541
-0.100189006 0.079313115 0.286548155 0.759853474
0.067051727 -0.071203541 0.061486349 0.962409094
-0.050767379 0.058397479 -0.029836904 1.062864674
-0.036552267 0.039917834 -0.113857957 1.172092039
0.113200071 -0.184710674 0.031168453 0.954552423
0.007567804 -0.005135814 0.026957402 0.961711210
-0.089107295 0.178546871 0.014386182 0.985596528
0.072402315 -0.160623294 0.059640989 0.890561437
-0.117654090 0.276506429 -0.190734222 1.466424411
0.081107404 -0.220397307 0.035779879 0.900139159
0.026857256 -0.068496895 0.068489297 0.808552791
-0.004625646 0.032248392 0.081128094 0.768108641
-0.016513617 0.077422683 -0.057841692 1.296193819
0.020795404 -0.016486390 -0.078766351 1.029895010
-0.000417340 -0.001637470 0.270611958 0.785330198
-0.023240594 0.018903459 -0.005524753 1.033853232
0.014134364 -0.022208996 0.003994705 1.023381828
0.011742722 -0.019099861 0.034162394 0.984163833
-0.063143601 0.093229623 -0.021371836 1.067465178
-0.009238262 0.001590544 -0.035622729 1.091691696
0.026136432 -0.065621374 -0.026029954 1.073465424
-0.013516011 0.017648753 -0.022715325 1.066504703
0.012511408 -0.042214309 0.034715525 0.934413752
-0.019240938 0.037166555 -0.047342785 1.139559526
-0.021875747 0.044544020 -0.040374836 1.120049269
-0.076808808 0.220329819 0.076701355 0.745405452
0.004191343 -0.087470752 -0.051792491 1.233682061
-0.010409766 -0.000204566 -0.113002069 1.043888632
0.006768131 -0.012229093 0.306234080 0.750423333
-0.020811977 0.012593003 0.005665420 1.020935120
0.018635734 -0.030799480 -0.047044771 1.078916331
0.013309886 -0.023875878 0.017654296 0.994807548
-0.067549956 0.097413885 -0.056822882 1.106523315
-0.008317533 -0.003281236 0.063404464 0.902136821
0.025021876 -0.066626112 -0.017417079 1.055697751
0.005443509 -0.025511544 -0.020179148 1.061498093
0.013184069 -0.043314832 -0.066056236 1.167015394
-0.015540076 0.028495531 0.045700081 0.887624603
-0.031342662 0.072742771 -0.097475178 1.288515319
-0.006742665 -0.005977221 0.193438263 0.357592296
-0.065427478 0.217025065 -0.127237000 1.576158278
-0.000092706 -0.005501175 -0.101171142 1.034063879
-0.004028166 -0.002746353 0.344870707 0.721834590
-0.020667044 0.012228637 -0.023265475 1.053157145
0.016753577 -0.028934047 -0.028046976 1.058416796
0.035489890 -0.053291253 -0.035668007 1.068324136
-0.069905027 0.104801122 0.026223057 0.975487540
0.008158803 -0.027907392 -0.002526642 1.024362029
-0.034344474 0.052848833 -0.026961575 1.070788401
0.060708359 -0.146762108 0.008073447 0.997214859
-0.041572181 0.088483130 0.012791154 0.986364134
-0.005237548 -0.002353453 -0.044781374 1.130295453
-0.025897164 0.055493472 0.075384062 0.793832237
-0.002986528 -0.017820563 0.123376469 0.640256535
-0.005074789 -0.009885175 -0.044740292 1.279100217
-0.021214548 0.008268292 -0.084648435 1.026107344
0.004047014 -0.009414801 0.288410502 0.764966092
0.004229531 -0.009579067 -0.013793108 1.036949333
-0.000585197 -0.004282866 -0.011274223 1.034178560
-0.005924146 0.002657768 -0.063270315 1.101773478
-0.007955793 0.005705238 0.028703802 0.963812302
-0.016408117 0.020074189 0.014089351 0.988656869
0.012084674 -0.034062113 0.044121758 0.931595297
0.010983539 -0.031749729 -0.033344022 1.094273428
0.008727103 -0.026559927 -0.057564960 1.149981584
-0.033834473 0.079844014 0.017796758 0.961577289
-0.000617325 -0.013164001 -0.000357330 1.012408733
0.017555773 -0.071317915 0.169168539 0.469925945
-0.060800645 0.226436469 -0.134517260 1.623931968
0.009164735 -0.005921482 -0.114114291 1.048283223
-0.024776040 0.017837060 0.297709721 0.760006419
-0.005465135 0.000457245 -0.015677210 1.042054649
0.002535345 -0.008343282 0.002098084 1.022501825
0.008047548 -0.015509146 -0.065496548 1.110374844
0.008843756 -0.016703457 0.014898773 0.989781862
-0.012123653 0.018941139 0.005307199 1.006087538
0.032632514 -0.066095578 0.039423718 0.941266153
-0.031458319 0.068495166 0.014253851 0.994122871
0.009386550 -0.025448032 -0.068211539 1.183793266
0.011271553 -0.030160540 0.002553861 1.006879766
-0.036467527 0.103508883 -0.024055535 1.081386072
0.047081608 -0.163848352 0.141304754 0.552233141
-0.034999669 0.148060495 -0.019469858 1.163176659
0.003059907 -0.001549273 -0.106964118 1.039592746
-0.013118604 0.009775684 0.325762649 0.736684015
0.002781516 -0.004534423 -0.026153916 1.053408915
0.000522310 -0.002049296 -0.004156829 1.029212119
0.007776850 -0.011480197 -0.056724535 1.097550133
-0.027223221 0.041019909 0.014734861 0.990361040
0.017633709 -0.035236874 0.017122632 0.986301828
0.012967424 -0.026370933 0.012842421 0.994434229
-0.048907571 0.103566550 0.063055739 0.888986267
0.094824401 -0.227016979 -0.032899372 1.109683017
-0.026333284 0.075877235 0.016343994 0.986574604
0.030113878 -0.082174817 -0.023278886 1.097518666
0.012263647 -0.025054076 0.076383960 0.778597551
-0.004350576 0.038079969 0.028562249 0.960320050
0.016381448 -0.013011011 -0.072940294 1.021074029
-0.026857366 0.017256158 0.293192583 0.764781019
-0.001710541 -0.005375983 -0.033957950 1.059216491
0.030096284 -0.040363492 0.020915873 0.998855284
-0.043877371 0.055802257 -0.041327467 1.079771623
0.044570335 -0.076869302 0.002680420 1.013759793
0.014825860 -0.026303694 0.008833412 1.003299707
-0.018253643 0.036547362 0.009829405 1.001407319
0.023503740 -0.051143140 -0.018129940 1.060121943
-0.007568030 0.020321931 -0.065465554 1.168993851
-0.020331609 0.052230879 0.036012337 0.915299123
0.083704780 -0.239071008 -0.002847909 1.024107812
-0.011210630 0.064658309 0.174379575 0.456979853
0.009247906 -0.013084124 -0.047081116 1.298530468
0.034863077 -0.022812671 -0.067511205 1.015343370
-0.045887995 0.033713079 0.284315961 0.769064358
-0.002285290 -0.005529354 -0.030509822 1.052407555
0.023604966 -0.034008637 0.028110753 0.987924922
-0.033044821 0.039636084 -0.038005105 1.073875533
0.025976641 -0.048896109 -0.006321667 1.026350377
0.047543427 -0.085559646 0.037613525 0.951660549
-0.043843332 0.088075193 0.011101965 1.002032511
0.022816893 -0.051911274 -0.027920597 1.083979888
0.011591201 -0.026092182 -0.001701712 1.023676454
-0.030201117 0.078388614 -0.052766808 1.151339194
0.041287201 -0.121778674 0.014609393 0.962685834
0.041287373 -0.121779223 0.083309227 0.742846363
-0.006859790 0.061179991 -0.045925084 1.233936735
0.005071486 -0.003963292 -0.077996855 1.023785653
-0.053359859 0.036938648 0.291184204 0.765358916
0.014358178 -0.024007583 -0.036170474 1.059978119
0.005881414 -0.014683142 0.005429985 1.014217613
-0.019972140 0.018926477 -0.055221902 1.093065063
0.048124820 -0.083218964 0.010727641 0.994140748
0.050270134 -0.086865997 0.029956113 0.961452345
-0.054316261 0.111848150 0.012010936 0.995548181
0.005231873 -0.013202926 -0.003673433 1.028485356
-0.048888326 0.111273529 -0.009476540 1.041832501
0.019063777 -0.058606728 -0.023167137 1.076058993
-0.002222898 0.000995960 -0.038558981 1.119156154
0.061066390 -0.201529763 0.089395160 0.709702899
-0.010375828 0.069950663 -0.177308257 1.723175870
-0.004060682 -0.001343732 -0.116525597 1.045777056
-0.025960146 0.013985893 0.277257280 0.770129047
0.045408199 -0.050245616 0.008569358 1.011948170
-0.032985813 0.035987799 0.058071634 0.957495665
-0.049423983 0.057357419 -0.082107167 1.139728100
0.115264981 -0.189676026 0.028548234 0.973744999
-0.055455550 0.100548885 0.008535388 1.007766837
0.035499635 -0.072265964 -0.035289539 1.091034197
-0.046556785 0.100052508 0.062754735 0.885141231
0.045120425 -0.110805069 -0.155805610 1.387830016
-0.018754538 0.048882337 0.017309788 0.955041521
0.017239476 -0.051900900 -0.039088866 1.112957748
0.000216603 0.002572296 0.092916801 0.690539606
0.018305218 -0.066164441 -0.100648186 1.426086548
-0.032520576 0.036786382 0.076896851 0.879842905
-0.054227314 0.051981099 -0.041924718 0.963018001
0.017656220 -0.012714080 -0.041210344 0.962375065
0.001789539 0.004739269 -0.061382375 0.984564300
-0.015834580 0.027650624 -0.058142529 0.980352500
-0.083193980 0.128689724 -0.087777951 1.024805634
-0.021000852 0.022961403 -0.011637215 0.895366378
0.116065954 -0.237465526 -0.036723627 0.943030560
-0.032754925 0.075058305 -0.023597473 0.915465639
-0.007048189 0.015932814 0.007641612 0.843615745
0.048725850 -0.123502283 -0.038075453 0.957908407
0.010741444 -0.017145946 0.027079278 0.775475164
-0.010189262 0.049832312 0.100474970 0.540608946
0.020726547 -0.067647759 -0.114129789 1.356107017
-0.002334663 0.010792081 -0.005975664 0.935637444
-0.039877739 0.037072234 -0.052228871 0.968014689
-0.046429191 0.042968540 -0.065574034 0.980025335
0.046493846 -0.059246803 -0.023475000 0.933716396
0.044573591 -0.056750472 -0.040044775 0.955257103
-0.034193712 0.061400483 -0.102851068 1.049466543
-0.041812562 0.074352528 -0.011008982 0.893334992
-0.063447796 0.115459472 -0.110663811 1.082679165
-0.010805183 0.004909991 0.029757910 0.787793565
0.123019534 -0.302886851 -0.161706171 1.228160941
0.044244144 -0.105948376 -0.044047243 0.934013623
-0.000869953 0.020371092 0.089194902 0.560935621
-0.124777529 0.416875341 -0.107908663 1.191667041
0.131500991 -0.556983020 0.102611563 0.391690191
-0.036071866 0.024868656 -0.066496734 0.977356674
0.030771241 -0.021921519 -0.057349804 0.970953824
-0.014859043 0.019145736 -0.047903944 0.962452549
-0.034522843 0.040775917 -0.040726080 0.954556899
0.001720290 -0.006340155 -0.083449761 1.010097682
-0.036968201 0.051692581 -0.051482308 0.962146502
-0.007285897 0.001232664 -0.064974450 0.985083146
0.003354970 -0.018984983 0.007860663 0.846696431
-0.038170875 0.068219287 -0.178266423 1.237563295
0.154424496 -0.374750058 -0.013228652 0.857976429
-0.054785351 0.148274560 0.000809630 0.822880725
-0.028305573 0.074131184 -0.075862539 1.037562793
0.028455330 -0.107503709 0.010514360 0.761156712
0.072608821 -0.275286971 -0.026539491 0.901961346
-0.001060090 0.000779653 -0.051593784 0.968864025
0.009762139 -0.006795907 -0.034906866 0.957183183
0.003787685 -0.001418898 -0.058631287 0.978535161
-0.033396734 0.039483963 -0.034634185 0.952138349
0.040661338 -0.056791528 -0.085507611 1.018273800
-0.006144737 0.013417585 -0.018728967 0.918105834
0.013157392 -0.019396035 -0.121326192 1.092521121
-0.082984331 0.163273237 -0.039506867 0.937064405
0.070895468 -0.159874327 -0.148399735 1.165739418
-0.215367961 0.498531547 -0.041368892 0.919568484
0.055006099 -0.177403604 -0.010058484 0.841292465
-0.002648476 -0.015970796 -0.007083861 0.832963521
0.018460654 -0.083520014 -0.103223738 1.140611130
0.062479467 -0.250791499 -0.058921356 0.972262080
-0.034377407 0.019773710 -0.049017075 0.966850699
0.025999780 -0.022490320 -0.069431369 0.981140705
0.008085577 -0.006367538 -0.018905993 0.935667868
-0.031113586 0.036751542 -0.042710022 0.961852300
-0.000664705 -0.002832002 -0.074453336 1.003118608
-0.028608012 0.039082959 -0.019992585 0.921427481
0.012311609 -0.030480399 -0.072760906 1.011133629
-0.019723431 0.030386176 -0.128146158 1.116365606
0.006106923 -0.023857564 -0.121498973 1.102406519
-0.012526849 0.019000111 -0.100174522 1.053360283
0.064178509 -0.172763284 0.050290235 0.677198390
-0.115755700 0.331052492 -0.106418703 1.115983410
-0.000794437 -0.036823555 -0.039554046 0.902016503
0.061091511 -0.271990153 -0.017009900 0.816348749
0.023348014 -0.015213450 -0.039938095 0.964961292
-0.017984729 0.013719470 -0.032764079 0.959939481
0.052709220 -0.049905083 -0.085205117 1.007136414
-0.036417592 0.048134413 -0.057801625 0.976992572
0.012055272 -0.014880309 -0.038258722 0.951586799
-0.030597043 0.049098164 0.006574987 0.884336235
-0.037355075 0.060586819 -0.105951764 1.075631718
0.033450612 -0.073943986 -0.075478879 1.017733236
-0.052197427 0.105916889 0.007674394 0.843111371
-0.040077450 0.078040943 -0.158078037 1.224341954
0.000717044 -0.023945293 -0.010544659 0.855508510
0.095136711 -0.288320356 0.117461206 0.497092093
-0.046351182 0.164440909 -0.059933275 1.064754440
0.051460655 -0.207244066 -0.027016105 0.939669197
0.030146950 -0.018499732 -0.017208458 0.946027697
-0.033819013 0.026276441 -0.048419240 0.967875244
0.024134292 -0.025881532 -0.061137960 0.979322091
-0.005971746 0.007235110 -0.037552132 0.953377680
-0.009852311 0.012279844 -0.103903984 1.039635085
0.004558478 -0.009336340 0.026820594 0.843548218
-0.062510636 0.104681158 -0.083589286 1.031245018
0.077648804 -0.161621774 -0.033420634 0.935924582
0.008218480 -0.015818102 -0.111009452 1.098861092
-0.003149324 0.010327847 -0.014316734 0.876467845
-0.043550600 0.111331038 -0.027557020 0.909568559
0.000041747 -0.010727530 -0.028938793 0.913437525
-0.005298383 0.006360886 -0.058421800 1.007783147
0.033682270 -0.141765596 0.071077351 0.515686380
0.012049851 -0.006449650 0.008052588 0.931421458
0.010489508 -0.005357410 -0.047052803 0.969995232
-0.067110304 0.064482419 -0.068767054 0.989538057
0.036311876 -0.049281982 -0.089513095 1.012358703
-0.037089891 0.046140311 -0.092585959 1.016353425
0.028660849 -0.052485798 -0.090182402 1.012748090
0.063076158 -0.110991825 0.020090945 0.825283395
-0.063585542 0.129665402 -0.081922143 1.019108260
0.093067067 -0.199305062 -0.019258554 0.887514729
-0.171317911 0.408780375 -0.044133355 0.944726769
-0.024148155 0.040855985 -0.121193349 1.137376754
-0.070296709 0.170071935 -0.175246555 1.288725728
0.086661348 -0.332193857 -0.082750234 0.992737498
0.048805036 -0.188339872 0.101571015 0.292316761
0.006230490 -0.001553855 0.033419134 0.915322780
0.008641708 -0.003241708 -0.042588713 0.968528272
-0.001172749 0.005591303 -0.059020207 0.983316616
-0.047755068 0.056831855 -0.068716729 0.993982791
-0.045371592 0.053733337 -0.140407946 1.087181369
0.017610719 -0.040740130 -0.084826926 1.003809839
0.064055184 -0.119695722 -0.048701781 0.942397090
-0.000032036 0.002069994 -0.134400475 1.105224608
-0.130089939 0.275191577 -0.109065447 1.052021051
0.067230368 -0.178645119 0.068768544 0.643002879
-0.122605995 0.295945787 0.098632590 0.568342766
-0.090748972 0.206746126 -0.039159944 0.954161854
0.060280428 -0.276547962 -0.122135003 1.219682046
-0.011703503 -0.003009027 0.060990903 0.523803611
0.016459408 -0.005785929 0.138716706 0.843751665
0.022687382 -0.010145511 -0.018796326 0.954010785
-0.016420640 0.025051708 -0.084145645 1.012825171
-0.083413003 0.098743308 -0.016230947 0.938119001
0.036081881 -0.056600034 -0.098093427 1.044540221
-0.046958110 0.067959952 -0.140123334 1.107585082
-0.071235152 0.109230925 -0.011912589 0.889626809
0.017048071 -0.058507197 0.009368363 0.849193001
-0.077944240 0.140976646 0.001133680 0.866485835
-0.058224802 0.095621940 -0.034334055 0.948061625
-0.027103466 0.017818600 -0.051695911 0.991466265
0.070988957 -0.256840178 -0.042673190 0.966202646
-0.048422411 0.125276205 0.060194740 0.637025263
0.038788649 -0.206125821 0.093342369 0.511064274
-0.016827526 0.019212466 0.064135794 0.916894017
0.009349019 0.000888884 -0.035163166 0.986403288
-0.025151445 0.031939302 0.005748867 0.949582459
-0.010759349 0.016107995 -0.121350630 1.089391908
0.004011085 -0.003093568 0.000799000 0.930597395
-0.020338603 0.033430964 -0.043783773 0.997471555
-0.016995773 0.027748154 0.012220745 0.902263872
-0.001911964 -0.000911084 -0.094860528 1.105718287
-0.039731294 0.078509506 0.048747647 0.804141133
-0.032158207 0.061091406 -0.036417535 1.000021049
0.078581443 -0.215757719 -0.052730847 1.040804328
0.024712118 -0.064923612 -0.050168920 1.033630931
-0.012536823 0.054273002 0.020018620 0.809030800
0.141631185 -0.531565423 0.074557890 0.601781578
0.007733889 0.000185292 -0.027475955 0.977496327
-0.036376184 0.031062343 -0.022525789 0.974031211
-0.034603599 0.029467017 -0.043180873 0.992620786
-0.000376403 -0.008182899 -0.051716883 1.002010397
0.054090299 -0.078989609 -0.067113920 1.022026545
0.008764882 -0.011001484 -0.040407469 0.981966868
0.050727769 -0.082338394 0.015521949 0.886886855
-0.049818746 0.108699983 0.006162526 0.904669758
-0.125007080 0.266595477 -0.018082853 0.955585052
0.094192787 -0.237564207 0.018460448 0.871535461
-0.018402362 0.043923665 -0.123866617 1.227353125
0.034390240 -0.103895617 -0.002562850 0.887702582
0.034364210 -0.103812321 -0.029803122 0.974871453
0.171688160 -0.625643327 0.278105603 -0.195181688
-0.017503839 0.015685546 -0.026489200 0.975592227
-0.023401998 0.019814257 -0.031368734 0.979007901
-0.029459274 0.025265806 -0.059901462 1.004687355
0.030977131 -0.041214242 -0.003812314 0.942989291
0.011677011 -0.016124087 -0.058184252 1.013672808
-0.027468170 0.042593685 -0.049789834 1.001081181
0.075058151 -0.131701066 -0.076994029 1.047328314
-0.037248529 0.081681623 0.010621253 0.880859279
-0.001814481 0.007270127 -0.024322564 0.954241291
-0.061717420 0.145046884 -0.012148616 0.926241212
0.041781851 -0.113701295 0.051595776 0.766880233
-0.034192516 0.099026929 -0.056788312 1.070355673
0.024035580 -0.087302980 -0.003775756 0.900715492
0.087727316 -0.329331573 -0.001828522 0.893316001
-0.024811825 0.016961533 -0.044859948 0.991544814
-0.005165226 0.003208914 -0.070695285 1.009629550
-0.038016849 0.032775374 0.009101031 0.937812867
-0.010968749 0.003022463 -0.078112511 1.033747765
-0.006738322 -0.002477091 -0.105982696 1.069979004
0.000947029 -0.014005118 -0.010178683 0.926272985
0.054708191 -0.105399096 -0.028619776 0.957622845
-0.019311141 0.035237632 0.017566687 0.869868565
0.070962544 -0.154337098 -0.080285351 1.075357836
-0.001091961 0.011388263 -0.077807885 1.069659664
-0.009704659 0.032920006 0.022687916 0.818420163
-0.047904041 0.139878275 -0.008351801 0.905331367
0.003401652 -0.024299945 0.023414099 0.803680486
0.008415562 -0.043352803 -0.022034199 0.976384018
0.004400705 -0.006156458 -0.071170930 1.004330339
-0.008128245 0.002613807 -0.030130448 0.975602002
0.018636805 -0.021474738 -0.017246600 0.964006539
0.006146850 -0.007735787 -0.100431478 1.055509907
0.012166751 -0.015561658 -0.073218328 1.020132813
-0.017602636 0.029092422 -0.037189415 0.966089444
-0.030747064 0.051437951 -0.005112292 0.911558333
0.035260507 -0.073976433 -0.043913142 0.985279947
0.126575744 -0.265738420 -0.062795564 1.024933033
-0.180772337 0.441162150 -0.084945241 1.075877288
-0.001447692 -0.007149463 -0.020101074 0.913766869
-0.007089819 0.008648495 0.046051432 0.728539857
0.121925052 -0.404199099 -0.155751631 1.374309666
0.088152635 -0.275863916 -0.095774165 1.146395298
0.015739333 -0.011361184 -0.019401015 0.965617627
0.001324534 -0.001270825 -0.031926634 0.974385561
0.039178605 -0.035339488 0.004499554 0.941601993
-0.064938045 0.079188829 -0.051549692 1.003256164
0.028365529 -0.042105812 -0.074038786 1.032491985
-0.064150249 0.096667854 0.047762681 0.849789786
0.036382455 -0.074237748 -0.139718702 1.168508144
-0.081405482 0.149559331 0.002169014 0.898921488
0.025955898 -0.075899558 0.046428133 0.805977342
0.055463378 -0.143766759 -0.081309657 1.099774253
0.047454235 -0.123743902 -0.046175130 1.011937935
-0.020616071 0.066852951 -0.024271304 0.950607223
0.009489536 -0.029484992 -0.027521853 0.961008981
0.060640752 -0.223859613 -0.028022827 0.962912684
-0.000446275 -0.002645760 -0.001597703 0.957331985
0.021590779 -0.018071698 -0.040115418 0.984294386
-0.023421436 0.022439295 -0.035003117 0.979693315
-0.027826656 0.027285037 -0.056227168 1.003039771
0.004140957 -0.014272859 -0.109685931 1.072536161
0.013364725 -0.028108510 0.057771788 0.821349582
-0.054606342 0.087442307 -0.051249880 1.006686423
0.001434759 -0.019035784 0.045519785 0.822824061
0.043024399 -0.106374024 -0.174228805 1.284296081
-0.154466376 0.347854748 -0.000402927 0.884496569
0.125426982 -0.351878646 0.012119414 0.853190715
-0.051706082 0.144093925 -0.043626566 1.009279458
0.083978844 -0.290097846 0.092377479 0.574066508
0.105672769 -0.372534759 0.194733601 0.185113246
-0.055948729 0.041352934 -0.031412544 0.972615452
-0.046277569 0.034583123 -0.032697024 0.973514588
-0.015727222 0.007087811 0.019775326 0.926289474
0.029037007 -0.042152842 -0.104882755 1.063413366
-0.003177667 -0.000273767 -0.079162102 1.029976518
-0.043196069 0.059753836 -0.003145932 0.915952264
0.006808147 -0.025253335 -0.008004907 0.924212521
0.021374834 -0.052930039 0.042756811 0.827765258
-0.075123939 0.149717376 -0.000015795 0.917587727
0.186391442 -0.451767990 -0.114625367 1.181189737
-0.011324565 0.042522028 -0.029839878 0.969226015
0.159816750 -0.436673646 -0.074700993 1.094837135
-0.155653711 0.572831846 0.109677730 0.504825213
0.203651449 -0.792527745 0.177485953 0.247153966
-0.004928084 0.006987941 -0.009860099 0.951373369
0.000961350 0.002865337 -0.019829274 0.958351791
-0.056728634 0.054786321 -0.042730560 0.978962948
0.025312550 -0.035458983 -0.015626257 0.949148214
0.000870151 -0.003683866 -0.096217073 1.053916271
-0.073041709 0.107183924 -0.000418723 0.910218745
0.035327863 -0.077044353 0.033542526 0.852484621
-0.057293830 0.098936862 -0.054993947 1.020703918
-0.062534282 0.109941809 0.000351369 0.904478759
0.139312033 -0.354304706 -0.127144426 1.197719081
0.000797298 -0.008017867 0.016399227 0.838859949
0.035216432 -0.104391442 0.122934849 0.540560214
0.068224090 -0.210015947 -0.018634501 0.993582140
0.071576531 -0.222755223 -0.028983878 1.032909771
-0.027677931 0.022455334 0.104427940 0.879330930
-0.068000550 0.050681167 -0.052884820 0.989449860
0.003187441 -0.013388024 -0.024943644 0.964302802
0.002782038 -0.012942081 -0.079737334 1.024575863
-0.016613864 0.012272592 -0.065099879 1.005547172
0.033643049 -0.063112778 0.062434956 0.814244919
0.036582034 -0.068109052 -0.108566323 1.104947102
-0.172243993 0.328660394 -0.015152996 0.927461783
0.062977666 -0.165305068 0.002882182 0.889587911
0.063120242 -0.165632993 -0.065383299 1.046598515
0.063834772 -0.167419317 -0.066765955 1.050055153
-0.101029998 0.294202030 0.078743379 0.642629024
0.017457256 -0.084957189 0.014419757 0.848464620
-0.021753303 0.064042935 0.164277340 0.279005811
0.064634836 -0.037522755 -0.028831960 0.986704648
-0.003525664 0.010189594 0.249297932 0.792013727
-0.027763223 0.032003397 0.066056832 0.956930713
-0.002194123 0.003877386 -0.064266943 1.100286868
0.025580814 -0.032230031 -0.035572044 1.062983500
-0.071308996 0.113104685 -0.103327607 1.164616846
0.041229834 -0.078211332 0.040149107 0.920706425
-0.010272944 0.019643945 0.079059629 0.846776434
0.070158142 -0.149261328 -0.012233850 1.038492732
0.014810647 -0.021962092 0.127023428 0.718200998
-0.125521184 0.328867485 -0.072049311 1.215882847
0.020536273 -0.080093386 -0.085402409 1.253271519
-0.071859275 0.215572370 0.217410758 0.284269371
0.086820168 -0.387409505 0.009935350 1.072675912
0.028469455 -0.018860683 -0.043268504 0.997703941
0.000052499 0.001031187 0.258838848 0.786228798
0.015808253 -0.013148992 0.015866157 1.004904214
-0.037339581 0.045313626 0.026543150 0.993159521
0.023367208 -0.033605197 -0.134522287 1.202544581
-0.018819503 0.029674871 0.013676879 0.980245834
0.011511393 -0.021887655 -0.023113795 1.042789981
-0.008505977 0.016145349 0.007407966 0.984798635
-0.028906842 0.058987163 0.013092157 0.972861834
0.032926652 -0.083229870 0.083007793 0.812055876
0.006741783 -0.017767698 0.039313640 0.921291256
-0.020534963 0.058607189 0.027992719 0.952989837
-0.064142683 0.198151897 0.175759224 0.480137012
-0.225247605 0.810350592 -0.086480831 1.476649210
-0.000744704 -0.003904576 -0.034325423 0.990308912
0.027965581 -0.024001775 0.263133959 0.782087348
-0.025212145 0.023858177 0.041021695 0.981988380
0.006761091 -0.011312384 -0.037294640 1.068136350
0.009036732 -0.014270717 -0.071192367 1.112203394
0.027079183 -0.041334392 0.030133717 0.960214268
-0.041963957 0.076038949 -0.035799755 1.072301173
-0.109442093 0.204247404 0.011278991 0.982851557
0.115845425 -0.268856361 0.093117334 0.810991045
-0.017072966 0.036855933 -0.088598111 1.228936560
0.036292378 -0.096557429 0.081561817 0.803536740
-0.043304884 0.126314902 -0.033199481 1.124868369
0.024232951 -0.089806173 0.078067395 0.768814361
-0.036628723 0.141468183 -0.041374716 1.222694375
0.007817028 -0.005652807 -0.039154890 0.995461763
-0.010238450 0.006986028 0.282925980 0.770005158
-0.009276286 0.006120080 0.010350344 1.015323224
0.004010634 -0.008495532 -0.024881968 1.054078768
0.010057312 -0.016356213 -0.068913682 1.111319994
0.013043609 -0.020835659 -0.015275475 1.030862684
-0.066409767 0.114235085 0.052873511 0.915009404
0.012291786 -0.035297865 -0.040959730 1.093292561
-0.007806353 0.006908226 0.045441974 0.911848989
-0.013918105 0.020965254 0.140634742 0.692905629
0.163238863 -0.421927166 -0.022877458 1.101686129
-0.105995747 0.331929729 -0.042413761 1.156387776
0.053460984 -0.178331819 0.125269711 0.619800657
-0.051821075 0.221740003 -0.168371285 1.735636428
0.018159500 -0.010568736 -0.124010451 1.054377679
-0.025001492 0.019643957 0.282116847 0.770088575
-0.009887392 0.006041268 0.033631317 0.993725546
0.013002639 -0.019137767 0.001950265 1.028574704
0.009074401 -0.014031058 -0.113729211 1.178958018
-0.017372041 0.025638605 0.011955497 0.990430955
0.011843685 -0.024028131 -0.045987384 1.088933856
-0.010083969 0.017634412 0.161053000 0.695557131
-0.022997744 0.044753337 -0.037249914 1.111993231
0.063213919 -0.153533483 -0.080472212 1.211404514
-0.066609850 0.171025939 0.196853113 0.518091203
0.013774802 -0.054051083 -0.219513126 1.683916650
0.095271029 -0.314839010 0.174980986 0.421535474
-0.093520464 0.402568652 -0.041085037 1.242586352
-0.001086614 0.000557666 -0.075088446 1.026395532
0.002312430 -0.001821665 0.252547577 0.797050320
-0.002531482 0.002537857 0.027691119 0.999421126
0.000738385 -0.001058997 -0.023930081 1.056204448
-0.018541884 0.024005352 -0.095244623 1.148913349
0.000083363 -0.003932519 -0.016484257 1.030772799
-0.039957883 0.064137601 0.055327435 0.908692920
0.118878512 -0.237651547 -0.006148817 1.025497798
-0.029818076 0.074611274 0.041567077 0.925294424
0.009567579 -0.015975731 -0.020557637 1.068181264
0.032003723 -0.072066089 0.050536800 0.890445173
0.024382825 -0.050727575 0.009866653 1.004321582
0.007193037 0.004279747 0.048734951 0.879943026
-0.091334913 0.378685951 -0.072219674 1.339570595
0.057026426 -0.034810136 -0.046921673 0.998707028
-0.030301486 0.026319401 0.307464916 0.750636419
0.011349096 -0.011166121 0.018546577 1.010662918
-0.028176603 0.032312148 0.002735258 1.028055369
0.009091984 -0.016137013 -0.085173825 1.142337173
0.027408657 -0.043612023 -0.008259414 1.026965556
-0.043928164 0.077660577 0.014339691 0.988547077
0.028763684 -0.060453933 0.043327824 0.933469625
0.040826539 -0.085785927 0.005645155 1.012603227
-0.071165347 0.171795405 0.106306647 0.781081799
0.019506922 -0.054885268 -0.059707969 1.196118339
0.004872150 -0.013907906 -0.032058351 1.118699408
-0.000302233 0.002650121 0.129814765 0.600705432
0.044061521 -0.165932144 0.029544832 0.981731171
0.050139373 -0.027774273 -0.072249774 1.016283693
-0.041284982 0.036222775 0.279307978 0.770193270
-0.018777226 0.015965795 0.017798539 1.005551760
0.035988243 -0.044276222 -0.006923678 1.032746199
-0.051661929 0.069668997 -0.093253829 1.144975390
0.036901761 -0.063176537 0.015081164 0.982472902
-0.043471022 0.073457197 -0.017443306 1.037764501
0.114865479 -0.227382152 0.081306725 0.850139445
-0.131197685 0.289350469 -0.096421219 1.223368110
-0.037415633 0.073651755 0.084059218 0.808263114
0.090465600 -0.246051329 0.113463022 0.734753603
0.056270937 -0.150306272 -0.097200549 1.324611594
-0.023763981 0.105805469 0.140063785 0.565365713
0.037815224 -0.128195508 -0.114722855 1.533554932
0.043019750 -0.025565648 -0.051899257 0.999282391
-0.050696415 0.040035666 0.278928595 0.767702899
0.040144843 -0.041721464 0.053503501 0.970585478
-0.029416940 0.034796500 -0.016775137 1.047891981
-0.025808246 0.030105198 -0.155188702 1.227829609
0.045701506 -0.077159431 0.025391871 0.956958750
0.012455988 -0.020642048 0.068456555 0.883748784
-0.040025722 0.079073199 -0.019782789 1.051403535
0.145788116 -0.311135843 0.051175344 0.902391464
-0.073738374 0.193775074 -0.066052659 1.172015866
-0.023758625 0.068825701 0.026313071 0.941101541
0.026200509 -0.071059870 0.013272759 0.977614412
-0.021551985 0.081748110 0.110596635 0.666178006
0.132022854 -0.501836268 0.004379005 1.069804995
-0.006874758 0.008860983 -0.077473228 1.017315122
-0.086647678 0.064702025 0.282633917 0.765240124
0.063835892 -0.070733184 0.074306113 0.952735144
-0.023142863 0.024943449 -0.089250835 1.132647790
-0.038118132 0.044411298 -0.047013748 1.077739580
0.033375950 -0.062829826 0.010593531 0.991328660
0.030790701 -0.058434901 0.012528901 0.988038532
-0.005456636 0.010435038 0.091570052 0.837860345
-0.027265740 0.056234154 -0.099307871 1.238703967
0.012338140 -0.034854768 -0.013751384 1.041924051
0.050906327 -0.131275235 -0.138484063 1.353755748
-0.005320894 0.026160980 0.007867215 0.943972176
0.016746077 -0.044453327 0.196620158 0.339962751
0.022677196 -0.066991581 -0.186584379 1.796139974
0.038636570 -0.027429482 -0.069971685 1.021947744
-0.009305072 0.006129666 0.260759906 0.790435634
0.005632383 -0.007314043 -0.002086162 1.026997089
-0.041289052 0.044299536 0.007472637 1.016482410
-0.019051004 0.015390076 0.075104815 0.928560582
-0.018721302 0.014895523 -0.114785405 1.213395912
-0.006640500 -0.005641842 0.011600260 0.998540275
-0.004215372 -0.010249584 0.042969600 0.938938530
0.054844013 -0.134274288 -0.042935600 1.119339441
-0.014830265 0.025976549 0.147970284 0.680255918
-0.049315938 0.112190731 -0.217791234 1.594659713
-0.017860788 0.024116313 0.013773885 0.946277390
0.097408394 -0.344745076 0.201245380 0.346368598
-0.161898064 0.640619454 0.209422124 0.315296970
0.025038604 -0.022865567 -0.067465607 1.015128346
-0.006731193 -0.000626709 0.304071921 0.755052081
-0.064802208 0.051637203 -0.037336341 1.062319508
0.033608044 -0.056614077 0.003517867 1.017379878
0.053517445 -0.082496296 -0.051463830 1.088856083
-0.065904908 0.096637232 -0.000228286 1.012002766
0.048660819 -0.098124508 0.039076819 0.945184086
-0.018952777 0.030341323 -0.012812619 1.043774017
-0.042037809 0.078819888 0.025292629 0.963753000
0.043920412 -0.118884018 0.112444136 0.763304539
-0.008775680 0.012856213 -0.077747516 1.238783669
-0.009044458 0.013608791 -0.048131335 1.155858363
-0.032915880 0.089997344 0.109391031 0.651786783
-0.056822355 0.180841945 0.035278352 0.933414960
-0.015998968 0.002431338 -0.084989374 1.029416713
-0.020184853 0.005361458 0.286389904 0.769451222
0.013071635 -0.024569381 -0.022872681 1.047787542
-0.021940473 0.013943939 -0.017097002 1.041434295
0.019642040 -0.040113326 -0.027245873 1.054627826
0.023137302 -0.045356219 0.037208787 0.957945837
-0.023729493 0.034317335 -0.013977294 1.044962177
0.048209749 -0.102367223 0.026277313 0.968478424
-0.043852547 0.090963589 0.028037422 0.964782195
-0.014168361 0.022689962 -0.081942658 1.217736374
0.006788157 -0.029701331 -0.029704178 1.087140175
0.106134408 -0.307870830 -0.046109397 1.133074787
-0.100534071 0.353468314 0.032621925 0.881134551
-0.113601971 0.403126331 -0.143192494 1.549229335
-0.019037774 0.005517546 -0.091764038 1.029799792
0.012548802 -0.016593056 0.283516066 0.767103723
-0.014101440 0.007392161 0.022724265 1.001816338
-0.011001936 0.003982706 -0.039045825 1.069763438
0.029109591 -0.048162277 -0.036929241 1.067011880
-0.023128140 0.030194320 -0.039685955 1.071146951
-0.024050799 0.031762840 -0.000214577 1.004045606
0.000222134 -0.014355734 0.053543468 0.901905323
-0.018594624 0.025159457 0.023891920 0.964173570
-0.084487366 0.176712761 0.098869777 0.791724502
0.107085865 -0.302220318 -0.022349361 1.094772348
-0.115853377 0.322009549 -0.005060433 1.046363350
0.028419865 -0.139664832 0.098550137 0.714809522
0.034681781 -0.163460112 -0.088197743 1.424451456
-0.004281863 0.001168840 -0.110360689 1.041687760
-0.017225927 0.010229684 0.319029410 0.741114696
-0.013702718 0.007058796 -0.000118613 1.028347909
0.036934999 -0.048642693 -0.004554989 1.033227922
-0.006536691 0.007870502 -0.092759706 1.147894051
-0.007368600 0.009118364 0.035116068 0.956080390
-0.052329821 0.085552443 -0.045715587 1.093494207
0.004603464 -0.022620797 0.103094615 0.810754828
0.097102390 -0.216868534 -0.083665828 1.202951739
-0.110888643 0.261510833 0.150821173 0.663631648
0.047508308 -0.134481546 -0.024987066 1.103152245
-0.037509252 0.103567619 -0.017602439 1.082475292
-0.118268477 0.361997143 0.161280658 0.510049373
0.244694786 -1.017263238 -0.017449559 1.189224187
-0.006924574 0.005049445 -0.090585058 1.027749273
-0.002224830 0.001759625 0.322772284 0.738399138
-0.013319112 0.011744478 -0.011299250 1.039063511
0.017581566 -0.022246268 -0.048850792 1.080370208
-0.040931427 0.053820620 -0.010488031 1.030498620
0.071155088 -0.114309153 -0.001751184 1.017393350
-0.016579670 0.034839940 0.031765115 0.960415641
0.007341305 -0.010609912 0.037496699 0.949525630
0.071090143 -0.144482464 -0.017217990 1.064426471
-0.180014850 0.433059008 -0.088230350 1.227754898
-0.006912830 0.000303956 -0.028901899 1.079433771
0.068593835 -0.211114703 0.015007552 0.956487309
-0.034725841 0.119508266 0.103574412 0.673073353
-0.102540000 0.377202067 -0.091771116 1.415386350
0.012502665 -0.006307168 -0.084341769 1.027275386
-0.056713419 0.042144089 0.285854655 0.768137894
0.005763277 -0.014084935 -0.037885895 1.059504381
0.028703448 -0.039319124 0.020993359 0.994737199
0.013149910 -0.019099525 -0.055783974 1.094547729
-0.056684814 0.085652561 -0.025697344 1.049417785
0.060492617 -0.113549078 0.018966801 0.973488736
-0.061285993 0.117830278 0.048367994 0.917626468
0.023209577 -0.059610412 -0.072948915 1.172391967
-0.061921579 0.136191244 0.080845337 0.818665195
0.047313374 -0.136896137 -0.050501037 1.147031129
-0.153916255 0.426546814 -0.073708874 1.212013073
0.013250419 -0.108386551 0.206259721 0.316113556
0.094960906 -0.418886397 -0.043161961 1.263915934
-0.035333761 0.022655239 -0.044860544 1.001510234
-0.019950314 0.011886825 0.284374075 0.771046004
-0.009790063 0.002742600 -0.042700757 1.065413346
0.007417032 -0.016185205 0.000777245 1.017587542
0.040599050 -0.059321827 -0.054875003 1.089935462
0.019103448 -0.027078424 0.011938211 0.989715640
-0.064714798 0.115412598 0.012395386 0.988938443
0.070386156 -0.141279211 0.085563690 0.849918667
-0.157442551 0.337161053 -0.080571155 1.198801827
0.011138587 -0.050575558 0.059595690 0.876418090
0.106055623 -0.287868147 -0.022227370 1.080975740
-0.011144289 0.040291602 -0.059059844 1.184106665
-0.017770277 0.061494763 0.243438124 0.216113154
0.028659981 -0.114940217 -0.140840420 1.676371600
-0.009343809 0.008699100 -0.057534579 1.008664491
-0.053485975 0.039598616 0.281020122 0.771676204
-0.020025712 0.009484380 -0.053781854 1.072997974
0.037884435 -0.054216783 0.045626776 0.963648479
-0.000730189 -0.004017773 -0.073150975 1.118059549
0.042608249 -0.069025431 -0.015898343 1.032180602
-0.066407088 0.116300648 0.026705871 0.959753436
0.002795650 -0.015184553 -0.022982367 1.054161087
-0.003987215 -0.000940539 0.083550791 0.830441465
0.119846896 -0.285758986 -0.027214878 1.085202499
0.020231825 -0.036721310 -0.034070815 1.102342341
-0.003560962 0.029898494 0.001541078 1.002629043
0.020157456 -0.046000445 0.211169753 0.331817271
-0.097774913 0.402142552 -0.073604439 1.413959189
-0.028947002 0.016603646 -0.105793482 1.035484258
-0.021368823 0.011298920 0.299544650 0.751747569
0.048616737 -0.051688082 -0.013084409 1.033113715
-0.050946722 0.057831725 0.104538836 0.903728143
-0.013768968 0.009500647 -0.084995011 1.150122135
0.024235604 -0.047506210 0.006965993 1.012180629
0.084616593 -0.150153895 -0.052569527 1.113391017
-0.029839509 0.067312696 -0.079153506 1.163900576
0.007513597 -0.011128823 0.042290379 0.908868427
-0.090535636 0.214384409 -0.007267593 1.022851761
0.051826016 -0.141519721 -0.011427802 1.033252284
0.054219945 -0.148222722 0.038453629 0.893584279
0.107869731 -0.319902041 0.102624115 0.688238723
0.051404381 -0.105333712 -0.144751230 1.628265019
