0.000378587 0.001256696 -0.001000599 0.000371782 -0.000064870 0.000004288 -0.000066154 
0.159404550 -0.071559631 0.048015328 0.029440486 -0.007627884 0.001083683 -0.000063843 -0.156397171 
0.002613169 -0.001336682 0.000734092 -0.000222224 0.000034810 -0.000002149 -0.000861419 
0.058488391 -0.026045777 0.017920975 0.010557134 -0.002612339 0.000343955 -0.000018047 -0.056386222 
0.004177306 -0.002800597 0.001596423 -0.000501833 0.000080616 -0.000005078 -0.001519130 
0.002784888 0.000129339 0.002314217 -0.000508222 0.000297637 -0.000068083 0.000005731 -0.002682683 
0.004627427 -0.003322812 0.001939078 -0.000611792 0.000097516 -0.000006066 -0.001643520 
0.035685528 -0.019172400 0.009275870 0.009223210 -0.002672890 0.000412525 -0.000025670 -0.030405952 
0.007971575 -0.006403557 0.003769056 -0.001212978 0.000198049 -0.000012707 -0.003194923 
0.003576182 -0.000038989 0.002606910 -0.000728850 0.000495228 -0.000125178 0.000011169 -0.003461392 
0.002433248 -0.002119090 0.001625151 -0.000629800 0.000118334 -0.000008434 -0.000557510 
0.045206013 -0.023157677 0.011943561 0.010542336 -0.002880936 0.000415541 -0.000023831 -0.039730527 
-0.000784820 0.001979834 -0.001577244 0.000676005 -0.000141293 0.000011310 0.000765378 
0.092395027 -0.047670818 0.023087940 0.021590047 -0.005955031 0.000880843 -0.000053065 -0.081924354 
-0.000602593 0.001757726 -0.001219754 0.000466532 -0.000089903 0.000006852 0.000651710 
0.074513103 -0.035841631 0.020240503 0.015300229 -0.003958192 0.000543132 -0.000029723 -0.068462506 
-0.005299547 0.007335250 -0.005289746 0.002031066 -0.000384845 0.000028201 0.002627480 
0.161248867 -0.078085682 0.043879950 0.033962389 -0.009166263 0.001340650 -0.000080487 -0.150781713 
-0.003946648 0.006265313 -0.004704735 0.001861390 -0.000361528 0.000027020 0.001985501 
0.274445000 -0.130081277 0.077401500 0.055905360 -0.015050885 0.002208397 -0.000133690 -0.262284250 
-0.002215482 0.002456225 -0.001746447 0.000630376 -0.000108508 0.000006997 0.000237771 
0.122434640 -0.051570955 0.038927698 0.019870104 -0.004776597 0.000625128 -0.000033586 -0.122613475 
-0.000273319 -0.000010173 -0.000161500 0.000129983 -0.000036348 0.000003454 -0.000433594 
0.005842163 0.004339443 0.006428097 -0.004464765 0.001894402 -0.000373472 0.000028188 -0.010952927 
0.004863477 -0.006188907 0.004334998 -0.001571558 0.000278062 -0.000018814 -0.002569358 
0.004503027 0.001545322 0.003505514 -0.002198615 0.001079928 -0.000234006 0.000019095 -0.005481051 
0.003367352 -0.004734695 0.003419740 -0.001282450 0.000236445 -0.000016744 -0.001874062 
0.003516319 0.000315863 0.002492128 -0.000869718 0.000474800 -0.000103242 0.000008253 -0.003135623 
0.006466125 -0.008335308 0.005928264 -0.002199123 0.000398700 -0.000027582 -0.003246823 
0.005583829 0.001502853 0.003759440 -0.002703066 0.001406061 -0.000313451 0.000025873 -0.006542004 
0.013233748 -0.014549570 0.009756943 -0.003498261 0.000624393 -0.000043208 -0.006121088 
0.054965603 -0.024929004 0.015542256 0.010127047 -0.002499265 0.000328668 -0.000017123 -0.050806484 
0.009041816 -0.010290190 0.006914186 -0.002467356 0.000436172 -0.000029698 -0.004268730 
0.005296612 0.002866669 0.004268863 -0.003471710 0.001557300 -0.000315608 0.000024440 -0.007570680 
0.005574326 -0.006670139 0.004461931 -0.001598054 0.000285557 -0.000019670 -0.002842954 
0.007121245 0.004707998 0.006098647 -0.005536172 0.002459822 -0.000496852 0.000038056 -0.011795103 
0.000420093 -0.001693029 0.001296640 -0.000501246 0.000092939 -0.000006339 -0.000605629 
0.072477215 -0.026813307 0.024239924 0.008400627 -0.001460989 0.000110364 -0.000001118 -0.074411591 
0.000418533 -0.002100168 0.001794927 -0.000767287 0.000157998 -0.000012347 -0.000606184 
0.156760555 -0.065072017 0.050039080 0.024794236 -0.006016937 0.000813328 -0.000046182 -0.158694262 
-1.907499783 2.125455009 -0.926089229 -0.042134533 0.083121979 -0.010762659 1.040985748 
0.590002242 -0.407038015 0.321253909 0.496758814 -0.237088457 0.051902325 -0.004211271 0.471515358 
-2.171724769 1.954206973 -0.714198514 -0.081422148 0.080017937 -0.009936278 1.263156450 
1.288194625 -0.023141570 0.813470283 -0.044480414 0.031267421 -0.008569487 0.000863381 -0.791650016 
-0.375699804 0.081424564 0.458116706 -0.428819309 0.126724992 -0.012099317 0.440736679 
1.048237951 0.002616164 0.743499466 0.064865907 -0.059888939 0.017879893 -0.001665351 -0.545011737 
0.106486754 -0.259642374 0.549521256 -0.381785753 0.102634089 -0.009405405 0.151555494 
1.760719114 0.447100602 1.197987884 -0.612991331 0.294882755 -0.064697492 0.005395137 -1.761607146 
0.897855456 -0.613951447 0.505715650 -0.248168066 0.057273492 -0.004804628 -0.355078135 
1.552858295 0.161301964 0.900832373 -0.344374547 0.189107597 -0.044324077 0.003791532 -1.166470023 
1.352624634 -0.824644433 0.359428341 -0.049110199 -0.005148199 0.001228541 -0.618749625 
-6.909129575 4.485691659 -1.135090651 -2.220389096 0.670777439 -0.107577898 0.006973595 6.462884742 
1.752961352 -0.937220312 0.247033617 0.077732587 -0.042921152 0.004764242 -0.890807766 
0.917782448 -0.019356762 0.718921579 0.150627429 -0.113660018 0.033311271 -0.003340062 -0.414060764 
1.897642779 -0.850028354 0.002625540 0.267346073 -0.096783023 0.009875550 -0.997549853 
1.202544227 0.158088599 0.897254456 -0.102463374 0.014397616 0.003551015 -0.000724304 -0.900191874 
2.662869064 -1.315682050 0.056635606 0.388567546 -0.145286492 0.014972438 -1.384095473 
1.092283752 -0.116454246 0.667138852 0.102218852 -0.039351398 0.007115095 -0.000472944 -0.433119535 
2.900998305 -1.632163761 0.174402415 0.451719218 -0.179623339 0.018991248 -1.418405561 
1.446768764 -0.076643406 0.782849533 -0.097018953 0.079150742 -0.020394125 0.001754243 -0.818395845 
0.154035505 1.173110194 -0.169919791 -0.369089441 0.152958077 -0.016474891 0.650245249 
1.596553076 0.096835539 1.048754199 -0.257439423 0.130569439 -0.026516637 0.001903736 -1.301094294 
0.088511750 1.023381343 -0.196562167 -0.235571961 0.101660963 -0.010963455 0.682750591 
1.396838826 0.062785201 0.988200772 -0.160285495 0.090983158 -0.022308936 0.002008133 -1.087423354 
0.819787838 -0.035968601 0.499399569 -0.434000438 0.126163291 -0.011954069 0.354875230 
1.615363181 0.233127142 1.178077505 -0.337746602 0.150347402 -0.028756834 0.002020767 -1.539343609 
0.313522418 0.515253101 -0.049341755 -0.129715537 0.049865968 -0.005126780 0.470239102 
1.873633203 0.362324894 1.319123855 -0.547129433 0.257952992 -0.053922053 0.004243343 -1.938930316 
1.308882077 -0.460294603 0.469970146 -0.252104072 0.061081147 -0.005319483 -0.110067169 
1.510316654 0.232766908 1.064694994 -0.332160405 0.148520127 -0.028460179 0.001960516 -1.336978910 
1.468069807 -0.274263010 0.032051874 0.064185926 -0.025494440 0.002665838 -0.207572967 
1.516917429 -0.047343833 0.832743565 -0.159211019 0.110674484 -0.027898784 0.002482986 -0.946031634 
2.195070308 -0.935840573 0.298111966 0.057974224 -0.041185992 0.004875782 -0.654823667 
2.213391017 0.508917872 1.505370304 -0.822036512 0.413410636 -0.091884988 0.007616489 -2.443390391 
2.112561062 -0.830376009 0.085434842 0.215130790 -0.084297898 0.008791579 -0.692296065 
1.959056251 0.393731000 1.370250080 -0.634761387 0.319684105 -0.071423634 0.005966346 -2.055973157 
2.557858566 -1.293963036 0.194322782 0.309601813 -0.129226296 0.013917427 -0.917915627 
12.673783365 -6.732459468 3.351467309 3.444443829 -1.090423615 0.185561369 -0.012794180 -10.530937130 
3.389221113 -2.627750974 1.147844317 0.023168177 -0.092572399 0.012405316 -1.209431046 
1.691514463 -0.127928160 0.935065187 -0.189278374 0.154207172 -0.040930206 0.003685020 -1.114941290 
0.032051252 -0.027982986 0.017070783 -0.005802897 0.001005113 -0.000068756 -0.015390510 
0.142782572 -0.062627849 0.044135302 0.025281510 -0.006457702 0.000910080 -0.000053493 -0.141671111 
0.018449203 -0.016554403 0.010537177 -0.003724338 0.000670983 -0.000047743 -0.008364783 
0.077546930 -0.036797027 0.022384781 0.016057936 -0.004380926 0.000651384 -0.000039726 -0.073166323 
0.007208242 -0.005706405 0.003440481 -0.001152700 0.000197555 -0.000013363 -0.002929564 
0.003758277 0.000740503 0.003112314 -0.001268750 0.000633243 -0.000134711 0.000010656 -0.004565814 
0.002431594 -0.001855456 0.001322362 -0.000486403 0.000086510 -0.000005718 -0.000399184 
0.034039355 -0.016965450 0.009547018 0.007617479 -0.002058120 0.000295651 -0.000017025 -0.030132779 
0.000419979 0.000661788 -0.000781060 0.000424535 -0.000100721 0.000008685 0.000496394 
0.002916242 -0.000094337 0.002422703 -0.000418677 0.000310703 -0.000082036 0.000007765 -0.002720567 
0.000885121 -0.000334252 0.000284849 -0.000090704 0.000011791 -0.000000354 0.000111884 
0.064431190 -0.033414173 0.016489160 0.015348929 -0.004282478 0.000640537 -0.000039050 -0.056855919 
0.000167282 0.000833931 -0.000700379 0.000317314 -0.000069124 0.000005803 0.000373924 
0.075970767 -0.038323857 0.019474221 0.016968386 -0.004564507 0.000659344 -0.000038852 -0.067797893 
0.000830766 0.000066802 0.000058922 -0.000046662 0.000011252 -0.000000834 0.000047012 
0.065855408 -0.030889453 0.018349369 0.012861878 -0.003235057 0.000430825 -0.000022828 -0.061045532 
-0.002531952 0.004338855 -0.003161750 0.001215082 -0.000229485 0.000016751 0.001393853 
0.163934711 -0.078711601 0.044784856 0.033800860 -0.008977700 0.001290123 -0.000076114 -0.153724170 
-0.003095130 0.005860757 -0.004696727 0.001946202 -0.000392684 0.000030365 0.001472354 
0.285105452 -0.136236258 0.079765437 0.059044814 -0.016037514 0.002374086 -0.000144935 -0.271460586 
-0.000381819 0.001196472 -0.001207859 0.000518833 -0.000100427 0.000007148 -0.000774244 
0.118575188 -0.049414560 0.038097824 0.018936734 -0.004580069 0.000614144 -0.000034614 -0.119328666 
0.002913887 -0.003362371 0.002218012 -0.000808921 0.000151461 -0.000011270 -0.001886399 
0.005729655 0.004442167 0.006440532 -0.004539937 0.001932243 -0.000383396 0.000029236 -0.010913183 
0.006811580 -0.008496135 0.006148605 -0.002352762 0.000446787 -0.000032909 -0.003398327 
0.003702978 0.000791427 0.002906815 -0.001161166 0.000537363 -0.000104732 0.000007642 -0.003944288 
0.003749171 -0.005370217 0.004017456 -0.001555415 0.000293010 -0.000020912 -0.001994957 
0.003594215 0.000140752 0.002435144 -0.000779416 0.000474733 -0.000114457 0.000010343 -0.003060958 
0.005317243 -0.007321542 0.005386708 -0.002068077 0.000389540 -0.000028160 -0.002686165 
0.004794364 0.001407042 0.003453655 -0.002320393 0.001176468 -0.000257446 0.000020959 -0.005562111 
0.010818951 -0.012077454 0.008111418 -0.002908032 0.000519275 -0.000035953 -0.005023498 
0.006806329 0.003866601 0.005345365 -0.004915678 0.002294626 -0.000482882 0.000038295 -0.010240946 
0.011415159 -0.013219390 0.009286366 -0.003508363 0.000661219 -0.000048288 -0.005245428 
0.005363688 0.002741675 0.004285108 -0.003362860 0.001517293 -0.000309183 0.000023933 -0.007605563 
0.004819904 -0.005792751 0.003891768 -0.001420275 0.000260662 -0.000018401 -0.002546692 
0.007092234 0.004633911 0.006010966 -0.005530105 0.002492121 -0.000511546 0.000039915 -0.011630964 
0.003652389 -0.005157507 0.003748309 -0.001439990 0.000272217 -0.000019725 -0.002062385 
0.056165998 -0.019476992 0.020013301 0.005866737 -0.001046880 0.000098718 -0.000003567 -0.059079900 
0.004041847 -0.005901618 0.004511129 -0.001830178 0.000364188 -0.000027743 -0.002282108 
0.158509339 -0.066264024 0.050321433 0.025473673 -0.006256172 0.000859566 -0.000049855 -0.160015258 
-0.740368744 1.103241094 -0.297155051 -0.261891771 0.122215169 -0.013510358 0.446856886 
0.271466142 -0.521374174 0.197264189 0.758695820 -0.390886145 0.089449244 -0.007502751 0.886999115 
-0.313235406 0.168604279 0.438136714 -0.491689561 0.153415778 -0.015026507 0.377822958 
1.709956516 0.242769537 1.100073682 -0.447934652 0.249313157 -0.061699328 0.005621550 -1.529677985 
-0.449984632 0.511814668 -0.071216918 -0.146110038 0.058515203 -0.006082400 0.394880213 
1.179381064 -0.013385307 0.789127704 -0.008000169 0.009401646 -0.003936963 0.000515238 -0.682436976 
0.988828543 -1.170381770 1.164474792 -0.601191734 0.140693906 -0.011923127 -0.250130038 
1.766545935 0.164707317 1.090960916 -0.366959201 0.199406897 -0.046814342 0.004022038 -1.545073778 
0.971431690 -0.536843665 0.328535630 -0.132684732 0.026933637 -0.002034887 -0.413884024 
2.277635959 0.594437854 1.384857677 -0.971887683 0.494705931 -0.109513860 0.008865244 -2.419418791 
1.358839075 -0.758927164 0.241755807 0.029222064 -0.027061906 0.003405074 -0.632632635 
0.863806914 -0.271718804 0.449102593 0.293057192 -0.134319943 0.028977560 -0.002360577 0.029006590 
2.060708268 -1.352254536 0.588921158 -0.065675785 -0.014294832 0.002601656 -1.008039674 
9.254432719 -4.542323812 2.675217966 2.294994273 -0.727427636 0.124777219 -0.008749586 -7.800490046 
2.631895181 -1.548017221 0.408785826 0.145935084 -0.079359718 0.008895468 -1.331332253 
1.235835241 0.228467557 0.973028914 -0.153412155 0.030900899 0.000776513 -0.000573427 -1.043359143 
1.657802664 -0.158366498 -0.814240503 0.748105925 -0.220304584 0.021131035 -0.956481954 
1.097492022 -0.132514762 0.660766465 0.116514738 -0.041580894 0.004975613 0.000084251 -0.423152032 
3.427942051 -2.241487045 0.628696888 0.264142128 -0.139526519 0.015581192 -1.639631947 
1.137120700 -0.144002456 0.662758623 0.101068910 -0.037467138 0.006942225 -0.000433846 -0.428537943 
0.154332097 1.241506511 -0.299347259 -0.278590696 0.126647363 -0.013835357 0.644272753 
1.424211992 0.056193266 0.964922386 -0.179693187 0.100348015 -0.022645389 0.001819620 -1.058387390 
0.147694319 0.989241587 -0.192994996 -0.232972623 0.101057596 -0.010919348 0.653613073 
1.404409755 0.134555576 1.072988128 -0.162660614 0.061949556 -0.009753483 0.000505146 -1.231041056 
-0.004519877 0.814916472 -0.082258748 -0.214340514 0.083997737 -0.008797846 0.727349933 
1.464171039 0.152452045 1.101840793 -0.201307584 0.086474458 -0.016967193 0.001293351 -1.316212740 
-0.460604780 1.516778395 -0.873442083 0.227401372 -0.025695411 0.000991186 0.779709832 
1.708336949 0.186987786 1.182239609 -0.346809529 0.173134848 -0.037363460 0.002985330 -1.593030247 
0.804121296 0.167851369 -0.034594776 -0.039254673 0.017535902 -0.001927926 0.097789078 
1.811226416 0.382299102 1.255856969 -0.557855792 0.263670113 -0.055439580 0.004374806 -1.841386460 
0.113985696 1.334691757 -1.184570843 0.553084353 -0.122241507 0.010053850 0.355431781 
0.692425832 -0.438645200 0.338521000 0.481661197 -0.216288682 0.044555041 -0.003384690 0.383236962 
2.726225579 -1.431304846 0.601721795 -0.045840998 -0.022895621 0.003615226 -0.908190976 
2.442509464 0.637357577 1.670215246 -0.998907405 0.500565316 -0.111717868 0.009297389 -2.856797071 
1.589582687 -0.161057728 -0.435000017 0.429859500 -0.128349767 0.012304660 -0.492197396 
2.374493147 0.660758403 1.647860848 -0.995074374 0.482260597 -0.102841483 0.008151063 -2.785506556 
2.407442131 -1.174765432 0.164646318 0.292985375 -0.119117200 0.012562135 -0.853382377 
1.073254875 -0.068544851 0.781594579 0.084212355 -0.050092967 0.012788060 -0.001084525 -0.542315367 
3.300567599 -2.565157233 1.160800812 -0.011866256 -0.079724355 0.011023264 -1.174386528 
1.613368410 -0.148965877 0.902522779 -0.119632476 0.111046057 -0.030862676 0.002904293 -1.018070236 
