0.047320554 -0.034879386 0.044875446 0.908600955
0.029392228 -0.022329558 -0.044753852 0.971341462
0.011978039 -0.006656789 -0.052422273 0.978243040
-0.031212200 0.040852476 -0.062139355 0.988931831
0.002034335 -0.002368018 -0.038630655 0.958370523
-0.059085544 0.089311800 -0.090983786 1.036900220
0.022248787 -0.048956568 0.029303740 0.832411419
-0.030869475 0.051968130 -0.052016694 0.986920242
0.036548242 -0.089609069 -0.102387046 1.092697977
0.028655633 -0.071456070 -0.018275972 0.899242509
0.036094660 -0.090053638 -0.038116382 0.948843534
-0.068362849 0.202427383 0.116143646 0.516915464
0.008387289 -0.043173062 -0.037609146 1.008924406
-0.025558973 0.085822731 0.037155899 0.724817240
0.043463174 -0.028880268 -0.047389570 0.973964842
-0.009147432 0.007947156 -0.069729392 0.989602717
-0.048537436 0.043398158 -0.066070243 0.986309483
0.028281390 -0.041102552 -0.050184149 0.968834779
0.053904230 -0.074412243 -0.041235079 0.957200989
-0.058774881 0.094606423 -0.016308125 0.919810557
-0.027349403 0.041183110 -0.090190204 1.045410096
0.078526978 -0.159982011 -0.043017880 0.955782680
0.029917809 -0.057902761 -0.108104620 1.092464830
-0.051939346 0.130368691 -0.069840236 1.004456747
0.075985361 -0.189443077 0.012149415 0.799482619
-0.082076293 0.253129548 0.001554042 0.829149665
0.041023280 -0.140789094 -0.027778948 0.923015232
-0.023608348 0.104811092 -0.041808041 0.976325788
-0.010378293 0.007023100 -0.081533496 0.999015423
0.031610895 -0.022369331 -0.072717373 0.992844137
-0.048337283 0.049584027 -0.048839736 0.971354264
0.013080331 -0.017975350 -0.048390346 0.970859935
-0.009327493 0.011154820 -0.067769571 0.996052926
-0.041456895 0.059348923 -0.056977556 0.979864905
0.022990407 -0.050211492 -0.084323317 1.026352699
0.073481305 -0.146144198 -0.046013610 0.953564257
-0.004433493 0.017476870 -0.038831821 0.938482500
-0.038194350 0.095126839 -0.097840703 1.074202926
0.092868697 -0.232530778 -0.077520224 1.023401728
-0.155357043 0.462501284 -0.068457706 0.998026680
0.008896612 -0.063110422 -0.032766963 0.883816300
-0.017809392 0.038372392 -0.023998620 0.850496594
-0.035948074 0.023881711 -0.083278721 1.004305216
0.030300070 -0.022491989 -0.078143780 1.000710758
0.026322231 -0.018911934 -0.067141636 0.990808829
-0.083269111 0.101638545 -0.013171141 0.931441283
0.069481530 -0.096937281 -0.118945809 1.068948346
0.005951595 -0.001642378 -0.021858508 0.923317395
-0.068123833 0.124285853 -0.109683612 1.072620076
0.022764986 -0.048402900 -0.060992859 0.980107645
-0.140318237 0.294071852 -0.009583233 0.872147435
-0.010177742 -0.005251281 -0.073220116 1.018512265
-0.009016657 -0.008153994 0.014791491 0.798483247
0.092463566 -0.292298612 0.033425383 0.746308351
-0.038107349 0.125528320 -0.155439302 1.350675351
0.047719197 -0.200612551 -0.073624779 1.039780168
-0.026570402 0.022234590 -0.106766230 1.017310921
-0.008029634 0.009256053 -0.072481339 0.993311497
0.008427410 -0.005555287 -0.060320482 0.982366726
-0.013080403 0.018103308 -0.037038638 0.956756697
0.023403779 -0.029326127 -0.064201638 0.992068596
-0.019263463 0.034674737 0.010167358 0.880515102
-0.060864505 0.105396509 -0.181732839 1.206745446
-0.094319751 0.168961476 -0.125197515 1.099328332
0.072662655 -0.181701560 -0.084634105 1.014145175
-0.040016435 0.077460341 -0.044047226 0.920795355
0.062052130 -0.177711072 0.026479368 0.744478871
-0.032329060 0.086556257 0.035113684 0.720302786
-0.076842808 0.229000250 -0.060361037 1.025821898
-0.002134470 -0.054891428 -0.090957438 1.142088221
0.011543048 -0.004740421 -0.050405863 0.983144881
-0.006437006 0.007845617 -0.054711703 0.986158969
0.030761663 -0.025633185 -0.098740435 1.025784827
-0.017702167 0.027677029 -0.023385891 0.942894826
-0.003674055 0.009440485 -0.044477273 0.970313623
-0.057829644 0.090673869 -0.065728708 1.002190775
0.001479409 -0.010151524 -0.064068460 0.999368352
-0.029019535 0.047796468 -0.056389292 0.984777935
-0.056282669 0.105049047 0.022377962 0.819366707
0.060216034 -0.162897965 -0.095114983 1.089600477
-0.063963692 0.147551350 -0.037743257 0.946171160
0.078182104 -0.250456870 -0.067006930 1.028109443
-0.081840167 0.261614404 -0.015474560 0.863205859
0.044883191 -0.219934350 -0.058128092 1.025289278
0.026189769 -0.014906633 -0.032144787 0.966112853
-0.022860225 0.019428361 -0.052086416 0.980071993
-0.002442789 0.001052669 -0.059235678 0.986506329
-0.006823299 0.005871231 -0.082523852 1.012123321
-0.001642848 -0.000863355 -0.041725626 0.959085628
-0.004854563 0.003954217 -0.037442139 0.952660398
0.039428964 -0.071327781 -0.095992421 1.052195880
-0.020942959 0.043378870 0.035875452 0.801646924
0.013369081 -0.028676410 -0.096762753 1.080187144
0.059463258 -0.134693015 -0.086680928 1.056998946
-0.054490228 0.150190701 -0.040596333 0.941787458
-0.074396211 0.205927451 0.006754844 0.809204166
0.046788520 -0.181863694 -0.079975538 1.086741393
0.006726183 -0.029626813 0.000932962 0.779289096
0.013335429 -0.009448125 -0.008192659 0.954427660
0.007357848 -0.005263818 -0.053721968 0.986298175
-0.029058928 0.027511279 -0.087818184 1.016984770
-0.028316042 0.026694104 -0.107394197 1.038518384
-0.011640370 0.005015732 -0.087368766 1.012485324
0.095122057 -0.155127908 -0.042149116 0.944655850
0.004980883 -0.001887908 -0.012261574 0.893847027
0.017315225 -0.025323159 -0.063029848 0.990306747
-0.019230729 0.051423341 -0.149815047 1.172555655
-0.075793483 0.181517674 0.048679400 0.716018438
0.018468730 -0.054137860 -0.148221278 1.208270132
-0.004978761 0.011515114 -0.006133316 0.810423847
0.002433748 -0.012204915 -0.048331626 0.945458439
-0.025904755 0.095481394 -0.081202840 1.070369050
0.020207211 -0.016606435 0.048074129 0.916567145
0.043351235 -0.032807251 -0.073032085 1.001341494
0.001103009 0.005216151 -0.069445057 0.998113169
-0.098414328 0.114685225 -0.139639130 1.075326650
0.014154340 -0.031654038 -0.077553671 0.994615557
0.005324500 -0.018409279 -0.083762089 1.003928184
0.041088147 -0.079207480 -0.116136116 1.058964031
-0.005052859 0.008460429 -0.172814491 1.166652942
-0.114983123 0.239313974 0.141649212 0.506279195
-0.152336714 0.325227231 0.122584671 0.550127639
-0.056797250 0.086378572 -0.027886832 0.926306398
0.049442134 -0.211091699 0.118365558 0.516799713
-0.042672214 0.083674219 -0.050026584 1.055654573
-0.028238429 0.028825836 0.033077227 0.739860097
0.030336680 -0.024492900 0.165567408 0.836503382
0.059998169 -0.045255942 -0.029879512 0.973316223
-0.014895428 0.022148293 -0.101978457 1.038205271
-0.076770170 0.090210511 -0.063290321 0.995648321
0.011604956 -0.024677149 -0.104221975 1.048859470
-0.065017616 0.090256710 -0.004873573 0.899836866
-0.065046190 0.090305286 -0.028933893 0.940739412
-0.007642231 -0.018762235 -0.112015347 1.098594173
0.060710194 -0.162302321 0.024197096 0.812548056
-0.125997213 0.267124707 -0.012487170 0.896921866
-0.052201309 0.082634947 -0.041199333 0.968702273
0.026493914 -0.137711674 0.057984726 0.690986913
0.023303837 -0.127503427 0.035710837 0.762263358
-0.028694185 0.070089054 0.092179855 0.547681092
0.026815430 -0.016021038 0.076923971 0.917174099
-0.012994152 0.011845670 -0.032712223 0.993919433
0.017309734 -0.015427827 -0.007557867 0.971280513
-0.011299313 0.016042125 -0.116241318 1.090832312
-0.007725569 0.011396259 -0.024042124 0.970973364
-0.001657743 0.002294519 -0.040401211 0.995511994
-0.089221115 0.151152256 0.038712039 0.861019467
0.069787285 -0.150963700 -0.137932350 1.196643801
-0.068983177 0.140454257 -0.047858048 1.007487775
0.073843140 -0.188046265 0.103471851 0.659429016
-0.007124873 0.014373766 -0.004246037 0.928723734
0.051298536 -0.149211774 -0.109094504 1.222299438
0.044871858 -0.128646407 0.036910580 0.755083163
0.138656403 -0.485027671 -0.024226905 0.987405602
0.024447460 -0.011883958 -0.026335420 0.986530573
-0.033881573 0.028946364 -0.046611133 1.000723572
-0.030360131 0.025777067 -0.045302499 0.999545802
-0.009969630 0.003347515 -0.078782169 1.036373440
0.013361123 -0.026982463 -0.023356671 0.964320294
0.070981033 -0.113412329 -0.068538471 1.032092994
-0.020184256 0.041568669 0.048249679 0.833553134
-0.058437933 0.114250653 -0.003371240 0.931632879
-0.037953127 0.071232564 -0.019327398 0.965140808
-0.034879810 0.064163934 -0.132938890 1.226447235
0.048373328 -0.143968910 0.025837227 0.829506943
-0.109947314 0.299328878 -0.105978821 1.198591872
0.134036401 -0.481419021 0.027838552 0.770376269
-0.003297248 0.040448837 0.148308509 0.312590438
-0.005849402 0.007749654 -0.035591128 0.993147255
-0.018356877 0.016504886 -0.056187216 1.007564517
-0.035923015 0.032314410 -0.033339850 0.987001888
0.032425786 -0.042869272 -0.046682971 1.001679321
-0.010235254 0.012590078 -0.044017424 0.998214110
-0.071673685 0.104747723 -0.112150285 1.100413402
0.094570250 -0.177866974 0.005842747 0.899825241
-0.000914132 0.003553350 0.027196715 0.859252703
-0.076439396 0.162156397 -0.121991903 1.172548788
0.087213608 -0.214245505 -0.006519554 0.906962391
-0.092107470 0.234057192 -0.029929086 0.965486220
0.062735568 -0.199503308 0.017514970 0.832642866
0.027974535 -0.088268002 -0.098069326 1.202512617
0.045191981 -0.153694295 0.143678718 0.283870060
-0.025036017 0.017454422 -0.059164766 1.009468915
0.017295230 -0.012177450 -0.078845029 1.023245099
-0.061601236 0.058829367 0.003644823 0.949004234
0.011291594 -0.021352747 -0.076470104 1.037130656
-0.028744876 0.030694661 -0.106543277 1.076225779
0.050713053 -0.088492231 -0.049101401 0.990062964
0.011760494 -0.022272880 0.069557751 0.788342400
0.021687562 -0.041134307 -0.031503450 0.980358681
0.028670305 -0.055798067 -0.160978696 1.252256685
-0.126841983 0.301880188 0.059114979 0.746041244
0.023886714 -0.074941556 -0.029416089 0.967368912
0.047902304 -0.142185208 -0.007684974 0.906521792
-0.014967830 0.058999224 -0.032825575 0.986971714
0.048854943 -0.183527310 -0.032344462 0.985143488
-0.022956294 0.014564226 -0.080426936 1.021231773
-0.000581259 -0.001098298 -0.040625336 0.993370653
-0.007149676 0.004813276 -0.059618340 1.010464356
-0.001900927 -0.000960347 -0.086098642 1.039592689
0.009873334 -0.016266885 -0.058571086 1.003806868
-0.006414035 0.008164167 -0.002200007 0.919250249
0.031280182 -0.055916003 -0.034104300 0.973487549
-0.066666806 0.130183272 -0.026148269 0.958371090
0.064401211 -0.145059551 0.010679064 0.881033695
-0.111914981 0.260467683 -0.047650028 1.015190603
0.049672284 -0.143500480 -0.031331385 0.974393996
-0.000454693 -0.003144949 -0.056050108 1.043606420
0.029232418 -0.098143705 -0.069483530 1.086593369
0.093729110 -0.343231132 -0.024936126 0.917313237
-0.018765309 0.013825742 -0.019028188 0.980482579
0.015300989 -0.010020665 -0.084382897 1.026230874
0.024614913 -0.018403197 0.021994407 0.930491304
-0.076200535 0.092493798 -0.076851574 1.039221885
0.019061343 -0.031346639 -0.051389622 1.006121349
-0.029124572 0.040932234 -0.023296768 0.963982067
-0.002319069 -0.004637123 -0.106946566 1.106186728
-0.068593939 0.121285129 0.102072693 0.709050141
-0.014464917 0.007614188 -0.043181469 1.014083866
0.025419773 -0.084120597 -0.076009613 1.089588597
0.038466093 -0.116736398 0.006913743 0.882280208
0.084716620 -0.246237871 -0.081588159 1.130085529
-0.104760398 0.360088597 -0.044841475 1.012496139
0.109319568 -0.453415263 0.108724839 0.428944151
0.005577004 -0.003771172 -0.025414528 0.985813171
0.021858808 -0.015168435 -0.069229607 1.016483726
-0.009779729 0.013306248 -0.033098153 0.983965419
-0.034034047 0.039985998 -0.081637829 1.037359063
-0.022938805 0.025562184 -0.055029975 1.002768854
-0.005870278 -0.000040605 0.022000069 0.887223788
-0.004925073 -0.001647455 -0.051348824 1.011916910
0.011268784 -0.032415782 -0.010739569 0.934759326
-0.071280055 0.140936772 -0.047812152 1.012611748
0.079739166 -0.206407429 -0.093445160 1.117567662
0.062646452 -0.163675645 -0.027868553 0.953626147
0.062445557 -0.163113140 0.011975613 0.842062482
-0.032280658 0.140010752 -0.064643036 1.087242162
0.062012727 -0.218304106 -0.013585613 0.893223959
-0.040104390 0.029320364 -0.039575400 0.988970549
-0.071185274 0.051076983 -0.070723001 1.010773869
0.038185814 -0.047356994 0.006153284 0.941585214
0.004148797 -0.009916274 -0.078125326 1.034291687
-0.005290866 0.002355286 -0.104568278 1.068667523
-0.005747733 0.003040587 -0.021548862 0.944138400
-0.002518334 -0.002449390 0.071248140 0.786383493
-0.094780488 0.172848699 -0.017691261 0.955368352
0.125910889 -0.290603170 0.030845992 0.853440124
-0.016532082 0.037015655 -0.151780212 1.273480384
0.017019829 -0.046864121 -0.033897763 0.978774263
0.006059289 -0.016174612 0.053621071 0.733721533
0.036123008 -0.112378514 -0.059057484 1.094292912
-0.015034679 0.082020695 -0.027194472 0.973213469
0.000423542 -0.002623873 -0.013003648 0.963140220
0.014746380 -0.012649860 -0.023778678 0.970682741
-0.043594295 0.039856747 -0.037677577 0.983191749
0.017824210 -0.027703610 -0.065325224 1.013604162
0.030337167 -0.043970454 -0.028045767 0.965140869
-0.095687644 0.145066763 -0.052949476 1.002496432
0.051913322 -0.105854887 0.002956093 0.907456962
-0.079145111 0.143156132 0.009905997 0.894252145
0.072130963 -0.174523608 -0.071739835 1.065708386
-0.171874367 0.386688638 0.009527502 0.878793513
0.141357864 -0.396391939 -0.064073215 1.062795307
0.002320246 -0.007086616 0.037824353 0.777482119
0.016951719 -0.053907330 0.021179322 0.830746222
0.052149263 -0.187657993 0.010633022 0.870822160
0.016111505 -0.013167946 0.119864352 0.875438389
-0.033338727 0.021447216 -0.054077211 0.997197481
0.013138365 -0.020382165 -0.041767051 0.986118336
-0.034274760 0.031772273 -0.097037887 1.046916257
0.027696288 -0.048790086 -0.013648864 0.938510532
0.013952049 -0.028173728 -0.014751848 0.940165008
0.041164257 -0.074434483 -0.036167515 0.976571643
-0.096065824 0.186302668 -0.000954271 0.909666479
-0.035959031 0.060078409 -0.087399760 1.091201998
0.074204571 -0.193297870 -0.046593536 0.997347685
-0.004537587 0.003557525 0.025499070 0.817116171
0.017208955 -0.057332793 0.021037007 0.829609946
-0.006528632 0.018627486 -0.056070198 1.076353005
-0.028335447 0.101493385 0.172031383 0.209567009
-0.042356669 0.030359560 -0.026918651 0.996426524
0.021271571 -0.014180207 0.255789474 0.798530839
0.013539623 -0.007221454 -0.011672971 1.039247033
0.011864325 -0.005378626 0.040088906 0.982308967
0.043351221 -0.046311589 -0.074520093 1.131300661
-0.077149545 0.134439559 0.008226035 1.007181469
0.001537944 0.000670825 -0.031650078 1.074970862
-0.032565253 0.065466897 0.053814669 0.912587846
0.086380437 -0.184319040 -0.105245088 1.246613321
-0.064351645 0.162364741 0.039036861 0.914764845
-0.032297205 0.082228641 0.093763684 0.777947786
0.056664928 -0.166865326 -0.078100543 1.259167615
0.034395560 -0.095603346 0.022124254 0.938448258
-0.043821267 0.201620590 0.011253656 0.979756532
-0.025483151 0.014617662 -0.013527871 0.970014990
0.057118439 -0.043203450 0.355608186 0.711619754
-0.015935703 0.022545277 -0.070273263 1.094913049
0.052373558 -0.052594913 0.087486537 0.921377265
-0.017164108 0.037804050 -0.174661237 1.262169358
-0.091983787 0.150033568 0.010104177 0.985021237
0.026332703 -0.051104470 0.046150105 0.923743158
0.028502409 -0.055226912 0.044569985 0.926745386
0.004916558 -0.005696626 0.029494159 0.958404618
-0.060579110 0.144943408 -0.056041466 1.155136552
0.046425055 -0.122567005 0.009515684 0.991243677
-0.019329426 0.061545538 0.122107536 0.675986497
-0.007563198 0.023893607 -0.045104034 1.211063529
0.097709352 -0.376142076 0.056886229 0.823500534
0.006639474 -0.003716417 0.017476977 0.960698932
0.014887331 -0.009489917 0.258609072 0.791906468
0.014777802 -0.009391340 -0.012522933 1.035925266
0.030786949 -0.027001402 -0.007555487 1.030461076
-0.013330161 0.030350838 -0.075244886 1.118457290
-0.030119684 0.055535123 -0.022584791 1.039467148
-0.020861646 0.039796457 0.034093273 0.943114437
0.023907335 -0.045264605 0.085912974 0.844657007
0.080750244 -0.164634709 0.024976128 0.972624376
-0.015299056 0.056278676 0.132971970 0.724233945
-0.001413065 0.021563699 -0.006606977 1.073181314
0.075284499 -0.193189478 -0.064244255 1.234565689
-0.203247264 0.698112179 0.114119270 0.663802401
0.213494472 -0.885506398 0.038319232 0.951842540
-0.018427230 0.012256420 -0.027211608 0.982674570
0.034301341 -0.024653579 0.323022325 0.737510821
-0.005901769 0.011529218 -0.014048811 1.040874835
0.001994305 0.002843537 -0.001001954 1.026523292
0.004757160 -0.000748174 -0.106804941 1.164067171
-0.035848535 0.060160367 0.040950169 0.942434504
0.038300920 -0.065893710 0.007306936 0.999628003
-0.059363214 0.119668142 0.038982644 0.939444159
0.035167095 -0.078845497 0.036751023 0.944130562
0.032810191 -0.073424617 0.019293423 0.984283042
-0.045352694 0.121982595 0.046268709 0.916844826
-0.005219434 0.009609470 -0.110180054 1.354901354
-0.085552996 0.266676872 0.201385848 0.357890454
0.115355963 -0.496777165 -0.140451350 1.656871791
-0.023457760 0.016752683 -0.034689607 0.985808821
0.010367496 -0.006924995 0.333146771 0.728323360
-0.015414002 0.016278352 0.003728866 1.024799467
0.034821819 -0.038981051 -0.032092344 1.064202799
-0.018172014 0.029910929 -0.066671356 1.109155512
-0.011137732 0.019359505 0.011706945 0.991588060
0.056494660 -0.095615564 0.020422347 0.976771878
0.007908333 -0.003301544 0.025581131 0.966970189
-0.094259182 0.211250228 0.050414193 0.914820761
0.074555051 -0.177022499 -0.086224655 1.229090103
-0.047421699 0.127919375 0.041830546 0.908952100
0.033281277 -0.098048954 0.037252000 0.921772030
-0.020146476 0.072919859 0.093733087 0.741032548
0.040002242 -0.155645269 -0.100894725 1.480618227
0.003247611 0.000326754 -0.042797926 0.992066087
-0.011505113 0.010653661 0.336452743 0.726590623
0.014804903 -0.013025353 -0.042291274 1.067460229
0.009314939 -0.006986393 0.037292851 0.979917689
-0.005736885 0.012580978 -0.128864615 1.195922388
-0.031446332 0.051145148 0.002529621 0.998831035
0.027572126 -0.049186233 0.029017936 0.953800898
0.008485249 -0.012921168 0.069569970 0.876752033
-0.029139945 0.066091735 -0.002486705 1.028071044
-0.060074092 0.137240272 0.035590521 0.940493426
0.040462803 -0.114101965 0.082903319 0.822211431
0.051709054 -0.145591466 -0.035666219 1.154206131
-0.031487664 0.120638034 0.154781366 0.544773850
0.024370862 -0.091624361 -0.159279267 1.738204239
0.001567190 0.004352553 0.042954984 0.941072731
-0.002702489 0.007341329 0.292305368 0.766527465
-0.003809649 0.008337772 -0.021311040 1.048782224
0.005375251 -0.001765618 0.025997767 0.996742536
-0.040633409 0.058045639 -0.079588871 1.134005160
0.056032023 -0.086952510 0.039505949 0.955362930
-0.036416041 0.070209204 0.006141069 1.012083228
0.014769619 -0.027043550 0.004569890 1.015068468
-0.055029090 0.119533734 0.020976658 0.980614257
0.035946525 -0.089710176 -0.003399848 1.036680220
0.032631505 -0.081422627 -0.004151663 1.038559756
-0.008103202 0.032634550 0.127268701 0.670582743
0.040982292 -0.124439033 0.046354341 0.929508700
-0.112862752 0.460172128 -0.094346261 1.464170979
0.006562337 0.004898743 -0.002092421 0.968185753
-0.049023047 0.043808511 0.297343153 0.758580855
0.029493561 -0.026856434 -0.015935298 1.040531453
-0.024798891 0.032865264 -0.002724529 1.025999607
0.000569241 -0.000113306 -0.086005310 1.134264617
0.046058844 -0.068347710 0.000920892 1.003875316
0.030865126 -0.042518390 0.004592540 0.997633514
-0.047017835 0.105459234 0.105897226 0.805154612
0.031677181 -0.059800292 -0.054815995 1.142652360
-0.014433890 0.046255170 0.161309800 0.645563043
0.015292288 -0.028060275 -0.084163361 1.259245946
-0.030912782 0.101313919 0.061222896 0.852164431
0.013300198 -0.040167620 0.081195248 0.788252905
-0.028698370 0.119426938 -0.004725755 1.114752711
0.006201775 0.004490250 0.020423831 0.954059511
-0.042484263 0.038570476 0.268089489 0.780693553
0.000001091 0.000333659 -0.001866221 1.023653686
-0.019744327 0.022053619 -0.026950250 1.051246118
-0.000094463 -0.003491204 -0.071575625 1.109259103
0.061391398 -0.095719995 0.008161066 0.989654067
-0.002623388 0.013105144 0.033068669 0.947311141
0.001612707 0.005056565 0.063249491 0.889967579
0.004318886 -0.000626412 0.105791067 0.800630275
-0.046505943 0.116270694 0.025396937 0.985536769
0.008967634 -0.022413250 0.001004934 1.046516776
0.086902587 -0.240631116 -0.078889113 1.270220104
-0.047228884 0.188589599 0.116711079 0.644299482
0.111665243 -0.415208077 -0.099988586 1.467758197
0.012150862 -0.000391752 0.015889109 0.965160042
-0.042281121 0.037710635 0.243887022 0.805561505
-0.017376954 0.015296885 -0.012601611 1.036401269
-0.016594305 0.014435971 -0.012345914 1.036120003
-0.009202489 0.004826611 -0.037482372 1.068797396
0.041161265 -0.070719020 -0.040683141 1.073598549
0.054378578 -0.093188453 -0.017802126 1.034700823
-0.046010652 0.097551082 0.020691760 0.961562441
0.041016422 -0.085205766 0.107036207 0.780239109
-0.052011219 0.128757804 -0.158008597 1.389842148
-0.091449071 0.227352436 0.127735357 0.675482262
0.166371760 -0.494545881 -0.028769367 1.113695482
0.050519409 -0.123818350 0.088519667 0.738370568
0.113054437 -0.361451454 -0.025990160 1.173507904
0.040642268 -0.026623939 -0.018518270 0.980825931
0.001115783 0.001044600 0.389382564 0.695295352
-0.001098269 0.003037247 -0.051161635 1.091785121
0.028190531 -0.029180433 0.038496270 0.993161424
0.020311500 -0.018937694 -0.030189745 1.082453240
-0.058419679 0.099159075 -0.021278257 1.069086008
-0.046501854 0.078898771 -0.018560893 1.064466489
0.035749997 -0.077379744 0.052871127 0.928745652
0.031559112 -0.068578884 -0.155979358 1.367331650
0.044930930 -0.099334065 0.103269791 0.771058621
-0.087515223 0.231781316 0.003159444 1.021334488
-0.003272834 -0.004097367 0.037319353 0.925686744
-0.045441229 0.130841497 0.078433168 0.794122533
-0.005559083 -0.020710654 -0.072541837 1.367827548
0.021414856 -0.018046267 -0.001642406 0.966813415
0.033383034 -0.026423991 0.351946077 0.719301481
-0.003148608 0.006454485 -0.018721218 1.052902038
-0.028966328 0.034853977 -0.035526765 1.071388140
0.035841695 -0.049396449 -0.042855133 1.080915018
-0.054784579 0.086542962 0.008058546 1.004544499
-0.019249075 0.026132605 0.011692051 0.998367540
-0.018464892 0.024642657 -0.015205150 1.049472223
0.051132251 -0.121511339 0.062180743 0.886961855
0.031501522 -0.076360662 -0.125413507 1.318428620
-0.012504497 0.033654385 0.022341811 0.949040325
0.001943254 -0.006799316 0.071174187 0.812309674
-0.094405011 0.301515137 0.036386456 0.923630416
0.060358091 -0.286584643 0.024825336 0.967562671
-0.016638943 0.006374344 -0.007543266 0.976297707
0.044936918 -0.036728757 0.326937159 0.742161413
-0.011455643 0.014024546 -0.046321739 1.078094412
-0.028772424 0.033073005 -0.007615688 1.035517755
0.043369086 -0.060710954 -0.033264152 1.068860757
-0.031262883 0.051236999 -0.030637376 1.064920593
-0.013401099 0.020871965 0.024328837 0.971478029
0.019335379 -0.041327342 0.058345219 0.906846902
-0.063068025 0.131719800 -0.002808570 1.035269855
0.052145922 -0.133272275 0.050341475 0.913024754
-0.058695451 0.143831159 -0.062359184 1.194776401
0.044077016 -0.143931744 0.034973911 0.922243739
-0.036539846 0.114042218 0.067884535 0.816929740
-0.087452119 0.307508854 -0.160578946 1.685090958
0.003436193 -0.002447234 -0.022963585 0.980299980
0.016847827 -0.011835378 0.356358013 0.714774866
-0.022850257 0.023892897 -0.037968746 1.069668940
0.007266559 -0.009235601 -0.017457015 1.047106035
-0.013932739 0.018323484 -0.067540987 1.112215197
-0.000013638 -0.002555167 0.006666182 1.000904443
0.034232165 -0.060773033 0.040324345 0.943685565
-0.083423450 0.162772631 0.038722767 0.946728562
0.055831702 -0.129663174 -0.006451605 1.041594740
0.026331416 -0.061812517 0.012382266 0.998276837
-0.044038770 0.114112948 -0.053875058 1.163920146
0.017332474 -0.057726533 0.037266007 0.908725169
0.000932812 -0.005247612 0.124198814 0.630540183
-0.015753804 0.058161527 -0.084858244 1.424956993
0.014092501 -0.006440050 -0.087593501 1.020761940
-0.036175361 0.028747453 0.392784202 0.684497553
0.005850967 -0.009076242 -0.058387504 1.090552078
0.022707622 -0.027618563 -0.013231640 1.040880626
-0.023486318 0.032433557 -0.092182137 1.143516269
0.010268795 -0.018199113 0.036016694 0.951218022
0.017130264 -0.029863610 -0.015531188 1.038849424
-0.042850286 0.084099433 0.081391364 0.854696578
0.038541437 -0.086823176 0.010496375 1.003576047
0.110552184 -0.252447892 0.045666684 0.922684339
-0.008256505 0.044573831 -0.056854893 1.178988281
-0.052930237 0.169660280 0.018780227 0.967209949
-0.004476609 0.014608667 0.038007106 0.905683933
0.031889302 -0.123581794 -0.109292722 1.465423276
0.039676259 -0.020121256 -0.087104445 1.018804970
-0.035518512 0.032515083 0.419774677 0.663989591
0.009911244 -0.008371696 -0.055894242 1.092091607
-0.000494727 0.003074872 -0.012714867 1.044594293
0.008096452 -0.008093660 -0.104099487 1.163394295
-0.020922912 0.035435386 -0.008269546 1.019649383
0.003602358 -0.006257575 0.058115145 0.906795404
-0.073252351 0.139766372 -0.037263049 1.088013971
0.119761898 -0.265563535 0.141253438 0.713129366
-0.027454861 0.073035006 0.012007353 1.010395355
-0.009622099 0.028453100 0.018816792 0.993371757
0.040890194 -0.112981317 -0.026478165 1.120197635
-0.073068014 0.251684952 0.099561032 0.716872200
-0.069917466 0.239712869 -0.202881184 1.866152606
0.029803913 -0.013092919 -0.089106267 1.020746323
-0.057167956 0.047787388 0.338695964 0.721284767
0.002015847 -0.005478033 0.006459354 1.020297708
-0.009268918 0.006935209 -0.021937497 1.051534245
-0.000649704 -0.004269768 -0.052461016 1.091214817
-0.002650865 -0.001268028 0.026792281 0.972334871
0.019611545 -0.039114125 -0.014670496 1.042821596
0.004393150 -0.010199175 0.060583971 0.899838110
0.006664983 -0.014970025 -0.027647012 1.085123165
0.008041073 -0.018135031 0.080716591 0.835886884
0.013129633 -0.030856432 -0.061569621 1.191602413
0.030070887 -0.078291940 0.006289779 1.001596098
-0.021840541 0.087824629 0.185635318 0.427690363
0.031253915 -0.113934300 -0.061949197 1.368511509
0.012454831 -0.001462338 -0.067122285 1.006450148
-0.040005776 0.035260086 0.322039147 0.734037151
0.006781557 -0.006848512 0.017169114 1.008420173
-0.024044321 0.027059955 -0.007853511 1.035945061
-0.007522959 0.005582184 -0.046902288 1.086708469
0.000790413 -0.006887874 -0.007448195 1.027527330
0.029210361 -0.055201786 0.042094603 0.943304571
0.057167443 -0.108320241 0.008834604 1.006498569
-0.033185418 0.081420759 0.066192134 0.886047760
0.051904248 -0.114285469 -0.113750669 1.299916200
-0.013818836 0.050022241 0.026557052 0.949146896
-0.050751387 0.153433382 0.020650322 0.965685740
-0.053880034 0.163445051 0.067950299 0.814325811
-0.037527468 0.101305303 -0.007106364 1.099541129
-0.003997053 0.006930563 -0.025525393 0.980933101
-0.054336200 0.042167965 0.304050166 0.750230214
0.036429792 -0.039521426 0.042341937 0.985767613
0.004951312 -0.004895097 -0.076392320 1.116375299
-0.026240326 0.035654031 -0.045501579 1.076217337
0.033806184 -0.054415734 -0.007761119 1.019606647
0.050326592 -0.082500429 0.056723377 0.909983002
-0.078826812 0.162891037 0.004702212 1.008823213
0.027154962 -0.059670678 0.002086162 1.014316918
0.007832214 -0.015228359 0.064663872 0.870388189
0.029687652 -0.069866954 -0.003250440 1.040173969
-0.038037403 0.119763197 -0.053821789 1.181773743
0.039761429 -0.129193069 0.122279743 0.618248832
0.001960206 0.014451575 -0.170018236 1.728981138
0.001103113 0.003014190 -0.102628774 1.025166127
-0.047474540 0.037018547 0.360122345 0.701240350
-0.011424571 0.004573575 -0.029948347 1.052303963
-0.027906714 0.022703933 0.000883341 1.018389105
0.022113588 -0.042322457 -0.027462834 1.055239131
0.037119029 -0.064830618 -0.004400014 1.020644902
0.020745532 -0.036995672 -0.017296678 1.042569231
-0.124975115 0.239873553 0.083295733 0.851443653
0.119557024 -0.273643917 0.049602974 0.922198444
0.029961331 -0.067573826 -0.079991202 1.220265043
0.010818667 -0.019717166 -0.026175980 1.085726987
-0.091494612 0.266760010 -0.001806020 1.017491101
-0.041010365 0.105210416 0.093285456 0.713198371
0.143349133 -0.595355665 -0.228015049 1.934140276
-0.040552358 0.038759253 0.083104675 0.887737182
-0.018970814 0.023652173 -0.078901653 1.001141610
-0.003341382 0.009585685 -0.033640257 0.960406355
-0.003658257 0.009934247 -0.033063900 0.959772362
0.017117723 -0.017074527 -0.074956101 1.014232221
-0.072526975 0.117392521 -0.089530029 1.036093114
0.007345509 -0.018390706 -0.008770827 0.898802465
0.025834064 -0.053518960 -0.046624260 0.970723987
-0.019246425 0.041150063 -0.015274581 0.904889664
0.100532959 -0.234342515 -0.036066762 0.952711680
-0.040138283 0.117335591 -0.064386934 1.023512111
-0.122054246 0.346700283 0.080715548 0.617225168
0.049769495 -0.203135697 0.027939483 0.786108578
0.116105277 -0.455211667 0.064483512 0.647241268
-0.011400758 0.016125584 -0.001920760 0.944416970
-0.023879721 0.024860858 -0.075154309 0.995680454
-0.061946568 0.059121019 -0.041685690 0.965558698
0.042326529 -0.055579390 -0.074814287 1.002000154
0.045502460 -0.059708100 -0.035102061 0.950374263
-0.014153029 0.029775134 -0.103189325 1.052505158
-0.106548051 0.186846676 -0.035799755 0.937942886
0.045407100 -0.101868107 -0.137890031 1.131914408
0.103325125 -0.223495955 0.096414662 0.639874575
0.019224170 -0.030063761 -0.041102757 0.956164634
-0.035890401 0.107722665 0.044344671 0.742546064
0.011436733 -0.024793307 -0.054223674 1.018537423
-0.043868107 0.152182182 -0.004975200 0.860942307
0.124570128 -0.487883102 -0.214037312 1.655378320
-0.035513942 0.021721057 -0.082779830 1.002747449
0.036598996 -0.028757999 -0.047222677 0.977857442
-0.004811011 0.008511006 -0.113242242 1.037275049
-0.024782557 0.030479708 -0.038186325 0.954713539
0.040195371 -0.053991596 -0.098049021 1.032535041
-0.034809519 0.058515739 0.033515684 0.835187984
0.012849148 -0.022503997 -0.152395720 1.151237379
0.026620921 -0.048670365 -0.017258829 0.894477289
-0.047115850 0.106176847 -0.101238763 1.070835143
-0.180316970 0.412539416 0.107401584 0.590962355
0.097101514 -0.281006794 -0.208956434 1.381857399
0.036952878 -0.112590616 -0.049207944 0.934561635
-0.058930827 0.194237243 0.114067016 0.412081754
0.005611747 -0.051024535 0.034910964 0.712874749
0.006660560 -0.003450750 -0.094796127 1.010367784
-0.023842855 0.017901640 -0.061554614 0.987098725
0.041661294 -0.041052093 -0.057765828 0.983688818
-0.020624112 0.027461856 -0.074995187 1.002641113
-0.056979753 0.074724187 -0.020616646 0.931949012
0.011780515 -0.028416215 -0.098584867 1.048901344
0.003461453 -0.014273808 -0.130481469 1.103125568
-0.043351968 0.074671690 0.045478062 0.768802464
-0.113470080 0.221919719 0.070505721 0.716244382
-0.125654813 0.249944603 -0.103928720 1.117443589
0.096262721 -0.304849232 -0.162013795 1.262656276
-0.048451868 0.100351612 0.042266538 0.690671355
0.038303143 -0.177264429 0.016036036 0.774608961
0.030643708 -0.148158578 -0.044292140 1.003856026
-0.020399800 0.012962975 -0.078454022 0.997948887
0.007904945 -0.006850346 -0.075369780 0.995789918
0.011150621 -0.009771454 -0.070143623 0.991086377
-0.033197172 0.039011118 -0.022267409 0.938422540
0.037693278 -0.053146463 -0.040203323 0.961739228
-0.061514990 0.095665940 -0.072960836 1.010875497
0.064204540 -0.118057267 -0.056820830 0.983437486
-0.013454241 0.029494413 -0.209929124 1.274343241
-0.052362923 0.111202644 -0.020599956 0.876752007
-0.094904020 0.209047164 0.265164312 0.219494203
-0.072390089 0.152762335 -0.141325019 1.235717532
-0.032299768 0.040509439 0.060676769 0.670112534
0.142286660 -0.518167138 -0.102931575 1.193659244
0.184860655 -0.679948317 0.126293384 0.322604410
0.011675669 -0.009948601 -0.073058014 0.998718025
0.001056175 -0.002514956 -0.039693120 0.975362600
0.016118994 -0.016071493 -0.108379696 1.037180517
-0.016192361 0.019470998 -0.041632071 0.963758128
-0.003470328 0.002932357 -0.063321277 0.991954095
-0.046657676 0.067713378 0.032025568 0.848933827
-0.042226334 0.060180097 -0.085905523 1.049416688
0.040133712 -0.096303989 0.049624461 0.791909722
0.071989462 -0.163201061 0.026946061 0.839534358
-0.108020648 0.250822183 -0.293826093 1.577310298
0.009918879 -0.044026633 0.026302938 0.776987721
0.081781507 -0.245241988 0.017026510 0.802961719
0.009798630 -0.014896778 -0.008110505 0.883400167
0.020531874 -0.055683104 -0.039297494 1.001910723
0.006920001 -0.005668273 -0.036154690 0.966734142
0.006646769 -0.005477011 -0.041706565 0.970620455
0.001350485 -0.000710355 -0.087637880 1.011958638
-0.041969760 0.046941916 -0.040522232 0.960131424
0.017254984 -0.030050249 -0.058620260 0.983658859
0.004709981 -0.011232745 0.018294449 0.868286795
-0.099220763 0.165449526 -0.115109425 1.095073388
0.106097864 -0.224655862 0.011127297 0.855223619
-0.021223585 0.042719170 -0.110659275 1.110975408
0.035122291 -0.086876342 -0.054044711 0.980761913
-0.021586238 0.054894980 -0.037144826 0.938512201
-0.092125427 0.252404706 0.028439008 0.754877468
0.079186186 -0.295792465 -0.037445035 0.965706409
0.120660623 -0.453395323 0.154814878 0.235118749
0.007131647 -0.002876698 -0.013712347 0.956497103
-0.001062801 0.002859416 -0.049833658 0.981782021
-0.002541864 0.004190572 -0.065242931 0.995650365
-0.011978359 0.014570717 -0.117732329 1.053388704
-0.015426060 0.019052728 -0.011363623 0.915109392
0.085891290 -0.132923297 -0.111473772 1.065274616
-0.004549126 0.020825415 -0.030354868 0.927372475
-0.045627964 0.098875207 -0.112778585 1.083977535
0.102980584 -0.213202730 -0.069247170 0.992561567
-0.273464425 0.652620771 -0.002116262 0.838160484
0.059552634 -0.179921875 -0.208819144 1.354917689
-0.136645499 0.369432888 -0.100190914 1.050758648
0.109029710 -0.416727794 0.133768143 0.302089656
-0.017673806 0.064745561 -0.079563861 1.112751260
0.034040605 -0.016613553 0.029149951 0.927077024
-0.017498246 0.019463642 -0.052436593 0.984187605
0.011863638 -0.006962053 -0.056633936 0.987965213
-0.070495512 0.083633014 -0.106103458 1.042381689
-0.002486328 -0.004778922 -0.117325755 1.056970674
0.073063759 -0.118104052 -0.065624996 0.979419536
0.077996857 -0.126490319 -0.112969618 1.059905394
-0.159411990 0.324586485 -0.164741933 1.158272792
-0.132890843 0.268892078 0.031364255 0.746449817
-0.069474114 0.123033605 0.317287667 0.088825981
0.060561371 -0.202055108 -0.079096966 1.079787564
-0.149037132 0.384820690 -0.079026203 1.079589430
0.220753101 -0.798508074 -0.117361564 1.202262586
0.127060980 -0.442478016 0.282563211 -0.317451542
0.006534915 -0.002477373 0.145034203 0.847310479
0.013137421 -0.007099127 -0.020549895 0.963219345
0.027938087 -0.020419726 -0.101305222 1.035899138
-0.069912839 0.087216295 -0.026786039 0.953928035
-0.021287796 0.024003742 -0.085274855 1.029963493
-0.077281203 0.107993853 0.013065633 0.882452761
-0.019680678 0.010072958 -0.090615186 1.058710158
0.008358651 -0.043201768 0.081374972 0.731928861
-0.000280384 -0.025059795 -0.184529678 1.290328601
-0.099433488 0.202992339 -0.119101079 1.139842827
0.055996220 -0.185581929 0.049037742 0.719495774
-0.009266066 -0.002847533 -0.037468067 0.961712036
-0.053316320 0.138113281 0.043206619 0.703553037
0.098390273 -0.438371764 0.074423780 0.584927829
0.050333797 -0.029440393 0.070612733 0.920384435
-0.006999541 0.010692944 -0.013971926 0.979593695
-0.006188734 0.009963217 -0.014829036 0.980365094
0.003382295 -0.000564915 -0.121935948 1.098182699
0.014271189 -0.014720477 -0.028924041 0.977267225
-0.068861027 0.109977847 -0.035751751 0.987508791
0.043460505 -0.080968762 0.025083134 0.884089483
-0.030273399 0.059125652 -0.069528843 1.063852237
-0.008878415 0.014196188 -0.056700693 1.036913123
-0.072595383 0.160745212 0.156295560 0.547021750
0.087377850 -0.239187869 -0.073161733 1.120664983
-0.033736137 0.099931288 -0.025518978 0.987265271
-0.030273010 0.088849280 -0.071045966 1.132951637
0.152506770 -0.605713874 0.107047341 0.456197079
0.011273894 -0.004332907 -0.024674536 0.988158406
-0.019419060 0.017152160 -0.054106418 1.008760722
0.009500822 -0.008875733 -0.043151070 0.998900910
-0.037735545 0.043084272 -0.035841478 0.990860358
0.083468509 -0.114480992 -0.073519630 1.039841953
0.034961776 -0.041720893 -0.028777116 0.972728183
-0.053006099 0.107824499 -0.041642800 0.994599846
0.050136348 -0.088146149 0.029506098 0.859416942
-0.031030976 0.082305225 -0.086946169 1.103966691
0.020030322 -0.035135759 0.140354600 0.581174934
-0.013161291 0.047843275 -0.146185580 1.297525384
-0.094959762 0.276878989 0.002645403 0.880798640
0.068060886 -0.244787093 0.071815860 0.659453173
0.173761756 -0.646450393 0.082828258 0.617606059
-0.009515829 0.011054799 -0.067786578 1.015232505
-0.012008791 0.012799872 -0.053430799 1.005183460
-0.039813332 0.037823959 -0.041068485 0.994057377
0.047405249 -0.058116482 -0.030775975 0.982735617
0.006453137 -0.004878739 -0.102441883 1.075901293
-0.020201860 0.035103757 -0.007094441 0.932880131
0.006397670 -0.010115446 0.066307807 0.808096306
-0.004275624 0.010163813 -0.217689950 1.347692036
-0.048611845 0.103269873 0.075258595 0.732500121
0.120946755 -0.286714899 -0.015842613 0.942032894
-0.089664539 0.239813335 -0.056579519 1.043875160
-0.038724786 0.097182030 0.080841462 0.659096418
0.018084518 -0.084607745 -0.049239008 1.075353928
-0.094729803 0.344086667 0.333994200 -0.380932242
-0.012261773 0.011057420 -0.060217980 1.013459386
0.000898525 0.001845212 -0.111891634 1.049630943
-0.029805548 0.029478877 0.021442170 0.929630523
-0.046205828 0.047519186 -0.098062491 1.061085652
-0.008677759 -0.001267303 -0.056508766 1.007065812
0.026506491 -0.054043678 -0.078059416 1.039391788
0.010062313 -0.026088574 0.103107430 0.731408141
-0.079462000 0.144007619 -0.032283377 0.988650671
0.083100862 -0.197374377 -0.016259249 0.955000003
-0.186671144 0.423101225 -0.017445977 0.957729478
0.100124057 -0.293886777 -0.075602543 1.103120893
0.145938150 -0.422166236 -0.001716315 0.896239458
-0.005660611 0.062949805 -0.016940934 0.944958239
0.222446266 -0.803856315 -0.035205635 1.014364100
0.004461637 -0.001342279 -0.061548058 1.011214407
-0.009611553 0.008508954 -0.060083274 1.010189058
0.004130970 -0.003859317 -0.084940473 1.032560537
0.008686875 -0.008870812 -0.014264887 0.954817390
0.006699670 -0.006287446 -0.082393567 1.043384672
-0.011003592 0.020267446 0.050560820 0.843953091
0.017383380 -0.027990407 -0.091501805 1.085459561
-0.047613330 0.095503340 -0.033543122 0.975338064
-0.058542122 0.118453803 -0.135263172 1.188950160
0.086221589 -0.214502725 0.132241218 0.573690076
0.065210144 -0.161974113 -0.219290291 1.452518848
0.018449589 -0.031044561 0.018248554 0.787410093
-0.002266486 0.035246878 -0.120008607 1.229833014
0.019177360 -0.046239735 0.181221302 0.085159374
-0.034985150 0.022970919 -0.034563841 0.989955158
-0.018980186 0.011767444 -0.028188826 0.985492648
0.050978867 -0.051195702 -0.037406674 0.993788710
-0.046277887 0.055786730 -0.035582198 0.991781786
0.003525290 -0.008957398 -0.094206013 1.067992743
0.004890558 -0.011005300 0.004486739 0.919953616
0.012849097 -0.024534817 -0.126197979 1.142117643
-0.044508640 0.084444881 0.011240844 0.880983882
-0.066640114 0.130920976 0.104837095 0.684431764
0.084154490 -0.215906607 -0.052218127 1.045658766
0.099938958 -0.255367776 -0.103744086 1.174473665
0.083206383 -0.208516568 -0.114337030 1.204133906
-0.068154684 0.275838855 -0.073754402 1.074269495
-0.027939654 0.123021742 0.035317617 0.659795829
-0.004871305 0.001194731 -0.007572175 0.974323392
0.012711999 -0.011113581 -0.076759164 1.022754284
0.001335008 -0.000874290 -0.055398332 1.003529535
-0.055062765 0.061163262 -0.035737766 0.981902912
0.004528355 -0.016305191 -0.112846169 1.082143833
-0.039352216 0.049515664 0.117754908 0.736242217
0.112410789 -0.208481451 -0.095736419 1.099177483
-0.187284187 0.360938996 -0.042755917 0.998514531
0.062537355 -0.163686219 0.023309285 0.859777613
0.029759884 -0.088298037 -0.048145938 1.024124623
-0.050551775 0.112481112 0.058260967 0.758107361
-0.077565112 0.188118454 -0.062948301 1.097493305
-0.025127956 0.020319553 -0.096430098 1.204635058
-0.113185735 0.354939107 0.260234491 -0.150690364
-0.030290189 0.019467500 -0.038276913 0.988957406
-0.070360543 0.047516747 -0.024456383 0.979283036
-0.011049888 -0.005862841 -0.039944937 0.993222734
0.020252175 -0.040295112 -0.048730689 1.002887061
0.043076383 -0.069966581 -0.181215064 1.175116742
-0.070142780 0.099862164 0.047731984 0.831696170
0.111518336 -0.208961742 0.041539684 0.842223081
0.012696184 -0.021199656 -0.091789398 1.095548332
-0.155638147 0.332302423 0.119020910 0.652846705
0.246784833 -0.593270412 -0.209778497 1.409085328
0.068869670 -0.148482504 0.092301979 0.653884136
-0.024466378 0.112858427 -0.155890249 1.348822363
-0.206974976 0.696885949 0.012877089 0.808766874
0.187718595 -0.802949605 0.059097636 0.633128796
0.012387751 -0.006233107 0.056954626 0.921151696
0.013337001 -0.006897583 -0.065832142 1.007102432
-0.047030484 0.047433153 -0.027414852 0.972526872
0.004566409 -0.009323431 -0.048582273 0.995811036
0.024481746 -0.035213369 -0.061949775 1.013188787
-0.059538147 0.090816471 -0.063926264 1.016153521
0.004404422 -0.017885898 0.064213895 0.798315245
-0.026022163 0.039924612 0.088545712 0.752084793
0.107422147 -0.240308427 -0.145025219 1.242583725
0.010757886 -0.017980631 -0.000359714 0.909853071
-0.048378158 0.129859479 0.103051480 0.651325086
-0.104455206 0.286875210 -0.231363569 1.587687208
-0.034716694 0.063711968 0.204395188 0.193259165
0.136220752 -0.585850317 0.278288068 -0.087533777
0.003288916 -0.001445771 0.093405848 0.891928312
-0.026499530 0.019406141 -0.043069127 0.987460793
-0.003154319 -0.001604548 -0.065428301 1.007584050
-0.087888908 0.091603501 -0.063833915 1.005830225
0.083183035 -0.130790016 -0.012937483 0.939664866
-0.052031876 0.072032351 -0.036821059 0.975490229
-0.006182568 -0.005911475 0.064538442 0.803179073
0.016967525 -0.049896652 -0.143385879 1.198235278
-0.103583483 0.203260455 0.129095881 0.626023608
0.052329764 -0.155340008 -0.078520160 1.103540493
-0.060528657 0.126806045 0.003763438 0.897831498
0.073703268 -0.249043337 -0.085966567 1.149075506
-0.061295936 0.182954122 -0.105885880 1.212817311
-0.055776773 0.161981300 0.192076054 0.080561976
0.004116509 -0.006940995 -0.031858685 0.992414773
0.044448153 -0.035173145 0.267080383 0.783157430
0.025006555 -0.017675708 0.003776549 1.020130874
-0.012696413 0.023797558 0.063484930 0.954451654
0.034730575 -0.037857525 -0.084153394 1.146381467
-0.072640467 0.123199039 0.058335648 0.932647905
-0.039786942 0.067348044 -0.079206257 1.166469149
0.100905913 -0.199968376 0.136033345 0.757513911
-0.067325984 0.153318590 -0.097249127 1.247407080
-0.014642523 0.032146633 0.103282308 0.786184790
0.010036588 -0.029551144 -0.099482155 1.293095946
0.039286924 -0.111452083 0.050734567 0.872489131
-0.031328511 0.114517312 0.091736729 0.741282213
0.172864381 -0.661415668 -0.111775405 1.514628311
0.004982972 -0.006573326 0.063508157 0.934768317
0.016196674 -0.014422917 0.239882781 0.811306082
-0.000602203 0.000696072 -0.041878809 1.064891507
-0.031951163 0.035179929 0.088164242 0.921844148
0.044146915 -0.063747569 -0.117208334 1.188828486
0.033779888 -0.048197029 -0.005782245 1.021689353
-0.003597388 0.015344343 -0.023772129 1.052272157
-0.130655808 0.256755337 -0.007805827 1.021936183
0.056371491 -0.136001974 0.107148860 0.780531351
-0.046442245 0.100469615 0.108541224 0.777328914
-0.008685224 0.006077063 -0.059667438 1.197850569
0.040455345 -0.131516528 -0.133129476 1.403544271
0.012114831 -0.040826881 0.057510643 0.793495881
-0.179775125 0.688354943 0.086231386 0.684357061
-0.036559574 0.018436815 0.053887370 0.936199604
0.073280493 -0.058451230 0.251952127 0.797554277
-0.010611026 0.017051134 -0.009490845 1.032852945
0.004049727 0.000924305 0.056704899 0.960037625
-0.063096458 0.088214343 -0.188648060 1.278996460
0.010473151 -0.022140070 0.120071740 0.815916760
-0.020286150 0.030150743 -0.053608437 1.111173069
0.036703848 -0.078130253 -0.034217251 1.074329816
-0.102926029 0.215092475 0.167981942 0.649711530
-0.035976871 0.061109415 -0.049895632 1.150829941
-0.034007181 0.056185191 -0.041247613 1.129209892
-0.167898784 0.431081674 0.109308336 0.707653243
0.158231541 -0.612535383 -0.093827859 1.357689075
-0.042989855 0.152105912 0.122061528 0.537309416
-0.002587537 -0.001450375 0.050258043 0.936239479
0.011290372 -0.011164911 0.283344703 0.773078821
-0.001555102 0.000396016 -0.033892385 1.058592192
0.008005860 -0.010121043 0.022158035 0.996936729
0.003271397 -0.003966241 -0.122302145 1.184734956
-0.029844428 0.045707496 0.025454157 0.963100502
-0.021289609 0.031164303 -0.003780724 1.012799802
0.118599367 -0.234624747 -0.008901957 1.022530144
-0.020278920 0.057019643 0.035331837 0.929639182
-0.012774232 0.039758859 0.085390786 0.814503601
0.065866387 -0.156842688 0.057235965 0.884890653
-0.018216386 0.078589072 -0.020278985 1.101932511
0.066517521 -0.192559434 0.095493411 0.731460836
0.105638380 -0.341218695 -0.176203857 1.763910444
0.030740132 -0.023386289 -0.032769444 0.989671231
-0.001827291 -0.000589093 0.330353995 0.735484829
0.002233547 -0.004243847 -0.039554229 1.068402221
-0.028273232 0.029313610 0.092380676 0.923273823
0.000059907 -0.007519470 -0.194783760 1.296587576
0.058740352 -0.095540136 -0.051780033 1.082081985
-0.038264998 0.069368962 -0.005046429 1.002634856
-0.098922033 0.184617328 0.124658987 0.756194569
0.190649546 -0.423482960 -0.033684365 1.088715593
-0.167764283 0.400868829 0.194781376 0.563244399
0.100868168 -0.270712298 0.008879107 1.028000073
-0.065580588 0.195344212 -0.017857845 1.102863537
-0.024036895 0.062404390 0.069862417 0.822158695
0.079758116 -0.332016646 -0.044074955 1.255120703
0.019847070 -0.013596425 -0.007187427 0.976565391
0.007895379 -0.005230242 0.281923728 0.774187586
-0.032356769 0.030996690 0.029963844 1.000951476
0.044138270 -0.053147855 -0.024897465 1.061298917
-0.055237264 0.076040335 -0.137795177 1.208065937
0.010570469 -0.022671265 0.013945099 0.980455523
-0.002060675 -0.001198319 0.002958180 0.999133287
-0.027405643 0.046957120 0.091879997 0.830181836
0.076831451 -0.171940769 -0.031495683 1.089270752
0.036889457 -0.080074184 0.103968357 0.777703466
-0.147790318 0.381625253 -0.044731704 1.149453618
0.011335115 -0.063925951 -0.001959502 1.029691456
0.066481158 -0.240393291 0.153467680 0.532324467
-0.118577256 0.462828672 0.080600088 0.809221313
0.031790846 -0.014642712 0.047731402 0.945224045
-0.020611887 0.022039200 0.278418677 0.783742956
-0.024227995 0.025293697 -0.010942218 1.044167754
0.027012009 -0.031070309 -0.032219898 1.067573203
-0.019757214 0.029729679 -0.052678572 1.094169479
-0.020534958 0.030896295 -0.021985764 1.048130266
0.159254187 -0.274745260 0.004230143 1.003563222
-0.110210951 0.237238496 0.054268260 0.908490801
0.124644752 -0.255958457 0.036700359 0.945383392
-0.131314442 0.332747677 0.060973749 0.889554597
-0.097161992 0.247366552 0.048000025 0.921988905
-0.048430215 0.110917578 -0.142403658 1.455119210
0.115286571 -0.412976145 0.123361071 0.604672065
-0.108262996 0.436512199 -0.189314496 1.792839203
0.040554159 -0.021369554 -0.000698268 0.966944069
-0.063271901 0.051308687 0.292000490 0.762054941
-0.026546329 0.018255673 0.002759098 1.022372187
0.042409940 -0.057596224 0.020216711 1.003168813
-0.011822504 0.012905950 -0.134673683 1.204526317
-0.024439496 0.031831438 -0.006932615 1.012914715
-0.082102149 0.129857952 0.056088587 0.905778669
0.117877646 -0.250103655 -0.005320909 1.022456709
-0.111008729 0.230557711 0.058401809 0.888639008
0.125763722 -0.314018915 -0.171059627 1.416400301
-0.050764518 0.127301684 0.105990784 0.723774272
0.017871062 -0.064877935 -0.087429860 1.265352067
0.042395028 -0.143354628 0.066968412 0.771277589
0.054461431 -0.189206958 -0.138563820 1.552300061
0.026382801 -0.011481052 0.059557263 0.934599547
-0.078411337 0.061874843 0.241236701 0.807423942
-0.005133714 -0.004075016 -0.003157853 1.027379035
0.038344982 -0.051901583 -0.001857877 1.025949062
-0.052762062 0.066537570 -0.082688908 1.131029397
0.069927670 -0.117497028 -0.034608833 1.058909285
0.000277782 0.000907785 -0.007907751 1.013517445
-0.115153107 0.220226472 0.030176054 0.941158215
0.037529567 -0.100407129 -0.011245010 1.028142446
0.089214424 -0.219282298 -0.078316312 1.182406438
-0.064014608 0.163790282 0.033585832 0.902651078
-0.035350296 0.083530209 0.067536070 0.807590414
0.051147224 -0.193261857 0.033268735 0.917245886
0.001064639 -0.002948037 0.039590898 0.893221669
0.005250607 -0.000052440 0.034245255 0.953129052
-0.041220870 0.032477594 0.289937275 0.774144641
-0.014063103 0.008035603 -0.058714137 1.087930904
-0.055210291 0.053297512 0.087518723 0.927074753
0.056955982 -0.092518638 -0.097311712 1.167354311
0.073448609 -0.117257579 -0.037065736 1.076985346
-0.061323222 0.111854541 0.078592925 0.880365618
0.063479512 -0.125270651 -0.002616049 1.034662666
-0.026110622 0.062868622 0.114870640 0.787940630
-0.216773158 0.501392445 0.166925748 0.668213884
0.180999836 -0.493040040 -0.259914042 1.735313360
-0.068216454 0.204765562 0.034804336 0.910101915
-0.049031962 0.143375186 0.183573990 0.434039014
0.251653084 -0.999227974 -0.361636079 2.505837252
-0.023386138 0.006522470 -0.014624298 0.982416898
0.019272658 -0.023338687 0.390980267 0.698493707
0.004516457 -0.010058106 -0.092673280 1.133781888
0.053477467 -0.063915218 0.058936498 0.967011129
-0.026308541 0.039806588 -0.080441813 1.148202927
-0.077407502 0.116455030 0.063497409 0.932294093
0.031830540 -0.069249647 -0.032961976 1.096275053
-0.023184650 0.035279214 -0.106351414 1.235714982
-0.129389131 0.258308613 0.097650266 0.807311474
0.313439052 -0.760196188 -0.063894972 1.178865514
-0.154940889 0.410753666 -0.048391827 1.140107651
0.079130488 -0.244646180 -0.001412630 1.008565902
-0.049425260 0.166732220 0.125907282 0.601142177
0.027895511 -0.127086707 -0.068969433 1.341673685
-0.000087633 -0.006282176 -0.048243704 1.003988178
0.018656846 -0.019403311 0.317487736 0.747976174
-0.040681960 0.034001613 -0.049302566 1.078087437
0.004982801 -0.016229625 -0.003990532 1.028244199
0.018898770 -0.034320384 -0.035861126 1.069675969
0.005724473 -0.014558938 -0.014147159 1.037105019
-0.021940829 0.032472077 0.103941001 0.836355141
0.103325466 -0.205533882 -0.030552160 1.091892143
-0.150202333 0.326874472 0.126635402 0.761798278
0.030453310 -0.088633497 0.010954735 1.027863807
-0.003892327 -0.002769406 0.060926288 0.902934924
0.002844086 -0.021631362 -0.123181910 1.418437870
-0.001019274 -0.009268610 0.005972188 1.005144752
0.358763407 -1.376442781 -0.060948435 1.259443115
-0.023568691 0.004709475 -0.001282990 0.973032028
0.062763936 -0.055723363 0.313901622 0.752402803
-0.056811152 0.051894213 0.003007650 1.032207371
0.041589647 -0.056346668 -0.044124142 1.084052343
0.015172416 -0.022004269 -0.058724866 1.103033283
-0.046493120 0.070494035 0.010473726 0.999235395
-0.088892858 0.142573591 -0.021744974 1.054007187
0.173317954 -0.355626945 0.123058602 0.778880396
0.075976365 -0.151209616 -0.081437807 1.208322834
-0.182434687 0.443135790 0.119215222 0.746820879
-0.009656544 0.011190433 0.000201066 1.044356267
-0.035696207 0.084101489 -0.041504194 1.161130995
-0.019890126 0.033522028 0.092081840 0.733655680
-0.004288089 -0.025765713 -0.052654597 1.283654133
-0.008497504 0.000178150 -0.039789083 0.993153514
0.008165136 -0.011485698 0.352156779 0.718791415
-0.006867089 0.002043304 -0.039638867 1.071407487
0.003785206 -0.009674220 -0.030944954 1.061844183
0.021685407 -0.032944481 -0.059200511 1.098576405
-0.052557528 0.078419921 0.011282561 0.992851798
-0.024212719 0.030233746 -0.044144408 1.087077647
0.034432610 -0.081192378 0.073956278 0.862686347
-0.006336061 0.004421826 0.117545100 0.771149825
0.057021322 -0.141300152 0.122746200 0.759187295
-0.049107488 0.124021874 -0.113360502 1.349454051
0.053936011 -0.164499919 0.023598665 0.965968387
-0.171404563 0.556589928 0.214140648 0.356234034
0.092383852 -0.445806036 -0.237450688 2.072281090
0.036530176 -0.023710678 -0.058655742 1.007107260
-0.060020668 0.043874911 0.353011510 0.718940188
0.024981006 -0.032626594 -0.022587771 1.056979532
-0.065978549 0.067428919 -0.032393944 1.067766322
0.038310075 -0.068146288 -0.084301213 1.135245770
-0.062838573 0.083576685 0.015183684 0.986018425
0.070653211 -0.143359354 0.041149869 0.941875908
0.120715216 -0.238477163 -0.053316970 1.121362900
-0.067113063 0.155962206 0.017225738 0.973223220
-0.214195321 0.494251393 0.102611756 0.776835384
0.077072717 -0.233918704 -0.007230839 1.051441871
0.050227228 -0.158751335 0.092788913 0.771386571
0.006671165 -0.019371932 0.098232046 0.753968542
0.114285459 -0.428306244 -0.101727998 1.513816703
-0.009401849 -0.000389037 -0.071446006 1.011642130
0.008163010 -0.012684438 0.320279319 0.737434407
0.004893142 -0.009741556 0.007809995 1.018656792
-0.027471590 0.025859650 -0.052717943 1.085237525
0.007198232 -0.019211118 -0.046483267 1.077132447
-0.005274623 -0.000501834 0.031927816 0.959515821
0.035192462 -0.069295882 0.009319190 0.997950488
0.080834912 -0.156016536 0.146232896 0.737814450
-0.293789394 0.630694472 -0.042637576 1.134442423
0.128552091 -0.340690925 -0.081490855 1.223804962
-0.036507429 0.071957875 -0.048664816 1.141739865
0.042794290 -0.150086933 -0.022541428 1.068594380
0.013257304 -0.055568578 0.155493542 0.498882465
0.265924632 -1.015704411 -0.076603894 1.380852713
0.035155700 -0.017812179 -0.016367436 0.971197129
-0.077400161 0.060976922 0.348433277 0.715836634
0.032745143 -0.038153848 -0.003686546 1.032744466
-0.017386108 0.016990529 -0.010129217 1.039831404
0.004234634 -0.011116435 -0.078717451 1.128996106
0.034498500 -0.056512234 -0.004004835 1.016927181
-0.067134467 0.116263814 0.172521534 0.716832346
0.001221728 -0.013612954 -0.152021105 1.333463351
0.119480201 -0.261955737 0.011004207 0.991110212
-0.089613087 0.218958817 -0.026070469 1.076381966
-0.079194148 0.192911468 0.135340712 0.672854012
0.049213429 -0.166629741 -0.144716020 1.457012848
-0.014172385 0.036204867 0.030099854 0.897602045
0.174255959 -0.679822830 0.113796748 0.579553852
0.027685401 -0.014304556 -0.092643505 1.018546763
-0.067047378 0.052008389 0.373285733 0.692396302
0.001336224 -0.009536852 -0.009671447 1.037057755
0.011222669 -0.020411942 -0.036229504 1.066271618
-0.025901099 0.027848955 -0.041697015 1.073379382
0.097587020 -0.157383224 -0.058943317 1.099248835
0.024745087 -0.033551933 0.019818253 0.965354161
-0.180222480 0.355886438 0.217918236 0.588964200
0.030628966 -0.086901578 -0.291324486 1.658373868
-0.024767680 0.040510705 0.209682236 0.506058430
-0.067071491 0.146270232 0.195606581 0.541247568
0.137646717 -0.426940740 -0.192117347 1.626874548
-0.044746704 0.156718217 0.166489906 0.479331321
-0.017404321 0.052817162 -0.210543883 1.912059702
0.015846879 -0.004988586 -0.114213235 1.039945665
-0.077403185 0.060286458 0.337571820 0.723696132
-0.008386483 -0.001828572 -0.029723041 1.054261499
-0.040210258 0.033177581 0.020461686 0.999058298
-0.018675714 0.005182675 -0.040044179 1.077715919
0.091014865 -0.159353193 0.002529621 1.013855220
-0.019657023 0.028789021 0.001681448 1.015297114
-0.001696456 -0.005336056 0.077435998 0.871363470
0.043128272 -0.099467981 -0.059262500 1.158430303
-0.067511232 0.155002874 0.062955007 0.877330043
-0.071322560 0.164531193 0.021234357 0.981631668
0.067463608 -0.224070070 -0.020361836 1.098101005
0.117689281 -0.384792226 0.157383904 0.529314629
-0.056804839 0.278285421 -0.170056681 1.773588837
-0.027497093 0.019534563 -0.063949827 1.001412215
-0.078877293 0.055500702 0.366564713 0.700052042
0.022206352 -0.035474576 -0.026430481 1.053747707
-0.001581810 -0.009307597 -0.013729935 1.039777106
-0.010213030 0.001912989 -0.032680027 1.064412225
0.051431894 -0.090554397 -0.012421009 1.034023698
0.048250765 -0.085146478 0.086104901 0.866529647
0.005216822 -0.003381986 -0.061978124 1.147887390
-0.062918334 0.139701833 -0.043089380 1.108221028
-0.262440930 0.598603795 0.161025486 0.638756848
0.240739352 -0.659346910 0.073733341 0.856987209
-0.076531165 0.229010524 -0.154906474 1.497178682
0.137496631 -0.455878435 -0.003703635 1.013329587
-0.280445626 1.132302122 0.020534546 0.921224501
