0.032043927 -0.028811556 0.037775340 0.911252408
0.039524713 -0.034048105 -0.058198575 0.978434147
0.022888193 -0.019075238 -0.027523034 0.950826161
-0.046298062 0.057029644 -0.062817954 0.989650574
-0.012000724 0.012443106 -0.044249286 0.965511306
-0.002536207 -0.001753669 -0.090460458 1.034828064
0.017718784 -0.036187155 0.036004199 0.819838143
0.038923009 -0.076475182 -0.060921929 1.003997783
-0.015722667 0.038280731 -0.048952687 0.978862376
-0.082035107 0.190799341 -0.073620957 1.035599396
0.026254088 -0.079923647 -0.028736795 0.923388989
0.023781495 -0.073000386 0.091134437 0.587749546
-0.024502521 0.081508467 0.003949901 0.866740066
0.153229923 -0.593874812 0.070343990 0.614442530
0.038320173 -0.025710640 -0.055488351 0.974242331
0.013006825 -0.007991297 -0.050525072 0.970768036
-0.058949137 0.056769067 -0.073124153 0.991107208
-0.014379123 0.007742051 -0.010953549 0.922719543
0.079698637 -0.114559032 -0.082890670 1.016237796
-0.003981706 0.010961481 -0.051596748 0.969296914
-0.038658349 0.069911776 -0.057716092 0.979699799
0.068167353 -0.133057054 -0.093781088 1.048223289
0.036919741 -0.067437074 0.006899832 0.836793367
-0.061241148 0.158332967 -0.033466808 0.929636637
0.029409978 -0.068294847 -0.033500995 0.929722104
-0.073593372 0.220114527 -0.017753090 0.885627972
-0.042227163 0.119742656 -0.118240435 1.207187480
0.051030998 -0.234638348 0.085511362 0.432930663
0.006824226 -0.003396362 -0.092806822 1.002225819
0.015770025 -0.009658421 -0.048294666 0.971067311
-0.022999733 0.025234360 -0.079807322 0.999428700
-0.039700853 0.043605593 -0.012778048 0.925696498
0.036417950 -0.055348848 -0.070470257 1.000696366
-0.051559603 0.076617482 -0.066849275 0.995264894
0.043251607 -0.084561580 -0.116797727 1.080177264
-0.002380373 0.002139181 -0.085012347 1.019785043
0.015975123 -0.036407359 -0.016130801 0.875133803
0.104764275 -0.240622404 -0.143352415 1.167743508
-0.098876038 0.268478377 -0.029475296 0.883050712
0.024468452 -0.076886189 0.020491774 0.743142918
-0.023453888 0.076465302 -0.131379983 1.229132547
-0.053920224 0.192237378 -0.023702161 0.819956828
-0.050334471 0.032085282 -0.073011522 0.990178468
0.035382797 -0.027916804 -0.070631806 0.988512667
0.025326108 -0.018865784 -0.055580424 0.974966423
-0.072601822 0.088854941 -0.026242742 0.942694973
0.045312371 -0.064433505 -0.075708312 1.007000211
-0.024835255 0.040787934 -0.039853742 0.953218356
0.002758280 -0.006121077 -0.082916051 1.026424284
0.008319991 -0.016688327 -0.131114172 1.118000713
-0.084557733 0.178354883 -0.027846687 0.901139004
-0.037334813 0.069742171 -0.001783073 0.841192691
-0.067404563 0.144916545 0.002245903 0.831120252
0.006757126 -0.062736179 -0.034597955 0.934283053
0.065094342 -0.249415275 -0.053528754 0.994861613
-0.016646281 0.061199091 -0.112617619 1.219399294
-0.036188586 0.027583582 -0.064341430 0.983651580
0.007756791 -0.003178182 -0.066422824 0.985108556
0.016093638 -0.010681344 -0.063134715 0.982149258
-0.069444791 0.083410930 -0.042513624 0.959466058
0.081765451 -0.113162377 -0.055723475 0.976638863
-0.067504973 0.110743258 -0.024001891 0.929056487
0.018915461 -0.036171483 -0.053858776 0.979813194
-0.080609340 0.152925637 -0.187103219 1.232977632
-0.013783310 0.012590979 -0.049670923 0.944369823
0.126113612 -0.309171936 -0.085465292 1.026696869
-0.152393121 0.387094898 -0.028850043 0.885158749
0.091527159 -0.295881874 0.059911594 0.636626167
-0.022084286 0.067674755 -0.087515527 1.108392963
-0.037693628 0.126990254 -0.146545628 1.332707342
0.023234829 -0.013688818 -0.070311729 0.989029022
-0.011143725 0.010376169 -0.020894409 0.954436899
0.037245458 -0.033174094 -0.115868422 1.039913507
-0.014610612 0.023867584 -0.047107058 0.964276006
-0.026184243 0.038913303 -0.012204644 0.918902870
-0.041522739 0.061921047 -0.024663502 0.937591156
-0.012635565 0.012812851 -0.067298436 1.010070547
-0.016344428 0.019859691 -0.056503733 0.989560611
0.034555568 -0.087030297 -0.027733141 0.929142369
-0.015040761 0.027041257 -0.090232470 1.072890824
-0.000632430 -0.008979569 0.001039704 0.844710389
0.005873499 -0.027196169 0.031665407 0.758958422
0.004601205 -0.023124831 -0.051346827 1.024597574
0.044669958 -0.175386090 -0.063329492 1.070131701
0.020957794 -0.011890336 -0.030355753 0.958794267
-0.035070629 0.027329559 -0.032926800 0.960593999
0.044066746 -0.043894076 -0.094304062 1.015833534
-0.038489266 0.046917539 -0.025539407 0.940192412
0.008173380 -0.013743899 -0.065453633 0.992080903
-0.000123252 -0.001298950 -0.025307530 0.931861749
-0.054720987 0.091517202 -0.096848046 1.053480629
0.073028938 -0.151207653 -0.029192279 0.924934675
0.022880998 -0.045896983 -0.023305709 0.912572877
-0.036745874 0.091244820 -0.088511386 1.062545932
-0.000786326 0.001345949 -0.090115482 1.066556172
-0.041625259 0.115694960 0.040262332 0.701498299
0.044480934 -0.159844862 -0.068266204 1.048789619
0.014023857 -0.044107972 -0.041664320 0.947702460
0.009221493 -0.006582851 -0.017207862 0.954187096
0.010637343 -0.007573946 -0.050315562 0.977362485
-0.026687151 0.026018098 -0.066778644 0.992179259
0.001146828 -0.004599279 -0.117270094 1.047719855
-0.058846647 0.073392235 -0.048994112 0.958961082
0.087193723 -0.145668321 -0.093689241 1.026003774
0.056545387 -0.093566147 -0.032216620 0.921500317
-0.057098615 0.122357453 -0.060169122 0.974610070
0.042783565 -0.087395114 -0.079158526 1.014487815
-0.035053930 0.091631121 -0.015910562 0.869017502
-0.039795153 0.103484177 -0.070439986 1.005341061
0.008450703 -0.031604216 -0.076666307 1.022774761
-0.052191420 0.162450579 -0.105698523 1.115677853
-0.026039250 0.063072334 -0.037080126 0.854927949
0.025962839 -0.017357793 0.038547816 0.915976672
0.027869374 -0.018692367 -0.062452260 0.986676725
0.012920913 -0.005238753 -0.048075903 0.973738003
-0.100665180 0.119705951 -0.107106903 1.038672104
-0.006837350 -0.002270223 -0.079288762 1.002508523
0.037346310 -0.068545713 -0.145228471 1.101418086
0.037458976 -0.068737245 -0.081397622 0.992905640
0.018686815 -0.033070139 -0.119786007 1.065843571
-0.063472901 0.139465257 -0.027604097 0.872261567
-0.139329496 0.313935421 0.093191244 0.594432290
-0.106387851 0.231581308 0.033213303 0.744377143
-0.016702521 -0.019537610 0.050322103 0.696472502
-0.004351748 -0.059060084 -0.010993184 0.892681426
0.064047048 -0.318975507 0.125073053 0.375629731
0.025150683 -0.020226778 0.134804257 0.851172086
0.063988485 -0.047413239 -0.030394794 0.966811419
-0.030254689 0.037405615 -0.087448338 1.018159607
-0.061002524 0.071228234 -0.035120261 0.960598722
-0.011486529 0.006857444 -0.119048627 1.069705593
-0.057861186 0.076419429 -0.032870166 0.940437901
-0.039164177 0.044634513 0.005838277 0.874633547
-0.003243807 -0.023614189 -0.047627406 0.976218344
-0.090639653 0.159917080 -0.062414989 1.007272266
0.044850212 -0.151709604 0.000864565 0.861729295
-0.001329656 -0.036259935 -0.019108656 0.911662348
0.019479538 -0.094525677 -0.013093200 0.894819071
0.007075616 -0.054833124 0.073474657 0.617801923
0.008419108 -0.059938394 0.093771150 0.540675251
0.031815677 -0.019067756 0.080492799 0.910210339
0.005534875 -0.000671195 -0.034561159 0.990748108
0.000398238 0.003951778 0.004846453 0.955281259
-0.004163510 0.008969701 -0.127461300 1.100819790
-0.021609876 0.031649976 -0.010747311 0.949091609
0.003507605 -0.006026246 -0.028863542 0.976265957
-0.053096217 0.090200255 -0.021586724 0.963895365
0.049211864 -0.104185096 -0.041889265 1.002470193
0.006806371 -0.015133565 -0.002192258 0.919106482
-0.028607644 0.066318667 -0.050396311 1.029975801
0.040506727 -0.106467261 -0.024631623 0.965564082
0.005227155 -0.007684461 0.028013282 0.818158349
0.018045131 -0.048701983 -0.052755384 1.076618085
0.047658673 -0.161233443 0.051925111 0.678832209
0.015908877 -0.007940165 -0.036488178 0.987593175
-0.011764216 0.011431000 -0.033627750 0.985590876
-0.037719033 0.034790334 -0.052309620 1.002404558
-0.018811666 0.013992229 -0.058979711 1.009741659
0.048200473 -0.073123547 -0.070857091 1.025182252
0.037860758 -0.057613975 0.003457367 0.913710566
0.024024885 -0.034092991 -0.045757012 0.997375012
-0.091058132 0.184564740 0.065726661 0.785556035
-0.018298189 0.031768865 0.006477533 0.909979198
0.047450135 -0.119452277 -0.101132369 1.157481968
-0.060082557 0.149379455 -0.070957751 1.082045424
0.006035551 -0.035751245 0.001933723 0.877949299
0.052041806 -0.182971264 -0.001446307 0.888765395
0.068573875 -0.245793127 0.024011882 0.792024280
-0.002821291 0.006347451 -0.056780580 1.001125099
-0.020594401 0.018788628 -0.042146149 0.990880997
-0.040985556 0.037140667 -0.049013186 0.997061330
0.028081525 -0.038833124 -0.020106144 0.965263584
0.003298359 -0.006615009 -0.090278068 1.056487081
0.016828295 -0.026909914 0.004239379 0.914710911
-0.022958739 0.040728046 -0.078834920 1.055937223
0.023536653 -0.047613198 0.004549624 0.897506592
-0.087992261 0.186597512 -0.059810565 1.032662982
0.020312648 -0.062503774 -0.067292138 1.049870600
0.038787535 -0.108690990 0.008142194 0.861284769
0.030555130 -0.085640258 -0.007479636 0.905025894
-0.071502569 0.240944384 -0.042622792 1.017483993
0.092565588 -0.382514606 0.142302820 0.314766680
-0.018612129 0.014667948 -0.062442724 1.007427247
-0.000366659 0.001896120 -0.078467135 1.018644335
-0.030745785 0.029237332 0.004091560 0.944341512
-0.009128687 0.005458525 -0.083837241 1.041063195
-0.037529362 0.042379400 -0.082337241 1.039113194
0.022781719 -0.048087221 -0.054314720 0.997079413
0.042150332 -0.081013864 0.057361444 0.807229928
-0.002098019 0.003058001 -0.037543787 0.987549866
-0.012034071 0.023923709 -0.017936225 0.946373988
0.051821709 -0.122944582 -0.117062600 1.174364646
-0.027070603 0.074286198 0.007023216 0.864150104
-0.023033471 0.062982230 -0.049824852 1.023324692
0.036951311 -0.128969076 0.086046868 0.588535181
0.000779544 0.008483638 -0.127727546 1.400877946
-0.016928746 0.011014615 -0.062030259 1.004072638
-0.005188468 0.002796421 -0.061636869 1.003797265
0.003995824 -0.005469442 -0.017302926 0.963896717
-0.018105448 0.018841958 -0.080907374 1.033861611
0.015591180 -0.024963657 -0.068229123 1.017379885
0.034155301 -0.052809838 -0.021420116 0.947166376
-0.029467264 0.055348526 0.025117108 0.868053092
-0.017412844 0.032445127 -0.083637565 1.074686970
-0.000308149 -0.003474730 0.026689463 0.843000219
0.001363840 -0.007320305 -0.129966705 1.203309399
0.008819244 -0.025958815 -0.053486634 1.012109221
0.024201146 -0.069028140 0.013314035 0.825067351
0.016296125 -0.043732073 -0.096389468 1.176118567
0.036933906 -0.122155640 0.021489562 0.728178259
-0.023043465 0.017034520 -0.022709669 0.975458950
0.003340180 -0.001434032 -0.044738951 0.990879448
0.035012062 -0.029938725 -0.009755490 0.959394333
-0.066732441 0.081980231 -0.059802852 1.014446433
0.022748425 -0.034344890 -0.045773376 0.996208115
-0.054654996 0.081760240 -0.033673934 0.978058952
0.016937085 -0.039946300 -0.074150589 1.046869267
-0.080712886 0.145588642 0.030101250 0.848790775
0.028593897 -0.083955590 -0.056145774 1.029909518
0.004677175 -0.028947133 0.037866524 0.813681238
0.065182037 -0.180209287 -0.085645530 1.122461373
0.051698434 -0.142455198 0.091159918 0.627406126
-0.054350445 0.196901219 -0.121271332 1.307186135
0.124347029 -0.482149173 0.118127547 0.397470408
0.003160637 -0.002119882 -0.020082892 0.975284488
0.018246995 -0.012680332 -0.049421790 0.995821716
-0.028734858 0.029603335 -0.053425419 0.999424981
-0.011703594 0.010868944 -0.045599954 0.990816970
0.004591716 -0.010314958 -0.077503603 1.032291712
-0.045776264 0.065237012 0.003252625 0.911157371
-0.010779765 0.005742961 -0.029246222 0.966405411
-0.039557680 0.060420999 0.007280412 0.897004808
0.055128295 -0.138419538 -0.040664663 0.997689461
0.053942393 -0.135691965 -0.067460819 1.059320618
0.031268864 -0.079008142 -0.071743341 1.070026923
-0.002432811 0.015356546 -0.047314603 1.001626458
-0.026674879 0.092931167 0.029170120 0.756875340
0.127386833 -0.492503334 0.087446501 0.535425096
-0.036776473 0.026670166 -0.040576460 0.983263851
-0.071698535 0.051115609 -0.046032670 0.987083198
0.029137305 -0.039636644 -0.012649593 0.957038429
-0.006855147 -0.000044947 -0.056688210 1.005480909
0.031201852 -0.049519043 -0.116482945 1.083214063
-0.055783574 0.080959096 0.023931855 0.872591862
0.020569854 -0.048841736 0.015725797 0.886542161
-0.002595201 -0.004828131 -0.040425673 0.993229952
0.054071490 -0.123828177 0.010684428 0.885898745
-0.028490929 0.066065382 -0.014026162 0.942733101
0.019936389 -0.055002912 -0.102918959 1.164965094
0.066824646 -0.186290030 0.019442732 0.822352364
-0.090084876 0.315820447 -0.041750080 1.018169367
0.166547788 -0.659383663 0.215916125 0.039037800
0.006622081 -0.005915907 -0.004618764 0.952189386
0.007059649 -0.006222204 -0.018589498 0.961968899
-0.031569226 0.028543781 -0.064532443 1.003317549
-0.000788775 -0.005314715 -0.032173109 0.967722280
0.043582451 -0.062997306 -0.047754932 0.987978650
-0.058576268 0.090240772 -0.031825296 0.964084197
-0.014249604 0.014885440 0.007413628 0.897378023
-0.066556130 0.114267839 -0.002095998 0.915446313
-0.008522177 -0.007603457 -0.088528970 1.096955545
0.016420321 -0.064971202 0.018082555 0.851749044
0.089750565 -0.248296811 -0.080956233 1.099346014
-0.016720475 0.049822096 0.115895691 0.548160636
0.032910454 -0.108996878 0.014537675 0.872506293
0.079013966 -0.284190223 0.008149595 0.896780996
0.022247915 -0.015789460 0.104132301 0.880876478
-0.038884192 0.027003014 -0.049058500 0.988110037
0.004491239 -0.012034873 -0.021868343 0.963638896
-0.011362803 0.005404574 -0.076978532 1.024260106
0.009644039 -0.021904319 -0.050167429 0.989405674
-0.022373460 0.026121928 0.026704365 0.874097983
0.000680913 -0.013070507 -0.070140387 1.038734065
-0.082039490 0.144098257 -0.055050870 1.010063982
0.053433474 -0.140394955 -0.016896423 0.929939647
0.079199621 -0.199657090 -0.006727575 0.906551297
-0.006151169 0.013719884 -0.024762356 0.951638251
0.039531369 -0.114191220 -0.072754008 1.086014874
-0.030639832 0.110356628 0.110782601 0.498697716
0.033461714 -0.133229244 -0.016587601 0.982704478
-0.018242733 0.009772680 -0.019210280 0.975976498
0.059252034 -0.044473657 0.326786061 0.733779063
-0.016127886 0.023368270 -0.003396868 1.030943691
0.006355972 -0.001363974 -0.049006360 1.081114134
0.017741900 -0.016165681 -0.041691651 1.071605012
-0.036953465 0.065877367 0.019102688 0.980413503
0.013652998 -0.020153623 0.063092135 0.905631441
-0.031541318 0.065715577 -0.095824037 1.207572165
-0.010660968 0.021866844 0.081876497 0.834401060
0.048268866 -0.113671771 -0.065019115 1.172260961
0.007056665 -0.010641268 0.068695556 0.837974283
-0.007846776 0.031088366 -0.006945728 1.049769873
0.012488262 -0.033983759 -0.038776404 1.151628039
-0.126732042 0.495053393 -0.119866140 1.459769032
-0.000505350 -0.002065964 0.043130222 0.936932890
0.043044933 -0.032551162 0.296033937 0.759900293
-0.027149898 0.030624185 -0.014349219 1.039245125
0.030172081 -0.032429994 -0.016644007 1.041769392
0.023207815 -0.023376448 -0.079854708 1.123943300
-0.045548697 0.079758319 -0.014548894 1.025984580
-0.032298972 0.057233787 -0.024744877 1.043317751
0.039352834 -0.078904643 0.076873330 0.850243160
0.083067247 -0.170704907 0.028889172 0.951009887
-0.180062963 0.434494563 0.122246117 0.736288918
0.075818800 -0.205209843 -0.042199300 1.147402462
-0.023766526 0.073629065 0.037064841 0.925462868
0.012218352 -0.041522548 0.133759202 0.616040910
-0.062451831 0.242224147 -0.088141119 1.459262119
-0.020297502 0.011417558 0.011936427 0.951811731
0.033833405 -0.026474076 0.333780368 0.726520975
-0.023060295 0.024730253 -0.013992783 1.039516803
0.030805328 -0.034521934 -0.008879903 1.033892635
0.022724775 -0.024017216 -0.087220052 1.135734825
-0.018153303 0.037299901 0.004416703 0.998279692
-0.058394838 0.105710513 0.017452246 0.976119268
0.072303568 -0.142616456 -0.016969448 1.041520487
0.026886424 -0.047240458 0.061784372 0.876137472
-0.035579666 0.096431548 0.030682676 0.947671372
-0.027251074 0.075610068 0.054080892 0.889175831
0.038305298 -0.107947772 -0.038898876 1.149519177
-0.013535915 0.057944112 0.028649573 0.933364137
-0.081257374 0.315285652 -0.086918404 1.372522444
0.001316465 -0.001176180 -0.038773122 0.989885182
0.015320996 -0.010979351 0.315886755 0.741623273
0.008008607 -0.004398202 -0.015372034 1.039756175
-0.008196721 0.013427659 -0.013686423 1.037902003
0.031089211 -0.037644050 -0.093289591 1.141386118
-0.005671362 0.017496809 0.004796385 0.994257154
-0.026869271 0.053533256 0.025132904 0.959685071
0.018594120 -0.032847187 -0.020774014 1.046908213
0.026831176 -0.050145003 0.040640821 0.917937065
-0.035303227 0.092764120 0.082967858 0.820584883
-0.013257908 0.037650824 -0.009751719 1.052383824
-0.033504425 0.094341071 0.045029212 0.898997220
0.060828535 -0.207524406 0.107231952 0.699948450
0.020957849 -0.056015801 -0.199186590 1.864338896
0.011026525 -0.002157285 -0.132830449 1.061683748
-0.020526697 0.019929969 0.321176071 0.743879189
-0.011532265 0.011834981 -0.016427036 1.047721978
0.009147367 -0.010912615 -0.010625724 1.041340534
0.018081528 -0.022527024 -0.075292569 1.125407430
-0.026781047 0.044766840 -0.043025603 1.077006980
0.004145885 -0.007808947 -0.002043844 1.007337989
0.008317336 -0.015734704 0.056462308 0.896176301
-0.005835060 0.013985326 0.118673416 0.765532982
-0.006510455 0.015538735 0.034556977 0.959000787
0.007754036 -0.020122492 -0.011237067 1.073485895
0.017895081 -0.048517418 -0.046485055 1.172180262
-0.017502828 0.064755892 0.136213523 0.587544803
0.005668250 -0.023294201 -0.111561573 1.529090156
0.014730855 -0.005665344 -0.167881856 1.078946297
-0.013792606 0.014301078 0.349948427 0.716465105
0.000292598 0.001624395 -0.032206766 1.060404770
0.002063216 -0.000323286 0.005695822 1.018711922
0.022919368 -0.027436282 -0.112454864 1.172307809
0.019902626 -0.022911170 -0.004037022 1.009681045
-0.030214152 0.062287357 -0.010581020 1.020805843
-0.019515007 0.041958980 0.062558673 0.881840426
0.023045917 -0.047418956 0.041587343 0.925880218
-0.038409204 0.093927820 0.087302902 0.820734434
0.009487964 -0.025815100 -0.068083615 1.209200727
-0.034350177 0.096931694 0.035003713 0.920556213
0.014611898 -0.059746949 0.067129742 0.817752920
0.025953597 -0.102845407 -0.065710399 1.322545451
0.031061017 -0.013554856 -0.015750230 0.979605884
-0.023855890 0.024886978 0.312417168 0.749888709
-0.001600738 0.004857342 -0.027523034 1.055834883
-0.001460211 0.004702762 -0.000768304 1.026404679
-0.018108920 0.026346083 -0.062825665 1.107079245
0.060284824 -0.091244533 -0.007975696 1.024804291
-0.045989673 0.089422117 -0.022086509 1.048792675
0.021207131 -0.038251808 0.077155856 0.860232183
-0.001482970 0.009397402 0.044267167 0.929298427
0.066253681 -0.146396892 -0.043902387 1.132088397
-0.007093562 0.036971215 0.028777524 0.950388619
-0.018307271 0.068369600 -0.066315814 1.216649962
0.019741252 -0.053385678 0.108115094 0.658471047
0.056573114 -0.193346750 -0.108731545 1.482488264
0.043573221 -0.021653279 -0.054101351 1.002132239
-0.044230415 0.039809265 0.305393356 0.750485948
0.028220405 -0.025396471 0.003848075 1.021876694
-0.013124018 0.020082396 -0.025133500 1.053756426
-0.004300514 0.008611840 -0.058917985 1.097676256
0.017625217 -0.024276757 -0.054766523 1.091449062
0.029200293 -0.043954386 0.038955226 0.932122086
0.008901477 -0.005386636 0.037436499 0.935007667
-0.077427131 0.175903433 -0.057940469 1.135299290
-0.017841371 0.038856188 0.064775928 0.853051582
0.077197185 -0.198740203 0.018560095 0.968591166
-0.018295807 0.068640170 -0.005198120 1.035114165
-0.000899602 0.012972313 0.131681384 0.597099748
-0.127530756 0.494170694 -0.173631693 1.757289426
0.046136240 -0.020236217 -0.086188620 1.024589511
-0.061877328 0.055373279 0.307354349 0.749109438
0.001226567 -0.001420225 -0.031487934 1.054067485
0.000507370 -0.000629108 0.019851930 0.997593633
-0.014454513 0.018821339 -0.092032530 1.143043426
0.039892577 -0.062699296 -0.011954901 1.022926982
-0.010669993 0.023257076 0.001487732 1.000074505
0.028881072 -0.051889947 0.077419309 0.855804512
0.006418539 -0.004718629 0.033631317 0.947759291
-0.076518343 0.186036195 -0.013823506 1.056905381
0.037603918 -0.099269458 -0.023332838 1.080678711
-0.006900029 0.025341593 -0.024069840 1.082742316
0.000778263 0.000771057 0.154231215 0.512178931
-0.023539818 0.093179762 -0.127959781 1.584504702
0.008426034 0.002545197 -0.019855202 0.981242508
-0.054541653 0.046622577 0.262842492 0.783354126
0.044422090 -0.042444789 0.045644034 0.978832733
0.000949910 0.005374610 -0.065381550 1.100960878
-0.073686807 0.102402338 -0.055774437 1.088471631
0.075876781 -0.121943043 -0.000250339 1.005185485
-0.016810046 0.035624566 -0.001174212 1.006756068
-0.001425547 0.006394019 0.062437676 0.885893483
-0.058782828 0.126844304 -0.023751253 1.066890226
0.086824142 -0.208051721 0.074973089 0.839824244
-0.019149212 0.056881665 0.020637118 0.975664170
0.058772820 -0.161300021 -0.090544947 1.286973948
0.072379024 -0.204839876 0.105637229 0.659190973
0.075435233 -0.216453469 0.004388690 1.043935417
-0.000448339 -0.004903913 -0.075617735 1.032282563
0.045993685 -0.037413328 0.248946264 0.805087768
-0.064010698 0.061590613 0.027310246 1.004560179
0.044910135 -0.058222305 0.034285796 0.996887074
0.050193699 -0.065090939 0.008441804 1.030484262
-0.118697472 0.188245817 -0.021727080 1.075737588
0.012531052 -0.034842679 -0.014082198 1.062741289
0.018176196 -0.045568452 -0.047845262 1.126891108
0.010312376 -0.029054432 -0.026692146 1.082469567
-0.001935737 -0.000883771 0.043941130 0.920013037
-0.059069035 0.141949473 -0.025603378 1.093874306
0.013896377 -0.062353677 -0.010690389 1.052117936
-0.013117190 0.024089739 0.176953900 0.451656203
-0.047591073 0.155090493 -0.021212698 1.204689268
0.027501283 -0.018269682 -0.119207807 1.049610171
-0.012632020 0.009823629 0.293110627 0.760987273
0.005053704 -0.006093522 0.007129906 1.018369915
-0.004261807 0.004153541 -0.013404493 1.040957754
-0.001840142 0.001005377 -0.055230247 1.095331232
-0.046763476 0.068390377 -0.000719428 1.013565004
0.001641135 -0.013897464 0.026452551 0.967372639
0.021295201 -0.051240189 0.002004505 1.013823925
0.008883381 -0.025175368 0.003833770 1.009982469
0.051886613 -0.124082800 0.019341107 0.974315595
-0.056543639 0.146992830 0.014822088 0.985613142
0.018874926 -0.064179148 -0.077559780 1.244282369
-0.072964736 0.229707776 0.117338020 0.620609397
0.000630887 -0.049955590 0.091330713 0.719437166
0.003250628 -0.005531820 -0.104014582 1.038092646
0.014650177 -0.013511504 0.300961155 0.754609635
0.012512112 -0.011587245 0.015517470 1.011508945
-0.019095156 0.023180750 -0.020419367 1.051039466
0.003103607 -0.005677641 -0.073478204 1.120015953
-0.012893560 0.018318109 0.001291036 1.007862092
-0.045128985 0.073118334 0.073658850 0.884836804
0.054080026 -0.115378785 0.003634693 1.017882702
-0.045616034 0.093982932 0.042625656 0.936001684
0.074332949 -0.181899723 -0.054364787 1.159079698
-0.092815529 0.235971473 -0.008642278 1.044773423
0.060760599 -0.194041681 -0.002602338 1.027861593
-0.031241079 0.100363696 0.061216960 0.823639836
-0.023198041 0.069800149 -0.120818697 1.515375323
-0.009305172 0.003797413 -0.051492158 1.002945276
0.001134725 -0.003510514 0.287230926 0.765839121
0.001075916 -0.003457587 0.016804930 1.009222511
-0.018773268 0.018376517 -0.012938981 1.041940814
0.030431478 -0.045589651 -0.081736426 1.131377489
-0.015668681 0.023560587 0.004331469 1.002275647
-0.017299164 0.026332408 0.005716684 0.999920782
0.017350892 -0.039502696 0.071669843 0.874609781
-0.016896538 0.032416902 0.004208087 1.016279462
-0.017984081 0.034918252 -0.006237625 1.040304597
0.005743371 -0.024400379 -0.024856730 1.086852362
-0.020096158 0.047950300 0.018120702 0.966515554
0.015092786 -0.064654322 -0.010686717 1.058699296
0.048752851 -0.192562568 -0.152060995 1.595921544
0.002307458 -0.001432735 -0.099174088 1.041040036
-0.020019092 0.014195849 0.269283668 0.783119611
0.001573946 -0.005237884 0.029142492 0.999246664
0.004358795 -0.008301218 -0.007429126 1.039475444
-0.001256712 -0.001001058 -0.109804246 1.172563096
0.000883644 -0.004211594 -0.002725124 1.011944412
-0.009430352 0.013322201 0.070438410 0.887566401
0.002945225 -0.010191395 -0.035679949 1.089191281
0.019769707 -0.045522806 0.067107661 0.873337309
0.053209835 -0.122435098 0.017387863 0.987692843
-0.036209597 0.101113482 0.006987255 1.013694363
-0.032345659 0.090294456 0.031574957 0.944848798
0.019125422 -0.074413006 0.073629232 0.810275116
0.016618685 -0.064887406 -0.148008028 1.652496692
0.006664750 -0.002472806 -0.087902253 1.029212328
-0.018849462 0.015387142 0.283801871 0.769019446
0.006400803 -0.007338096 -0.020227427 1.042645807
-0.003262029 0.003291019 0.033013832 0.984080420
-0.022538538 0.028350481 -0.081766824 1.133295268
0.012555793 -0.024291017 -0.003736018 1.016249059
0.028214582 -0.050910959 0.022959717 0.970866307
-0.022968975 0.046337800 0.043836848 0.931199760
0.038876837 -0.083538400 -0.002325773 1.028141259
-0.005883031 0.019409293 0.086531022 0.823770634
-0.016640991 0.046304193 -0.019752982 1.089480646
-0.009448183 0.026164331 -0.049786854 1.173575485
-0.026663871 0.081254535 0.146534268 0.545347887
0.038663943 -0.166991155 -0.089996611 1.444165216
-0.010955604 0.007625086 0.010831655 0.953565627
-0.011869912 0.008265101 0.314238090 0.741181126
0.005267724 -0.007158770 -0.004876255 1.028384029
-0.023509697 0.024496393 0.014781361 1.006760651
-0.013007821 0.010843955 -0.080313067 1.130383403
0.026258680 -0.048055797 -0.009977219 1.024879631
0.016603275 -0.031641607 0.041684523 0.937054666
0.000896646 -0.001799013 0.043017880 0.934521289
0.011917973 -0.024943798 0.082282404 0.852065791
-0.007263583 0.019173780 -0.177379804 1.449288859
-0.026878185 0.068210284 0.077286971 0.812621920
0.052916788 -0.155215637 0.010183451 1.000511773
0.046418301 -0.134420477 0.095249827 0.728299366
-0.049114047 0.228602440 0.021299721 1.009309765
0.008558696 -0.004873822 0.004625023 0.956867784
-0.031100649 0.022887719 0.313724298 0.740498295
-0.005222683 -0.000402449 -0.011681912 1.033363876
0.001244857 -0.007516744 0.018213994 1.000478379
-0.002317859 -0.002885213 -0.073814971 1.120116029
0.021334980 -0.038364472 -0.011451242 1.026570435
0.026652165 -0.047403686 0.042510048 0.934836241
0.022959713 -0.040388027 0.059053323 0.903404018
-0.063931824 0.142084193 0.018359418 0.988861214
0.021652117 -0.054758869 0.025956625 0.971387640
0.006864413 -0.017789608 -0.010247630 1.061898275
-0.019344243 0.055594628 -0.055250512 1.187906345
0.039113914 -0.131471479 0.158641761 0.503451060
-0.034827506 0.149505914 -0.168477903 1.746505767
0.037868139 -0.022045875 0.052485767 0.930558710
-0.035641491 0.029410865 0.268249528 0.779524080
0.020897540 -0.021474262 0.015401837 1.007086996
-0.015110547 0.018134634 -0.030205261 1.057254804
-0.010690221 0.012388212 -0.037878147 1.067229555
0.020672155 -0.034655352 0.007076262 0.999797943
0.012621906 -0.020969930 0.037543787 0.948003148
-0.008508633 0.019178095 -0.003168584 1.025356652
-0.038461806 0.082079755 -0.000540018 1.019836664
0.053451291 -0.129320363 0.048755992 0.906455844
-0.016063898 0.044467608 -0.007460119 1.046996120
-0.015542292 0.043007112 -0.009567139 1.052895778
0.070264814 -0.231575631 0.071799170 0.792523583
0.004488873 0.018372943 0.038962068 0.917304568
-0.023699265 0.016470921 0.003188253 0.965347946
-0.039675628 0.027654375 0.270375029 0.778317205
-0.062545304 0.048237083 -0.010712144 1.031295655
0.040463829 -0.065072966 0.003882052 1.015242039
-0.025922175 0.021228836 -0.047793377 1.082420094
0.095883138 -0.161479133 0.051631915 0.933282155
-0.014438660 0.026067928 -0.015157467 1.046824108
0.004461259 -0.009841917 0.040119901 0.941797111
-0.044752876 0.093507761 0.027405613 0.968497114
-0.008868200 0.010973010 -0.039721718 1.122889972
-0.000733367 -0.009364074 -0.064156860 1.183977828
0.041502356 -0.127624097 0.017856057 0.954341663
-0.003724314 0.017101249 0.144042594 0.550544738
0.018699467 -0.068109117 -0.106128759 1.501195867
-0.021851525 0.030390470 0.079637473 0.883424131
-0.038716271 0.042195792 -0.048403743 0.973052980
0.009498415 -0.001197425 -0.062762186 0.985975578
-0.023439218 0.035033972 -0.011504297 0.929591899
-0.035876698 0.051202695 -0.066457673 1.001031286
-0.016665888 0.022386480 -0.137787428 1.108025919
-0.011144075 0.012999398 -0.009557310 0.890034712
-0.028411309 0.045807143 -0.033161652 0.934882961
0.037860903 -0.093364497 -0.016420480 0.899726500
0.062564906 -0.150183703 -0.052942323 0.983726738
-0.022637424 0.062822123 -0.042611367 0.957899349
0.143016550 -0.401008995 0.156547539 0.400254421
-0.140507063 0.506266580 -0.057235767 1.084361009
0.154335718 -0.614135974 0.005974099 0.844163521
-0.022264741 0.022676184 0.001699329 0.936518669
-0.036871010 0.032900571 -0.057290498 0.977811547
-0.036450064 0.032521720 -0.091444530 1.008550175
0.078170097 -0.093560459 0.001151860 0.906694144
-0.023757173 0.038944987 -0.024087125 0.939504823
-0.003412923 0.008428611 -0.091462710 1.040568200
-0.105635422 0.182206865 -0.111737589 1.075035496
-0.001554518 -0.015546851 -0.013743346 0.888846436
-0.030400550 0.045029815 -0.126013130 1.124612972
0.078322575 -0.205033369 0.046376873 0.728115974
0.015254680 -0.047363630 -0.046330698 0.959884900
0.132838608 -0.376598624 0.036643288 0.727557745
-0.036807128 0.166267741 0.000278850 0.843923946
-0.017608356 0.093312409 0.001285821 0.840097457
-0.045345575 0.028494510 -0.082651382 0.993056419
0.035735052 -0.028261928 -0.039383175 0.962768675
0.001265895 0.002760312 -0.097708977 1.015261895
-0.016986299 0.022837726 -0.020282574 0.930092850
0.021338400 -0.026984381 -0.070192797 0.994976138
-0.086191195 0.134310011 -0.026060039 0.928777000
0.035328067 -0.072272740 -0.110036174 1.071536434
0.028989694 -0.060229831 -0.122396096 1.095020285
-0.018218613 0.038907610 0.031951658 0.770890017
0.092643823 -0.216075988 -0.084267239 1.038193474
-0.082881911 0.222738346 -0.024166310 0.887941152
-0.099864464 0.270289495 -0.131974636 1.189804460
0.018686196 -0.109072622 -0.009475948 0.797808652
-0.023093453 0.049690041 0.008692593 0.728768198
-0.005531071 0.001224620 -0.089279121 0.997607144
0.034541796 -0.026826386 -0.015076400 0.945665241
0.009567221 -0.004349269 -0.072381181 0.997239543
-0.036464954 0.046286124 -0.084396333 1.010456210
-0.005266829 0.005728563 -0.052814173 0.969399404
-0.057373810 0.083889034 -0.017186995 0.915958637
0.081086774 -0.151493966 -0.118390662 1.088004875
-0.107342243 0.206521164 0.017553574 0.829710830
-0.060394634 0.107931189 -0.039799204 0.950151658
0.072773575 -0.198355686 -0.027397268 0.921627207
-0.105606949 0.247595624 -0.161170389 1.256060009
-0.040132329 0.064266690 0.177024859 0.309113331
0.122209546 -0.455227316 -0.084677253 1.146560100
-0.208628842 0.801958542 -0.111287541 1.247679194
-0.016095213 0.010530120 -0.112146742 1.013305369
0.006496633 -0.005284173 -0.064393584 0.979878159
0.003937786 -0.002981211 -0.033435516 0.952015899
-0.032791454 0.037420955 -0.067843521 0.989864705
0.013425082 -0.022660539 -0.027161532 0.936978122
0.024625193 -0.039460707 -0.027055734 0.936819424
-0.030375064 0.054039733 -0.092113945 1.047418387
-0.010793950 0.016835617 -0.092318985 1.047807963
0.024057091 -0.056351565 -0.103804444 1.071927426
0.033163948 -0.077297337 -0.099862492 1.062860936
-0.044247722 0.116231837 -0.010944209 0.840565229
-0.070904359 0.190870421 -0.037713638 0.915519628
0.073206009 -0.270282765 -0.118978937 1.175568587
0.091281873 -0.338971045 -0.107717967 1.132776905
0.012970702 -0.006852152 -0.027848186 0.961766750
-0.022042591 0.017657152 -0.045946243 0.974435390
0.014357513 -0.015102940 -0.087764540 1.012071857
0.008434361 -0.008587473 -0.048219877 0.968572726
-0.038464554 0.052381114 -0.013313886 0.923194940
0.009576627 -0.019680657 -0.056320415 0.987704734
-0.055420537 0.090814526 -0.086246462 1.038579014
0.051218655 -0.111799937 -0.009165410 0.892125016
-0.120510931 0.248832177 -0.069938285 1.019748050
0.115026844 -0.292904694 -0.074033123 1.029166177
0.029705129 -0.079600406 -0.006192129 0.859563691
0.018181054 -0.047332998 0.059441910 0.675788385
-0.039090076 0.135934623 -0.122341930 1.257496683
0.073451150 -0.291722034 -0.064904694 1.039235186
0.018217039 -0.011110535 -0.031986238 0.959768594
-0.029215121 0.022091976 -0.036064389 0.962623299
0.019820881 -0.022040425 -0.071342272 0.994373394
-0.013120082 0.014194636 -0.028575371 0.947329801
0.004363563 -0.008534102 -0.091342010 1.028926429
-0.019478633 0.027229192 -0.013749894 0.912538255
-0.029298941 0.043923717 -0.051968116 0.977509235
0.088778878 -0.180424137 -0.067285621 1.006612494
0.053679767 -0.106716008 -0.003209411 0.872052459
-0.039554448 0.107722682 0.013282892 0.834120162
0.013565482 -0.025077143 -0.057799428 1.011825962
-0.149405316 0.431241085 0.068227185 0.658951451
0.093340145 -0.345544403 -0.151866997 1.363252843
-0.185417405 0.713734276 0.083876481 0.467427641
0.012111249 -0.007222086 -0.052945915 0.976318450
-0.008632418 0.007298481 -0.031076970 0.961010189
-0.031135932 0.027551643 -0.073148293 0.998874379
-0.016324349 0.011258901 -0.092285905 1.019925752
-0.027183781 0.025376163 -0.084535459 1.009850174
0.032780475 -0.064570221 -0.117926271 1.059936392
0.053920781 -0.100508744 0.005367996 0.850336131
0.111020985 -0.208999129 -0.038836612 0.934324886
-0.088766219 0.210553981 -0.112231347 1.088453822
-0.093535670 0.221523718 -0.132438509 1.134930293
-0.158767918 0.384604337 -0.137022358 1.146389916
-0.012083246 -0.026112736 -0.018261220 0.813858734
-0.011186266 -0.028983073 -0.096218105 1.063320770
-0.008758298 -0.038209353 -0.018189923 0.766813684
0.022049031 -0.011202804 0.048356357 0.909971444
-0.008644313 0.010282536 -0.047864321 0.977325918
0.015580720 -0.011519993 -0.057838247 0.986302451
-0.092332960 0.107185057 -0.087006123 1.018387116
-0.003051436 -0.008880919 -0.124925941 1.067682877
0.092465958 -0.152157010 -0.089243331 1.014158962
-0.035693145 0.065713471 -0.128516601 1.080923522
-0.009296366 0.015559592 -0.047407167 0.926815600
-0.159657362 0.331317668 -0.019995863 0.869251865
-0.133344406 0.270797872 0.063037261 0.678275682
-0.002867605 -0.055394132 0.014256241 0.800228232
0.007956454 -0.085701497 0.028226071 0.761112710
0.108742620 -0.408217232 -0.170914657 1.398363050
0.044409700 -0.163752138 0.172580044 0.093083202
0.000451371 0.000661995 0.151728401 0.841363008
0.031418468 -0.021014973 -0.017223657 0.959629447
0.013978012 -0.005318563 -0.106403802 1.039891575
-0.077078112 0.094843176 -0.058405122 0.987093026
0.028201029 -0.042019703 -0.139907267 1.093045810
-0.072393618 0.108872269 -0.020436342 0.913839422
-0.061052575 0.089592495 0.054999908 0.785597795
-0.049666920 0.067959750 -0.020653315 0.929338916
0.030505324 -0.100401954 -0.149746502 1.200434595
-0.106789826 0.215376884 0.129630237 0.557868111
-0.021903692 0.003161550 -0.020827257 0.934011845
0.083990766 -0.293342929 0.011596975 0.843223997
-0.072166403 0.206360021 -0.078617049 1.131908878
0.079489521 -0.369932484 -0.041337165 0.990245320
0.010305390 -0.002929923 0.068763797 0.916977731
0.002532106 0.002511376 -0.019939543 0.979070068
0.000109093 0.004692088 -0.018943842 0.978173937
0.020034777 -0.017226165 -0.118684513 1.087888678
-0.080734866 0.113774365 0.017171200 0.911276257
0.030185466 -0.052606132 -0.035665921 0.990531938
-0.036592946 0.060917171 -0.027289996 0.976292866
0.035750145 -0.076534699 0.009578768 0.906242215
-0.013838071 0.027600549 -0.054234849 1.040250805
-0.021567184 0.045377507 -0.027087026 0.977810814
0.031079500 -0.086239202 -0.028838917 0.982190541
-0.009344166 0.026947061 -0.035853526 1.001831446
0.050719835 -0.165257744 -0.041915284 1.021229072
0.177276178 -0.646171841 0.155383507 0.271493675
0.019007327 -0.007022902 -0.041383507 0.989305080
-0.021748269 0.021506015 -0.040260854 0.988519223
-0.045557603 0.042934414 -0.033030800 0.982012175
-0.017425934 0.011989578 -0.045366900 0.995581884
0.057911097 -0.085948559 -0.074604136 1.033590290
0.046638750 -0.069040038 0.007618068 0.910256985
-0.032030610 0.064697878 -0.005266370 0.932160530
-0.040536573 0.080859208 -0.023368605 0.966554776
-0.019080194 0.035800814 -0.030575387 0.981689018
0.050363077 -0.123918707 0.002004504 0.906755270
-0.077222651 0.195045612 -0.011711520 0.941045329
0.038908609 -0.130121911 0.005722045 0.892231349
-0.014792504 0.041721654 -0.002211333 0.917618157
0.126320709 -0.494508546 0.132535704 0.405579424
-0.006570025 0.008598278 -0.063235764 1.007029297
-0.016599073 0.015618612 -0.055846873 1.001857074
-0.041989031 0.038469574 -0.018439885 0.968190785
0.030029193 -0.040750475 -0.043997184 0.996303815
-0.002803284 0.001931745 -0.043022026 0.995036110
0.040139542 -0.062482494 -0.046739567 1.000612421
-0.045412739 0.082956387 -0.086581738 1.068344113
-0.105556597 0.197229716 -0.062413536 1.022424530
0.199348129 -0.443070181 0.066539927 0.751622269
-0.155664110 0.373457952 0.066558107 0.751580457
0.120231572 -0.316281252 -0.052307654 1.048744858
0.034544967 -0.076358763 -0.134619293 1.279217445
-0.021625143 0.103385592 -0.042506463 0.984456384
0.086155262 -0.306179941 0.019729511 0.747959685
0.001119049 0.001592888 -0.073597436 1.012107911
-0.006306479 0.006790757 -0.070692007 1.010074111
-0.053469825 0.049237767 0.023017818 0.925735271
-0.001201695 -0.008257176 -0.082457095 1.041757678
-0.043234615 0.046385617 -0.094418205 1.057307120
0.086875171 -0.148779062 -0.052614498 0.994601559
-0.031632841 0.052684564 0.069340194 0.787278577
0.059800507 -0.121038794 -0.034304571 0.984203629
0.001989784 0.000363718 -0.117319198 1.158534338
-0.038068481 0.092497726 0.086145977 0.690564445
-0.079112452 0.195107654 -0.071610422 1.084955443
0.064491636 -0.206983785 0.002068430 0.878654660
0.040312274 -0.129609827 0.025490228 0.803704903
-0.038932943 0.171521993 -0.066775311 1.154313949
-0.016498179 0.009962306 -0.073792939 1.013283136
-0.004152138 0.001320077 -0.055462125 1.000451566
-0.012603824 0.008926594 -0.032061927 0.979391388
-0.013638814 0.010065083 -0.054040272 1.003567569
0.085452039 -0.118753021 -0.110322211 1.076734086
-0.055664770 0.092922192 -0.011018512 0.927778538
0.043471940 -0.075610219 0.064171576 0.799955386
-0.112920120 0.221534692 -0.070477451 1.055788533
0.124240129 -0.276501810 -0.103272175 1.124657450
-0.174049400 0.409564094 0.041610291 0.791427786
0.162168692 -0.430981138 -0.030842428 0.972559584
-0.104857719 0.316692801 0.050304222 0.745348966
0.068589162 -0.238337225 -0.044739353 1.049488410
-0.009265099 0.057508962 -0.201559824 1.645406193
-0.007794886 0.006222699 -0.041055086 0.986333312
-0.013563776 0.010260922 -0.035318734 0.982317866
0.070637835 -0.065520527 -0.013962981 0.963097688
-0.099792181 0.121952495 -0.030289601 0.981056971
0.034155385 -0.052179334 -0.076367539 1.040958288
-0.021772620 0.031712674 -0.033151201 0.976133782
-0.005332746 0.003764886 0.045363323 0.842659086
-0.074435578 0.135060267 -0.123446330 1.163397423
-0.026467967 0.034328288 0.047442604 0.804530679
0.099611552 -0.255654600 -0.113638314 1.175016782
-0.064431001 0.154451783 -0.022747719 0.947790294
0.092975137 -0.286285398 -0.065257534 1.066817773
0.009954497 -0.020619345 0.016642812 0.804736665
0.010185985 -0.021498999 0.009221584 0.832937328
-0.006378061 0.003374180 -0.014048816 0.967135668
0.011528916 -0.009160703 -0.022740961 0.973220170
-0.004568272 0.005326765 -0.061406181 1.008018866
-0.055746988 0.061623354 -0.034541500 0.978467717
0.013291679 -0.028126910 -0.087887028 1.047816901
0.022546474 -0.042009102 0.032444589 0.867319476
-0.000316301 -0.003142385 -0.011012558 0.941196628
-0.092441354 0.171895215 -0.094302628 1.099447759
-0.029400124 0.039508637 0.023019606 0.853071077
0.039111655 -0.118068451 -0.044156302 1.007575664
0.151508431 -0.399060391 -0.060126592 1.047501389
0.015058919 -0.017001763 0.034742347 0.781868363
-0.046675772 0.180549251 0.021814807 0.823236493
0.012759128 -0.045303365 -0.033509286 1.033468044
-0.035361748 0.027741056 -0.039453211 0.981092722
-0.084910449 0.062425146 -0.020498337 0.967824311
0.015440458 -0.027890668 -0.028628998 0.975141906
0.008149681 -0.019870813 -0.092320773 1.045202860
-0.002161874 -0.006465792 -0.058684335 1.001475492
0.002332637 -0.013207558 -0.031164877 0.960196305
0.002654415 -0.013754581 0.035927905 0.846138573
-0.010748612 0.011711170 0.021215089 0.874092923
0.056378242 -0.129255217 -0.172703225 1.281321363
0.063840815 -0.146419134 0.103203332 0.646736296
-0.001675419 0.017371449 -0.029076541 0.977435978
-0.072002235 0.214286533 -0.109031323 1.201309365
0.159577759 -0.526769460 -0.060981522 1.047549997
0.239249193 -0.829520907 0.456006554 -0.917004667
-0.016135995 0.010900589 0.011712909 0.944646656
0.006390065 -0.004867653 -0.040676298 0.981319101
-0.054739958 0.050149367 -0.020890529 0.963511909
0.029958714 -0.043019175 -0.024214396 0.967168162
0.035319793 -0.049988577 -0.065051302 1.020256138
-0.059970552 0.092946940 -0.045093585 0.990319564
-0.010764221 0.009296175 -0.002489389 0.917892428
-0.132792877 0.241150619 -0.023992368 0.958748088
0.214098676 -0.487321609 0.016413029 0.873896758
-0.066529843 0.158123972 -0.077695530 1.090346439
0.197545567 -0.502064554 0.056323815 0.755298076
-0.168756346 0.523580784 -0.053150790 1.061826966
0.109686962 -0.367437815 -0.046235628 1.039698448
-0.021929109 0.132703249 0.253948584 -0.101001546
0.004513872 0.001725225 0.123380728 0.869972732
-0.101194993 0.075721429 -0.054874423 0.994751336
0.031088062 -0.043333317 -0.010778007 0.955064562
0.009575236 -0.019669208 -0.077942340 1.028945330
0.003748950 -0.012095037 -0.020751054 0.954596661
0.023830272 -0.042217021 -0.026427799 0.963111779
-0.112495317 0.189536488 -0.122328146 1.126142373
0.039492217 -0.099239823 0.065317773 0.769615131
0.007169068 -0.031361213 -0.057641552 1.027829702
0.011761176 -0.041923062 0.059780762 0.757758385
0.052513461 -0.143803775 -0.086294228 1.122945860
-0.103161509 0.292086134 -0.071419311 1.081296095
0.087706641 -0.318691953 0.105180459 0.516176821
-0.058120479 0.235451093 0.134506830 0.404736614
0.019434040 -0.021630120 -0.001017451 0.961909652
0.072477646 -0.058760644 0.352893791 0.714171787
0.026372120 -0.017265672 -0.031467669 1.060097091
-0.041438103 0.057325576 -0.017804510 1.045067616
0.036508049 -0.044004419 -0.029268258 1.059970488
-0.114634848 0.182709927 -0.012621877 1.035000916
-0.029552794 0.038070432 0.014887457 0.988235047
0.121675170 -0.249262697 0.003515483 1.009841797
0.013883700 -0.022900619 -0.069825037 1.163856882
-0.063157276 0.154293621 0.218221493 0.501349877
0.055348571 -0.141970998 -0.069653602 1.221037614
-0.140577475 0.406621922 -0.012762842 1.061743489
0.052023195 -0.209700231 0.091995214 0.726517706
-0.122064167 0.451831738 -0.109628222 1.492686753
0.014901091 -0.012793968 0.078995829 0.912975667
0.025421996 -0.020158601 0.266592220 0.781658194
-0.005684559 0.007837297 -0.018187161 1.037959631
-0.033333968 0.038251648 0.003266932 1.014360128
0.082343220 -0.112128690 -0.072134120 1.112381492
-0.067100717 0.112037215 0.048006762 0.932170170
0.039787496 -0.069672753 -0.036948336 1.076593841
-0.029385386 0.061755722 0.066514039 0.880015330
-0.138632141 0.291173896 0.051414954 0.911723406
0.222505800 -0.539443349 -0.087745765 1.231793053
-0.035101583 0.104575107 0.159890280 0.612702942
-0.074648845 0.215307439 -0.230891202 1.706891074
0.031594059 -0.124669858 0.090583081 0.678173353
-0.048109349 0.178203089 -0.221145762 1.862742940
0.029950566 -0.021551862 0.016722084 0.950383961
0.008176625 -0.006310104 0.338851234 0.724893560
-0.043186944 0.039917107 -0.048065174 1.073118318
0.037103127 -0.048401973 0.026713023 0.990862299
0.022324579 -0.029189861 -0.071374161 1.118375633
-0.034819872 0.056526815 -0.046718705 1.081392450
0.006807968 -0.014240514 -0.011134450 1.020899214
-0.130909177 0.247422057 0.152962561 0.709114898
-0.001543844 -0.024245130 0.003442167 1.023107710
0.062100113 -0.170626228 0.111093495 0.775509662
0.027115483 -0.083164652 -0.140879574 1.405442334
-0.008547702 0.016692264 0.085337142 0.772035541
-0.074002812 0.226148619 -0.006872615 1.067106767
0.129885760 -0.548627946 -0.088343924 1.376697735
0.027052099 -0.018650113 0.073217158 0.917441962
-0.011350350 0.008231602 0.303655285 0.756135276
0.018624887 -0.018746111 -0.012387630 1.040573892
-0.025535178 0.029829962 -0.020610697 1.049619266
0.011099298 -0.017794856 -0.077026468 1.122959765
0.011715666 -0.018719408 -0.010944006 1.023836072
-0.074088605 0.127147857 0.013724570 0.981899491
0.021021094 -0.053560569 -0.067035580 1.135343774
-0.016943245 0.026164540 0.169141848 0.639371198
0.061915788 -0.155211233 -0.057378994 1.160369124
0.040194214 -0.100907297 -0.030156379 1.092312586
0.013223015 -0.025387941 -0.016908046 1.055217254
0.006560632 -0.004068314 0.068571777 0.781681817
-0.067793896 0.278478888 -0.099807239 1.421522069
0.026390885 -0.017732833 -0.089246934 1.035996946
-0.023740886 0.017359407 0.298599023 0.764504781
0.016771929 -0.019102126 -0.032044045 1.062083535
-0.018829956 0.020059948 -0.021744378 1.050753901
0.022110939 -0.033163213 -0.100787854 1.153510415
-0.022062917 0.033097572 0.035946361 0.948409093
0.046322728 -0.083158029 -0.033300531 1.066128812
-0.135081501 0.261510001 -0.002028943 1.006712796
0.125203493 -0.285088460 0.062701687 0.870778479
-0.119380446 0.277454588 0.100965476 0.782771767
0.054922962 -0.158303932 0.014670295 0.998509719
-0.045210139 0.122068745 -0.052545058 1.186712704
-0.052265024 0.144644378 0.096249198 0.710571077
0.127189675 -0.537283468 -0.123003207 1.543730206
0.021441382 -0.012445372 -0.116387315 1.048918579
-0.026030083 0.020784653 0.312977154 0.748363456
0.032469596 -0.031865056 -0.010293720 1.039307234
-0.044405135 0.052697149 -0.004443528 1.032872023
0.038977223 -0.055699913 -0.153602325 1.226778452
-0.061173431 0.094526069 0.032129876 0.948180151
-0.009682345 0.006991220 -0.016118592 1.030202548
0.137305458 -0.272285602 0.051759798 0.901233609
-0.107707139 0.242240828 -0.064846858 1.146107575
0.015609446 -0.041387311 0.110012863 0.743930227
0.011591697 -0.031342940 0.146207038 0.653444788
0.031484256 -0.087042103 0.084374825 0.826574982
0.062569323 -0.186514319 0.095788653 0.790050731
-0.053477151 0.254462276 -0.029614719 1.266583537
0.039599328 -0.023455343 -0.010761917 0.978041798
-0.017704052 0.016657023 0.319153686 0.747100880
-0.013088139 0.012502700 -0.034063450 1.064996294
0.025979844 -0.030472082 0.038395538 0.985291405
0.034678421 -0.041780231 -0.130435793 1.204772128
-0.057697548 0.096783722 0.025987619 0.970137009
-0.023544972 0.038724342 0.007723573 1.001185889
0.073586289 -0.145825051 0.110898058 0.805154370
-0.138878943 0.300351915 0.012217757 1.012382991
0.005731358 -0.032251770 0.054916130 0.914176735
0.010191409 -0.043401897 -0.017853183 1.096100020
0.038304575 -0.122118762 0.092318334 0.787619776
0.022060236 -0.070136875 0.147957229 0.609575309
0.083503181 -0.303620064 -0.114180452 1.605698487
0.042155533 -0.020804977 -0.093492871 1.027055445
-0.037327494 0.034833141 0.314452667 0.741493573
0.025684452 -0.021877609 0.000106692 1.024404943
-0.027584678 0.036718436 -0.040575280 1.069155114
-0.059844605 0.078656339 -0.075942260 1.115132185
0.030273872 -0.056521376 0.054761754 0.919076164
0.030139741 -0.056293353 0.004148485 1.005118725
-0.067583424 0.129380658 0.065668845 0.888230042
0.111261184 -0.246193002 0.130071013 0.752985495
0.031356646 -0.062412568 -0.083911399 1.245145032
-0.082654898 0.222616291 0.054514019 0.899081487
0.071653204 -0.209446386 0.029765956 0.968376062
-0.017640280 0.076292766 -0.002611479 1.071983855
0.102318026 -0.379548792 -0.064199273 1.306017470
0.017271405 -0.009110889 -0.085080569 1.017233762
-0.049886865 0.037899899 0.335537811 0.722800900
0.007866088 -0.014077757 0.002384781 1.022638620
0.010363307 -0.016824698 -0.015343433 1.042139656
-0.040797402 0.049684221 -0.084671358 1.132265955
0.010657634 -0.027498333 0.009443162 0.991094175
0.081167690 -0.147365432 -0.025241980 1.050058918
-0.082870293 0.164306732 0.025838027 0.953006906
0.007863406 -0.026234027 0.086534003 0.825545363
0.126947497 -0.300127432 -0.052393066 1.145077615
-0.089041676 0.239845503 0.059707572 0.864826020
0.035710270 -0.109459942 -0.004974006 1.045934435
0.025422908 -0.076540381 0.048873234 0.873623264
0.196749519 -0.727581496 -0.058938566 1.283308099
-0.035225523 0.024304201 -0.012228490 0.970852733
-0.030481391 0.020983308 0.289769190 0.759454361
0.021826556 -0.026093842 0.061201439 0.965165332
-0.003857940 0.002159103 -0.041203514 1.077810782
-0.061241498 0.076757726 -0.069914444 1.115134989
0.058181349 -0.102376544 -0.045277466 1.078179522
-0.003070600 0.001751771 0.109075347 0.815779734
-0.005283043 0.005955414 -0.044199244 1.107001453
0.030806092 -0.069831767 0.065674170 0.876267293
-0.107023316 0.247175864 -0.031669132 1.100156884
0.054578085 -0.156827638 -0.031959618 1.100883099
-0.026292059 0.069608762 0.062342271 0.836837813
0.058579418 -0.201979970 -0.006286900 1.056451165
-0.045706337 0.194305895 -0.142428660 1.573789846
-0.012891640 0.000575758 -0.116587288 1.052544120
0.064027323 -0.053267515 0.295850950 0.763837358
-0.089101938 0.084548815 0.031019442 1.002185710
0.053715369 -0.072550225 0.057355782 0.973215735
0.018497798 -0.026767385 -0.067471846 1.135491645
-0.018539235 0.028788165 -0.038787713 1.092465446
-0.047109637 0.077357850 0.062795900 0.919773299
-0.003944725 -0.004655482 -0.077636866 1.186595550
-0.047533175 0.086880258 -0.039422503 1.106345392
0.052391436 -0.142946343 0.060871825 0.875668443
0.052055230 -0.142105826 -0.051468619 1.156519553
-0.067953969 0.193919925 -0.014975365 1.054338444
-0.066897355 0.190538760 0.113565940 0.643006262
-0.139554189 0.466634723 -0.263641567 2.076394769
0.038439252 -0.025088274 -0.122991808 1.049997989
-0.022804126 0.017782090 0.313977320 0.744119605
0.017663053 -0.018638370 -0.017110701 1.042098816
-0.039559643 0.044306597 0.010090474 1.012177523
-0.005937983 0.000598440 -0.031504624 1.066251147
-0.010539058 0.007500052 -0.014961954 1.041437144
-0.046721392 0.069010022 -0.003299118 1.021610322
-0.003542547 -0.013029782 0.035303844 0.948264695
0.000046240 -0.020566235 0.094904877 0.823102531
-0.066383000 0.132221013 -0.166311224 1.423899551
0.078721776 -0.230540926 -0.043786970 1.117588915
-0.083653262 0.224109173 0.028155290 0.916150590
-0.016223425 0.008333690 0.065212061 0.797568921
-0.011350513 -0.010183373 -0.126372583 1.525590562
0.021529419 -0.017861126 -0.089926427 1.035066995
-0.005452927 0.001026516 0.276025550 0.778900615
0.011370044 -0.014114158 -0.022892350 1.047926718
-0.039014179 0.041308490 0.011081103 1.010555918
-0.007663777 0.000552968 -0.075016004 1.122482154
0.009018944 -0.024471114 0.005996226 1.000963809
-0.031686981 0.044728962 0.044089572 0.936205120
0.033272787 -0.078694596 -0.024147638 1.065855817
-0.007843806 0.007650245 0.035141698 0.941348216
-0.024782199 0.046608548 0.051015603 0.904838235
0.015843988 -0.054956920 -0.036469704 1.123551502
-0.130648756 0.355222758 0.033519856 0.927580738
0.060554163 -0.256626592 0.049534051 0.876335315
0.000650596 -0.028993044 0.068058376 0.805942881
0.005538438 -0.008571311 -0.036492350 0.998630584
0.006372854 -0.009155403 0.265224294 0.787428937
0.001943738 -0.005169198 0.022882218 1.005536800
-0.020143538 0.019126806 -0.048408526 1.083956619
-0.037591830 0.041809585 -0.062136635 1.101803161
0.004453588 -0.021258542 0.024939770 0.971188554
0.003003777 -0.018793863 -0.035142911 1.073329114
-0.026053055 0.036414117 -0.022758850 1.049799398
0.049452905 -0.122148392 0.152677857 0.681382330
0.026951745 -0.070395724 0.057603703 0.900052880
-0.032854267 0.079119305 -0.044458714 1.155208923
0.102451259 -0.299736160 0.145169462 0.624250039
-0.081530915 0.289006806 0.136863214 0.650830034
0.115368781 -0.459212030 0.028562100 1.062374259
0.011632237 -0.007290562 -0.116019852 1.053527776
-0.038229112 0.027612382 0.276820676 0.778539411
-0.043231904 0.032114895 0.016703006 1.012645308
0.030893518 -0.049423071 -0.063096307 1.100424554
-0.018215394 0.014418511 -0.052113521 1.086146932
0.013266333 -0.032804079 -0.000558495 1.008814394
0.024475599 -0.051859832 0.011171107 0.988874070
0.020746101 -0.044773785 0.046595352 0.921568006
-0.020270087 0.041360205 0.120800705 0.765736771
0.036937862 -0.090218074 -0.062364921 1.187017702
-0.043848806 0.111748594 0.098989820 0.783630848
-0.012359642 0.023578937 -0.133365659 1.434226179
-0.008807429 0.012211855 0.131188851 0.587651736
0.055511732 -0.232200954 -0.070579950 1.354373170
0.014050532 -0.007851397 -0.124073036 1.051741663
-0.037237782 0.028050422 0.308065731 0.749244532
-0.008414816 0.002109754 -0.033397667 1.056561581
0.040188820 -0.051354248 0.020211346 0.997591666
-0.012608172 0.017281839 -0.077881794 1.125112744
-0.002267865 0.001771379 0.060325251 0.917802177
0.009729425 -0.018624015 -0.013921862 1.044022271
-0.078368515 0.148762069 0.001854301 1.014047562
0.059547851 -0.140862287 0.193173839 0.612276550
-0.164656184 0.374806984 -0.098651624 1.283475102
0.135476559 -0.375524873 0.060512632 0.885564462
0.061774180 -0.169158217 0.026522869 0.980735798
-0.008074804 0.054358536 -0.035146083 1.178076446
-0.007291742 0.051382899 -0.106005749 1.447343175
0.037142047 -0.025687523 0.040633383 0.940008311
-0.032072096 0.022762376 0.264273004 0.783460579
0.002004147 -0.007906242 0.005453228 1.016398372
0.008383156 -0.014923153 -0.024598250 1.049454997
-0.025259171 0.028811872 -0.064226970 1.100972331
-0.032019901 0.038952966 0.013800856 0.983930593
0.047083593 -0.095522977 0.039034500 0.941033397
0.051016211 -0.102994951 0.074336555 0.873959493
-0.128451355 0.273886920 0.020710821 0.986573530
0.052449160 -0.142184255 0.025560850 0.975418464
0.039003676 -0.108570544 -0.016176703 1.079762346
-0.043651519 0.122863998 -0.048203159 1.169436420
-0.039360865 0.109133902 0.022418304 0.943447736
-0.010275799 -0.001389344 -0.082585071 1.342460558
0.017578269 -0.012465522 0.021241309 0.948660433
-0.060953822 0.042506942 0.310614128 0.746099463
0.013906198 -0.024867075 -0.029638999 1.052327268
-0.002788195 -0.006503243 0.015404230 1.002779716
-0.040907072 0.043051297 -0.095497943 1.146952535
0.065856800 -0.117094512 0.090321281 0.868223699
-0.004454664 0.002434980 0.026258240 0.977130873
-0.059448651 0.106923554 -0.088695319 1.195542632
0.165206341 -0.364851907 0.010321734 0.987606830
-0.091586076 0.225770639 -0.072024745 1.177003728
0.003955387 -0.013083017 0.054730782 0.860114910
-0.016139503 0.043182672 -0.018684860 1.065678702
0.002224558 -0.015582324 0.114289938 0.640159345
0.148669086 -0.572071521 0.060853962 0.843216051
0.031161109 -0.021677406 0.054832402 0.929615824
-0.035367237 0.024892435 0.252987758 0.790907077
0.064782301 -0.065242146 0.001437664 1.017302156
-0.064003341 0.076422063 0.012204055 1.005459125
-0.053684461 0.063007519 -0.042520155 1.076600596
0.052388854 -0.096102454 0.014558431 0.990982717
-0.020771767 0.028270607 -0.089042815 1.167104839
0.032238732 -0.072449341 0.095118914 0.817197559
-0.027928991 0.053902871 0.023645157 0.967292442
0.159050896 -0.376150860 0.072649700 0.854581995
-0.127798768 0.340973299 -0.128130138 1.356531591
0.127215090 -0.373065489 0.078800302 0.777126369
-0.084725598 0.305144721 0.154957995 0.533421748
-0.005802233 0.005235939 -0.304862204 2.280738483
-0.034104674 0.019719572 -0.012922884 0.974182487
-0.032739183 0.018763728 0.284085589 0.766276560
-0.030598074 0.016836731 -0.026074046 1.045420223
0.018676675 -0.037365495 0.046717541 0.965349476
-0.023260586 0.017152943 -0.065659865 1.111440099
0.030917453 -0.064114115 0.049875963 0.938136357
0.096459246 -0.175535167 -0.053283591 1.113507604
-0.052222953 0.106961008 0.020018823 0.974233018
0.086057188 -0.183427275 -0.044020404 1.108715389
-0.019288790 0.058868468 0.060150609 0.869122064
0.008587336 -0.010821845 0.023734971 0.960161160
-0.095152367 0.279649316 0.039423397 0.916233568
0.063893869 -0.229298645 0.070742579 0.816012184
0.070857539 -0.255760591 -0.001119822 1.089089304
