0.000589427 0.000370427 -0.009568476 0.009748660
0.000401718 0.000501824 -0.002919772 0.005094567
0.000110626 0.000763806 -0.001388986 0.003716860
0.000118125 0.000755558 -0.000890912 0.003168978
0.000026951 0.000874083 -0.000584254 0.002770323
0.000047201 0.000843709 -0.000373541 0.002454254
0.000019057 0.000891553 -0.000267242 0.002273545
-0.000052050 0.001026657 -0.000108320 0.001971593
0.000072840 0.000764386 -0.000132337 0.002022030
-0.000032191 0.001005960 -0.000172103 0.002113491
0.000080245 0.000724867 0.000113867 0.001398565
0.000002004 0.000943944 0.000044706 0.001592218
-0.000017678 0.001006925 0.000128373 0.001324483
0.000064476 0.000694739 0.000350057 0.000482082
0.000321679 0.000709172 -0.005404819 0.006614827
0.000117951 0.000851781 -0.002134099 0.004325323
-0.000011174 0.000967994 -0.001239873 0.003520519
-0.000002112 0.000958026 -0.000807138 0.003044511
0.000097342 0.000828736 -0.000573950 0.002741366
-0.000008964 0.000988195 -0.000339490 0.002389677
-0.000008977 0.000988216 -0.000196501 0.002146595
-0.000028937 0.001026141 -0.000125720 0.002012112
0.000135605 0.000680602 -0.000091717 0.001940705
-0.000040918 0.001086606 -0.000018673 0.001772704
0.000039994 0.000884325 0.000016927 0.001683703
0.000026301 0.000922665 0.000090046 0.001478970
0.000031692 0.000905414 0.000159984 0.001255168
0.000177039 0.000353097 0.000463061 0.000103478
0.000298966 0.000818825 -0.003914031 0.005562759
0.000079420 0.000972507 -0.002015807 0.004234002
-0.000107651 0.001140871 -0.001198535 0.003498457
-0.000061504 0.001090109 -0.000843908 0.003108367
-0.000021254 0.001037784 -0.000564797 0.002745523
0.000020068 0.000975802 -0.000379012 0.002466846
-0.000014898 0.001035243 -0.000241505 0.002233084
-0.000019669 0.001044308 -0.000128356 0.002018100
0.000021862 0.000957094 -0.000109362 0.001978213
0.000003472 0.000999390 -0.000075831 0.001901091
0.000001084 0.001005360 0.000004979 0.001699068
0.000059677 0.000841300 0.000108640 0.001408815
0.000027769 0.000943407 0.000164309 0.001230676
0.000201051 0.000284935 0.000408240 0.000303739
0.000188776 0.000974183 -0.003847195 0.005577032
-0.000039708 0.001134122 -0.002051205 0.004319840
-0.000148837 0.001232338 -0.001253257 0.003601686
-0.000040746 0.001113438 -0.000911702 0.003225976
0.000001271 0.001058816 -0.000581868 0.002797192
-0.000080873 0.001182031 -0.000433222 0.002574223
-0.000012057 0.001065045 -0.000172052 0.002130234
0.000059341 0.000929388 -0.000156779 0.002101216
0.000041692 0.000966452 -0.000198661 0.002189167
-0.000063714 0.001208884 0.000040254 0.001639662
0.000045787 0.000935134 0.000046873 0.001623114
-0.000013847 0.001102108 0.000019945 0.001698513
0.000051116 0.000894225 0.000206301 0.001102174
0.000161370 0.000475263 0.000358501 0.000523813
0.000413437 0.000863079 -0.004155467 0.005835711
-0.000058641 0.001193534 -0.002190180 0.004460010
-0.000210195 0.001329932 -0.001284119 0.003644555
-0.000138180 0.001250716 -0.000935180 0.003260722
-0.000105876 0.001208721 -0.000568110 0.002783531
-0.000065544 0.001148222 -0.000397484 0.002527593
0.000044304 0.000961481 -0.000295993 0.002355058
-0.000096129 0.001228304 -0.000169036 0.002113839
0.000051440 0.000918407 -0.000036983 0.001836528
0.000000377 0.001035854 -0.000121388 0.002030660
0.000040842 0.000934690 0.000098552 0.001480809
0.000063521 0.000871189 0.000043132 0.001635985
0.000061809 0.000876669 0.000103761 0.001441973
0.000067919 0.000853448 0.000590812 -0.000408822
-0.000113927 0.000969492 -0.003926098 0.005602534
-0.000147837 0.000993230 -0.001900676 0.004184738
0.000010836 0.000850424 -0.001292650 0.003637515
0.000030310 0.000829002 -0.000849559 0.003150115
-0.000011912 0.000883891 -0.000599528 0.002825075
0.000049917 0.000791147 -0.000384663 0.002502777
0.000089482 0.000723887 -0.000199512 0.002188021
-0.000010863 0.000914543 -0.000131249 0.002058321
-0.000054351 0.001005868 -0.000088564 0.001968683
0.000128489 0.000585336 0.000012793 0.001735562
0.000038426 0.000810493 -0.000014594 0.001804029
0.000012321 0.000883586 0.000016595 0.001716699
0.000115491 0.000553442 0.000211572 0.001092772
0.000022158 0.000908110 0.000435650 0.000241278
-0.000087674 0.001006228 -0.003691997 0.005427815
-0.000093470 0.001010285 -0.001780418 0.004089709
0.000004173 0.000922406 -0.001188024 0.003556555
-0.000038259 0.000969081 -0.000908210 0.003248759
-0.000036391 0.000966652 -0.000642974 0.002903953
-0.000011433 0.000929216 -0.000428361 0.002582033
0.000046042 0.000831509 -0.000158961 0.002124053
0.000029276 0.000863363 -0.000157305 0.002120907
-0.000001276 0.000927522 -0.000087057 0.001973386
0.000202152 0.000459638 -0.000027599 0.001836631
-0.000095557 0.001203911 -0.000015196 0.001805624
0.000022748 0.000872656 0.000089507 0.001512457
0.000136399 0.000508973 0.000155907 0.001299976
0.000229632 0.000154687 0.000507619 -0.000036528
0.000013601 0.000940194 -0.004189513 0.005714606
0.000086584 0.000889107 -0.001711330 0.003979878
0.000060266 0.000912793 -0.001093496 0.003423827
0.000033638 0.000942083 -0.000844666 0.003150114
0.000021211 0.000958239 -0.000506372 0.002710333
0.000027809 0.000948342 -0.000359553 0.002490104
0.000101602 0.000822894 -0.000171057 0.002169661
0.000030506 0.000957976 -0.000171871 0.002171207
-0.000049467 0.001125919 0.000012138 0.001784788
0.000127808 0.000718186 0.000008215 0.001793812
0.000063548 0.000878835 0.000005483 0.001800641
0.000004511 0.001044139 0.000034209 0.001720208
0.000052517 0.000890521 0.000198666 0.001193946
0.000063710 0.000847989 0.000656728 -0.000546687
-0.000049091 0.001028489 -0.006397183 0.007349642
0.000240299 0.000825916 -0.002044507 0.004302769
0.000087738 0.000963222 -0.001228542 0.003568401
-0.000020720 0.001082525 -0.000909003 0.003216907
0.000024075 0.001024292 -0.000505044 0.002691762
0.000025118 0.001022726 -0.000340905 0.002445553
-0.000020403 0.001100113 -0.000229867 0.002256789
0.000053769 0.000959185 -0.000144065 0.002093764
0.000045620 0.000976300 -0.000080731 0.001960762
0.000016149 0.001044082 0.000046482 0.001668174
0.000056920 0.000942155 0.000029037 0.001711784
-0.000004301 0.001113574 0.000102717 0.001505481
0.000092062 0.000805211 0.000239337 0.001068298
0.000142521 0.000613467 0.000455995 0.000244996
0.000008890 0.001052993 -0.011485350 0.011253109
0.000329404 0.000828634 -0.003089545 0.005376046
0.000093942 0.001040549 -0.001616330 0.004050152
-0.000066121 0.001216619 -0.001015767 0.003389533
-0.000000148 0.001130854 -0.000623170 0.002879157
0.000097722 0.000984049 -0.000439312 0.002603370
-0.000019099 0.001182643 -0.000244965 0.002272980
0.000061202 0.001030072 -0.000125735 0.002046443
-0.000004576 0.001168206 0.000008845 0.001763825
-0.000001032 0.001160055 -0.000102604 0.002020157
-0.000028037 0.001227567 -0.000008216 0.001784187
0.000080130 0.000924700 0.000072254 0.001558872
-0.000004373 0.001195110 0.000179126 0.001216880
-0.000009657 0.001215188 0.000185217 0.001193734
0.000597612 -0.001296960 -0.009394736 0.010221908
0.000533464 -0.001252056 -0.003018991 0.005758886
0.000351876 -0.001088627 -0.001445992 0.004343188
0.000114424 -0.000827430 -0.000965892 0.003815078
0.000169389 -0.000898884 -0.000650880 0.003405562
0.000207193 -0.000955590 -0.000476846 0.003144511
0.000133484 -0.000830285 -0.000257108 0.002770956
0.000011581 -0.000598669 -0.000120755 0.002511886
0.000075145 -0.000732155 -0.000114348 0.002498430
-0.000064569 -0.000410811 -0.000085186 0.002431357
0.000142259 -0.000927881 0.000085611 0.002004365
0.000133734 -0.000904013 0.000009650 0.002217056
0.000057122 -0.000658854 0.000277817 0.001358923
0.000075031 -0.000726907 0.000284353 0.001334083
0.000351739 -0.001090671 -0.005639866 0.007312824
0.000244643 -0.001015705 -0.002369300 0.005023427
0.000183899 -0.000961035 -0.001191920 0.003963786
0.000000389 -0.000759173 -0.000800693 0.003533436
0.000128926 -0.000926272 -0.000593554 0.003264155
0.000149332 -0.000956881 -0.000374855 0.002936106
0.000099374 -0.000871951 -0.000160354 0.002571455
0.000038437 -0.000756172 -0.000249446 0.002740729
0.000043013 -0.000765780 -0.000031963 0.002284015
0.000187797 -0.001098785 0.000037978 0.002123151
0.000029536 -0.000703131 -0.000003510 0.002226870
0.000101678 -0.000905129 0.000142516 0.001817998
0.000073258 -0.000814186 0.000270396 0.001408783
0.000331604 -0.001795899 0.000449262 0.000729093
0.000374586 -0.001149906 -0.004141906 0.006191423
0.000004891 -0.000891119 -0.001997389 0.004690261
0.000102856 -0.000979287 -0.001215562 0.003986617
0.000161195 -0.001043461 -0.000899021 0.003638422
0.000138256 -0.001013640 -0.000594369 0.003242374
0.000180468 -0.001076959 -0.000403541 0.002956132
0.000194913 -0.001101514 -0.000276630 0.002740383
0.000094921 -0.000911530 -0.000137345 0.002475741
0.000049934 -0.000817058 -0.000156402 0.002515761
0.000081909 -0.000890600 0.000035666 0.002074005
0.000144730 -0.001047652 0.000044659 0.002051522
0.000066245 -0.000827893 0.000095397 0.001909458
0.000169145 -0.001157175 0.000344415 0.001112600
0.000264859 -0.001520886 0.000710159 -0.000277229
0.000215411 -0.001048348 -0.004002720 0.006076712
0.000056059 -0.000936801 -0.002118056 0.004757447
0.000007985 -0.000893534 -0.001208209 0.003938585
0.000142933 -0.001041977 -0.000953174 0.003658046
0.000174523 -0.001083044 -0.000630598 0.003238698
0.000074471 -0.000932966 -0.000409692 0.002907339
0.000186795 -0.001123916 -0.000328820 0.002769856
0.000089853 -0.000939728 -0.000160019 0.002449133
0.000147510 -0.001060808 -0.000124915 0.002375415
-0.000114201 -0.000458872 -0.000044429 0.002190297
0.000112968 -0.001026794 0.000042281 0.001973522
0.000088802 -0.000959129 0.000010104 0.002063619
0.000216806 -0.001368743 0.000342952 0.000998504
0.000336770 -0.001824605 0.000987341 -0.001450175
0.000291963 -0.001215312 -0.003725904 0.005890904
0.000009689 -0.001017720 -0.002045296 0.004714479
-0.000032548 -0.000979707 -0.001259030 0.004006839
0.000138981 -0.001168388 -0.000995031 0.003716440
0.000125034 -0.001150258 -0.000680388 0.003307404
0.000150255 -0.001188088 -0.000498197 0.003034117
0.000173482 -0.001227575 -0.000229258 0.002576921
0.000060431 -0.001012778 -0.000129405 0.002387201
0.000144745 -0.001189838 -0.000155298 0.002441576
-0.000088516 -0.000653336 -0.000105133 0.002326198
0.000128160 -0.001195028 0.000024494 0.002002129
0.000045475 -0.000963509 0.000121404 0.001730782
0.000306158 -0.001797694 0.000088471 0.001836166
0.000280719 -0.001701028 0.000851678 -0.001064021
0.000597645 -0.000956694 -0.003974947 0.005976551
-0.000202645 -0.000396491 -0.001766011 0.004430297
-0.000193422 -0.000404792 -0.000953674 0.003699193
0.000001186 -0.000618860 -0.000910182 0.003651352
0.000171401 -0.000840140 -0.000592624 0.003238526
-0.000002142 -0.000579826 -0.000417959 0.002976529
0.000118135 -0.000784296 -0.000232079 0.002660533
0.000074591 -0.000701563 -0.000132108 0.002470589
0.000047181 -0.000644002 -0.000093270 0.002389028
0.000029005 -0.000602198 -0.000111479 0.002430910
0.000125237 -0.000842778 0.000029564 0.002078302
0.000148328 -0.000907432 0.000067549 0.001971944
0.000174551 -0.000991344 0.000332070 0.001125477
0.000654319 -0.002814465 0.000743083 -0.000436372
0.000399435 -0.000894593 -0.003783469 0.005776004
-0.000182493 -0.000487243 -0.001750175 0.004352699
-0.000131276 -0.000533338 -0.000936903 0.003620754
-0.000013064 -0.000663371 -0.000822422 0.003494825
0.000120048 -0.000836417 -0.000586767 0.003188473
0.000003606 -0.000661753 -0.000440930 0.002969717
0.000127414 -0.000872227 -0.000247527 0.002640932
0.000041110 -0.000708250 -0.000202637 0.002555642
0.000078446 -0.000786655 -0.000050447 0.002236043
0.000006597 -0.000621402 -0.000206567 0.002595119
0.000132815 -0.000936948 0.000154926 0.001691385
0.000175489 -0.001056435 0.000044326 0.002001067
0.000075967 -0.000737964 0.000274103 0.001265779
0.000374811 -0.001873571 0.000677710 -0.000267926
0.000338557 -0.001021056 -0.004133377 0.005961632
-0.000094396 -0.000717988 -0.001764938 0.004303724
-0.000080797 -0.000730228 -0.000885696 0.003512406
-0.000008981 -0.000809225 -0.000795618 0.003413320
0.000112195 -0.000966754 -0.000680035 0.003263063
0.000055561 -0.000881803 -0.000431617 0.002890435
0.000019586 -0.000820645 -0.000296950 0.002661502
-0.000012468 -0.000759743 -0.000185395 0.002449547
0.000008595 -0.000803975 -0.000076293 0.002220433
0.000005775 -0.000797489 -0.000111029 0.002300326
0.000185386 -0.001246516 0.000076573 0.001831322
0.000123972 -0.001074557 0.000116040 0.001720814
0.000232845 -0.001422951 0.000312912 0.001090824
0.000595150 -0.002799710 0.000808977 -0.000794225
0.000087307 -0.001066084 -0.005947188 0.007217048
0.000015664 -0.001015935 -0.001973361 0.004435369
0.000042631 -0.001040205 -0.000928355 0.003494864
0.000043529 -0.001041193 -0.000776176 0.003327467
0.000115268 -0.001134453 -0.000647013 0.003159555
0.000033652 -0.001012029 -0.000410383 0.002804609
0.000060933 -0.001058407 -0.000291328 0.002602217
-0.000038223 -0.000870010 -0.000251553 0.002526643
0.000152503 -0.001270534 -0.000085883 0.002178737
0.000045529 -0.001024495 0.000015743 0.001944998
0.000092716 -0.001142462 -0.000059087 0.002132072
0.000077319 -0.001099351 0.000060537 0.001797126
0.000096464 -0.001160614 0.000155697 0.001492614
0.000292236 -0.001904547 0.000484786 0.000242073
0.000069941 -0.001163984 -0.010292436 0.010510390
-0.000074141 -0.001063127 -0.002875150 0.005318290
0.000095724 -0.001216005 -0.001178967 0.003791725
0.000112794 -0.001234783 -0.000872136 0.003454211
0.000138815 -0.001268609 -0.000639562 0.003151865
0.000044807 -0.001127597 -0.000451503 0.002869776
0.000013391 -0.001074191 -0.000323249 0.002651745
0.000021925 -0.001090404 -0.000187712 0.002394224
-0.000059000 -0.000920463 -0.000127689 0.002268176
0.000149949 -0.001401045 -0.000120446 0.002251516
0.000094370 -0.001262098 0.000036195 0.001859915
0.000146030 -0.001406746 0.000073035 0.001756762
0.000056185 -0.001119242 0.000174711 0.001431399
0.000064479 -0.001150758 0.000129690 0.001602481
-0.058068637 0.595850410 -1.544052454 2.491501139
-0.138980159 0.652488474 -0.859843544 2.012554910
-0.101704573 0.618940448 -0.548632014 1.732464540
-0.086230368 0.601918823 -0.354315765 1.518716662
-0.155465715 0.691924770 -0.252276599 1.386065750
-0.695377124 1.501791884 -0.210101554 1.322803184
-0.633633363 1.396827487 -0.139243355 1.202344241
-0.442655580 1.033969704 -0.129385041 1.183613445
-0.319990961 0.776374015 -0.070075972 1.059064406
-0.182514869 0.460179010 -0.068293198 1.054964025
-0.168062540 0.424048189 -0.065181067 1.047183698
-0.139186778 0.343196054 -0.016813721 0.911755133
-0.032566170 0.002010105 -0.014178854 0.903323559
0.079711401 -0.424644660 0.026230143 0.749769370
-0.256704107 0.706369050 -1.601927376 2.501430917
-0.180294673 0.652882447 -0.834437658 1.964188124
-0.113611939 0.592867988 -0.492840292 1.656750502
-0.051911790 0.524997822 -0.351891643 1.501706985
-0.109345291 0.599661371 -0.235129837 1.349916642
-0.475552118 1.148971611 -0.177257019 1.263107415
-0.414966642 1.045976300 -0.132265138 1.186621216
-0.305395981 0.837792045 -0.135184575 1.192168146
-0.252387314 0.726473852 -0.004556178 0.917848525
-0.170430128 0.537972326 -0.098780370 1.134564162
-0.094018519 0.346943304 -0.050966748 1.015030106
-0.076294570 0.297316247 -0.054932820 1.026135107
0.005937754 0.034172809 0.004988512 0.834386843
0.068800216 -0.204704546 0.090157991 0.510742827
-0.191220504 0.623934081 -1.578906869 2.486170935
-0.138921597 0.587324847 -0.817452718 1.953153039
-0.068776442 0.524194209 -0.498499751 1.666095376
-0.057507625 0.511798510 -0.332362175 1.483344038
-0.047841210 0.499232171 -0.242491903 1.366512689
-0.269378210 0.831537672 -0.154888891 1.235108171
-0.317725951 0.913728833 -0.165982902 1.253967990
-0.202047003 0.693938835 -0.108869115 1.145451796
-0.213248381 0.717461727 -0.083371083 1.091905932
-0.092196592 0.439042618 -0.068267270 1.057167162
-0.074161104 0.393953899 -0.020063523 0.936657794
-0.022172178 0.248384907 -0.012194064 0.914623311
-0.024723390 0.256548786 0.009638172 0.844760154
0.034306275 0.032236063 0.091424813 0.533970921
-0.088746106 0.505962360 -1.582415794 2.485015022
-0.065405671 0.489624055 -0.809627224 1.944063032
-0.013891902 0.443261665 -0.477291828 1.644961184
-0.022173979 0.452371949 -0.350888497 1.505917517
-0.023596132 0.454220748 -0.228804295 1.347208060
-0.140089806 0.628961260 -0.185653225 1.282481455
-0.200627965 0.731876132 -0.149690264 1.221344420
-0.119181765 0.577128354 -0.106348731 1.138995509
-0.091638990 0.519288530 -0.053605424 1.028234569
-0.065299108 0.458706802 -0.003415047 0.912796704
-0.003151596 0.303338022 -0.061265637 1.057423179
-0.084591115 0.531368672 -0.036509624 0.988106344
0.016830715 0.206818810 -0.021741890 0.940849594
0.075956923 -0.017860776 -0.005422756 0.878836886
0.140810319 0.294310357 -1.461637107 2.376695438
0.055459145 0.354056178 -0.765857742 1.889649891
0.041481247 0.366636286 -0.473893172 1.626881784
0.021394648 0.388731545 -0.321648236 1.459412351
0.010249612 0.403220091 -0.216944762 1.323297840
-0.055755364 0.502227555 -0.163813492 1.243600936
-0.105022081 0.585980976 -0.147468202 1.215813942
-0.021015711 0.426368876 -0.089370938 1.105429142
-0.100442296 0.593164697 -0.052239584 1.027453302
0.050117511 0.246877149 -0.090675928 1.115856891
-0.064156066 0.532561089 -0.018408301 0.935187824
0.041039055 0.238014757 -0.041801174 1.000687867
0.009293657 0.339600031 0.034021244 0.758056125
0.070356470 0.107561345 0.007004515 0.860719694
0.205189896 0.219928467 -1.435189333 2.365636868
0.076844697 0.309770105 -0.777317332 1.905126476
0.044162412 0.339184161 -0.487940195 1.644687059
0.021066226 0.364589965 -0.324427005 1.464822547
0.037038317 0.343826248 -0.224933571 1.335481086
0.077828448 0.282641051 -0.168261190 1.250472515
0.108130613 0.231127370 -0.133487928 1.191357968
0.038776263 0.362900634 -0.125854060 1.176853620
0.056366311 0.325961534 -0.068903251 1.057256926
0.020899023 0.407536296 0.015068051 0.864122936
0.010719102 0.432986096 -0.019796494 0.951284297
-0.003940164 0.474032042 -0.018741931 0.948331521
-0.006170522 0.481169187 0.040412055 0.759038764
-0.053316768 0.660324918 -0.053505379 1.115925009
0.330613722 0.107839351 -1.648226479 2.540017833
0.171410005 0.219281951 -0.842661312 1.976122226
0.104788368 0.279241423 -0.464203843 1.635510513
0.061701409 0.326637078 -0.351967937 1.512051014
0.017158683 0.384542620 -0.239229145 1.365490589
0.193262501 0.120386893 -0.165006777 1.254157037
0.207882896 0.095532221 -0.105943718 1.153749833
0.146188639 0.212751308 -0.094974075 1.132907512
0.156390332 0.191327754 -0.111749444 1.168135785
0.021310742 0.502010805 0.019185538 0.866985332
0.055249342 0.417164304 -0.056247124 1.055566989
0.038018367 0.465411035 -0.018164064 0.948934423
-0.030303205 0.684040067 0.019960804 0.826934843
0.009453670 0.532963945 -0.017196239 0.968131605
0.414532001 0.063063117 -1.608701444 2.510547984
0.217171622 0.201215380 -0.833089401 1.967619563
0.109390739 0.298218172 -0.455527793 1.627814125
0.097634529 0.311150003 -0.330593108 1.490385968
0.039712032 0.386449247 -0.246650518 1.381260605
0.335778067 -0.057649805 -0.154704415 1.243341450
0.323094841 -0.036088321 -0.113688450 1.173614308
0.216540176 0.166365541 -0.132091987 1.208581028
0.146199132 0.314081726 -0.033248953 1.001010666
0.150610769 0.303934962 -0.107586060 1.171986009
0.043922272 0.570656203 -0.003445348 0.911634228
0.030807249 0.607378266 0.002669095 0.894513788
0.035521990 0.592291097 -0.004475217 0.917375587
0.010447726 0.687573297 0.056299645 0.686431115
0.481792717 0.045313016 -1.530891152 2.466886983
0.281277167 0.185673899 -0.826209237 1.973609651
0.171841342 0.284166139 -0.472555644 1.655321426
0.111239294 0.350828393 -0.325673935 1.493751543
0.082455854 0.388246864 -0.238651576 1.380622480
0.515770491 -0.261725092 -0.164589247 1.269528986
0.485037143 -0.209478398 -0.122336193 1.197698793
0.269351996 0.200323375 -0.090234312 1.136705219
0.288096002 0.160960965 -0.071537180 1.097441243
0.135948030 0.510901294 -0.017487105 0.973126073
0.118803202 0.553763362 -0.055738696 1.068755053
0.112731132 0.570765159 0.021849269 0.851508752
-0.013123455 0.973499842 -0.003267527 0.931882502
-0.015931875 0.984171840 0.003656820 0.905569985
0.402114415 0.149650770 -1.559800599 2.510227190
0.269205735 0.242686845 -0.838480642 2.005303229
0.159194133 0.341697284 -0.523899073 1.722179824
0.100781358 0.405951339 -0.348453050 1.529189196
0.158626101 0.330753175 -0.204338383 1.341840134
0.741259279 -0.543196592 -0.143559541 1.250671872
0.643346540 -0.376744931 -0.158755240 1.276504561
0.441787997 0.006216296 -0.089321764 1.144580959
0.331927459 0.236923416 -0.080234389 1.125497472
0.257754860 0.407520388 -0.022201831 0.992022591
0.142733279 0.695074343 -0.034831967 1.023597930
0.120761068 0.756596532 -0.087905207 1.172203001
0.075680228 0.900855221 0.040507422 0.761282580
-0.072494601 1.463919563 -0.062892813 1.154203471
0.063469414 1.714735148 -1.741264566 2.653742425
-0.130388148 1.850435440 -0.921663697 2.080021826
-0.077631455 1.802954417 -0.570236309 1.763737185
-0.081346660 1.807041143 -0.392763159 1.568516716
-0.139883127 1.883138547 -0.262174544 1.398751523
-0.694129898 2.714508702 -0.192577197 1.294355502
-0.583982080 2.527257408 -0.145247035 1.213894224
-0.440360465 2.254376343 -0.120141549 1.166193802
-0.275809103 1.908818498 -0.059267268 1.038357819
-0.279200010 1.916617585 -0.023484224 0.956056819
-0.114905058 1.505880203 -0.070178719 1.072793055
-0.101790404 1.469159173 -0.035170457 0.974769925
-0.029219394 1.236931936 -0.009206237 0.891684418
0.082923179 0.810790166 0.120174668 0.400036984
-0.099497443 1.710598531 -1.783761488 2.663717025
-0.099100476 1.710320654 -0.918523724 2.058050600
-0.108566258 1.718839858 -0.569790466 1.744190676
-0.066965842 1.673079399 -0.366338026 1.520392988
-0.064457640 1.669818736 -0.222239143 1.333064447
-0.473795420 2.283825407 -0.212869295 1.319009675
-0.442243973 2.230187944 -0.138225009 1.192114384
-0.327937720 2.013006068 -0.130310105 1.177076068
-0.170416195 1.682210880 -0.063275680 1.036303781
-0.245802344 1.855599018 -0.086058656 1.088704624
-0.106528220 1.507413708 -0.001944304 0.878418744
-0.038812449 1.317809554 -0.018178667 0.923874961
0.009485683 1.163255527 0.026875540 0.779701496
0.021026136 1.119401809 -0.012192503 0.928160059
-0.196630370 1.650294965 -1.769209610 2.653390043
-0.133814820 1.606324081 -0.914272124 2.054933814
-0.086346248 1.563602367 -0.539020171 1.717207065
-0.066611791 1.541894464 -0.383517879 1.546154540
-0.035272828 1.501153814 -0.262553629 1.388901021
-0.302248525 1.901617359 -0.175715345 1.258643594
-0.308899394 1.912923837 -0.116654080 1.158239441
-0.189503499 1.686071639 -0.134908009 1.192921906
-0.163866242 1.632233403 -0.109257970 1.139056826
-0.131955115 1.558837812 -0.042711784 0.986000602
-0.068868410 1.401121048 -0.051453122 1.007853946
-0.065489396 1.391659809 0.004711746 0.850592319
0.033569341 1.074671846 -0.011042358 0.901005453
0.000548214 1.200152129 0.007085950 0.832117884
-0.141329178 1.448783104 -1.796586621 2.673511797
-0.078796153 1.405009987 -0.886933856 2.036754873
-0.051319587 1.380281079 -0.547931064 1.731652368
-0.051643867 1.380637786 -0.388378044 1.556144042
-0.037143222 1.361786948 -0.251620352 1.378359049
-0.142756666 1.520207116 -0.202119004 1.304107027
-0.205692126 1.627197400 -0.160351453 1.233102188
-0.144566349 1.511058425 -0.140353491 1.195106062
-0.028565519 1.267456693 -0.073516351 1.054748074
-0.142099227 1.528584217 -0.037891260 0.972810365
-0.010405781 1.199350600 -0.100227014 1.128649751
-0.041704466 1.286986917 0.045293261 0.721192988
-0.002120138 1.160317065 -0.031170949 0.965878464
0.046835992 0.974283776 0.036790597 0.707624593
-0.006889701 1.183943570 -1.700247031 2.580911508
-0.003735423 1.181735575 -0.841108611 1.979514624
-0.018194910 1.194749113 -0.549242366 1.716835010
-0.003817679 1.178934158 -0.373529925 1.523551322
-0.007640122 1.183903334 -0.260145006 1.376150932
-0.061535821 1.264746882 -0.187571898 1.267291270
-0.083828002 1.302643592 -0.142691186 1.190994058
-0.056357404 1.250449456 -0.103114284 1.115797945
-0.090847590 1.322878843 -0.068320318 1.042730619
-0.006551741 1.128998395 -0.115233632 1.150631240
-0.015837751 1.152213421 -0.010770362 0.889473065
-0.005488990 1.123236891 -0.008905975 0.884252780
0.002842546 1.096575974 -0.006264847 0.875801169
0.013896079 1.054572550 0.103333003 0.459329348
0.013808609 1.209136784 -1.661652426 2.575982859
0.025563242 1.200908541 -0.849486640 2.007466818
-0.015891191 1.238217529 -0.513446209 1.705030438
0.003932120 1.216411887 -0.382543343 1.561037283
0.009259579 1.209486190 -0.238497200 1.373777304
0.068556650 1.120540584 -0.190333083 1.301531128
-0.101090110 1.408940084 -0.105199851 1.156804631
0.228960596 0.781843751 -0.165132939 1.270677496
0.012784597 1.235813327 -0.083712021 1.099693576
0.061542973 1.123669065 -0.084164421 1.100734094
-0.030319696 1.353325737 -0.022557183 0.946716000
0.003310441 1.259161355 0.036908379 0.780212429
0.009496810 1.239364976 -0.055395274 1.075584125
-0.007243008 1.302976282 -0.000111237 0.865504786
0.143086919 0.980561252 -1.865925304 2.734725829
0.051435831 1.044717012 -0.880059056 2.044619467
0.040166368 1.054859529 -0.550967324 1.748436916
-0.001298190 1.100470543 -0.381375092 1.561885456
0.021443958 1.070905753 -0.267016228 1.413218939
0.157241784 0.867209014 -0.192655875 1.301678410
0.234272564 0.736256684 -0.168421627 1.260480187
0.086273582 1.017454746 -0.087826879 1.107350169
0.013017055 1.171293445 -0.083103160 1.097430358
0.130292146 0.901560742 -0.112956735 1.166093580
0.046044595 1.112179619 0.030008758 0.808679847
0.002404749 1.234371187 -0.062712863 1.068300381
0.005193155 1.225448288 0.013587974 0.824137700
-0.105305767 1.645344187 -0.012410582 0.922932210
0.129171618 0.874484654 -1.841506472 2.719256754
0.088855928 0.902705637 -0.908739025 2.066319552
0.050324786 0.937383664 -0.545531381 1.739432682
0.026924024 0.963124502 -0.404040958 1.583793213
0.015176829 0.978395855 -0.273940498 1.414662621
0.273844534 0.590394297 -0.176578718 1.268619951
0.324899074 0.503601576 -0.173072281 1.262659008
0.203991605 0.733325765 -0.120231254 1.162261058
0.144536461 0.858181563 -0.038320413 0.990248300
0.097808219 0.965656518 -0.068371578 1.059365977
0.048399774 1.089177629 -0.035486227 0.977152600
0.019450779 1.170234813 -0.046292234 1.007409420
0.009509327 1.202047462 0.053995558 0.686488479
-0.028920175 1.348079567 -0.037947597 1.035872466
0.086815958 0.827204106 -1.781661617 2.676881605
0.063781742 0.843328057 -0.877521686 2.043983664
0.060451314 0.846325442 -0.573006136 1.769919676
0.027772794 0.882271815 -0.398935818 1.578442323
0.076092463 0.819456247 -0.258590517 1.395993438
0.438548818 0.275771715 -0.202565741 1.311956274
0.449904960 0.256466273 -0.143036894 1.210757230
0.340557816 0.464225844 -0.094974969 1.119439575
0.204459976 0.750031295 -0.078664999 1.085188640
0.163806638 0.843533971 -0.076799374 1.080897703
0.054979333 1.115602233 -0.018108887 0.934171485
0.075142366 1.059145743 -0.025092506 0.953725618
0.019300980 1.237838178 0.005733968 0.855080899
0.022187234 1.226870414 0.026611389 0.775746698
-0.080385213 0.869734349 -1.774525748 2.715287977
0.047620836 0.780130117 -0.962309895 2.146736889
0.039182892 0.787724266 -0.608533476 1.828338120
0.054860731 0.770478643 -0.384048957 1.581405144
0.126964718 0.676743463 -0.282770328 1.449742931
0.699822438 -0.182543117 -0.187827304 1.307328395
0.603529431 -0.018845000 -0.173851910 1.283570225
0.422140511 0.325793943 -0.100647545 1.144481934
0.339621821 0.499083185 -0.128221481 1.202387197
0.206659983 0.804895405 0.008272825 0.888450300
0.140315714 0.970756078 -0.081489496 1.112856103
0.097303665 1.091189812 0.023516709 0.818838732
0.002198816 1.395525335 -0.045025256 1.038173025
-0.029125960 1.514559483 0.049701783 0.678210279
0.003863466 -0.002003124 -0.009663808 0.009821424
0.000717235 0.000199237 -0.002935742 0.005111778
0.000195197 0.000669072 -0.001392272 0.003722655
0.000094738 0.000779576 -0.000900242 0.003181422
0.000030911 0.000862551 -0.000591393 0.002779917
0.000107849 0.000747145 -0.000439342 0.002551842
-0.000056290 0.001026181 -0.000250394 0.002230630
0.000066670 0.000792556 -0.000064239 0.001876935
0.000049660 0.000828277 -0.000054754 0.001857016
0.000023035 0.000889516 -0.000150925 0.002078211
-0.000049207 0.001070120 0.000010703 0.001674140
0.000019150 0.000878720 0.000053268 0.001554958
-0.000024350 0.001017921 0.000083788 0.001457295
0.000286095 -0.000161770 0.000342827 0.000472946
0.001761830 -0.000321192 -0.005619058 0.006779509
0.000249480 0.000737453 -0.002205225 0.004389826
0.000013155 0.000950145 -0.001246977 0.003527402
-0.000054538 0.001024607 -0.000801910 0.003037828
0.000100170 0.000823487 -0.000540211 0.002697620
0.000074842 0.000861479 -0.000322084 0.002370430
-0.000078715 0.001122527 -0.000197078 0.002157920
0.000072235 0.000835721 -0.000222646 0.002206498
-0.000021292 0.001032128 -0.000087603 0.001922908
-0.000035302 0.001064350 0.000044453 0.001619179
-0.000000553 0.000977478 0.000023666 0.001671147
0.000172842 0.000491972 0.000086819 0.001494318
-0.000049690 0.001204074 0.000182174 0.001189184
0.000165883 0.000384896 0.000484972 0.000038550
0.000519287 0.000676292 -0.004141470 0.005734592
0.000082601 0.000981972 -0.002025906 0.004253697
-0.000152477 0.001193542 -0.001206849 0.003516546
-0.000087981 0.001122597 -0.000877931 0.003154736
0.000040576 0.000955473 -0.000529709 0.002702048
-0.000098484 0.001164064 -0.000388976 0.002490947
0.000016087 0.000969293 -0.000238447 0.002235049
-0.000007219 0.001013575 -0.000161529 0.002088905
0.000022560 0.000951037 -0.000076715 0.001910794
-0.000070387 0.001164816 -0.000075648 0.001908340
0.000155486 0.000600134 0.000017897 0.001674478
-0.000045314 0.001162374 -0.000007696 0.001746138
0.000052312 0.000849969 0.000240398 0.000952237
0.000243251 0.000124404 0.000628264 -0.000521653
-0.000247615 0.001311204 -0.004062471 0.005732780
-0.000144147 0.001238777 -0.002046456 0.004321569
-0.000155229 0.001248750 -0.001289784 0.003640565
-0.000084746 0.001171219 -0.000907025 0.003219530
-0.000033942 0.001105174 -0.000580484 0.002795027
-0.000090163 0.001189505 -0.000378384 0.002491877
0.000015553 0.001009788 -0.000224868 0.002230899
0.000042637 0.000958329 -0.000147892 0.002084645
-0.000013957 0.001077176 -0.000140158 0.002068404
-0.000071986 0.001210643 -0.000027661 0.001809662
0.000214987 0.000493209 0.000052843 0.001608401
-0.000000165 0.001095635 0.000015367 0.001713335
-0.000038108 0.001217054 0.000200948 0.001119473
0.000131457 0.000572704 0.000146694 0.001325640
-0.000362722 0.001458845 -0.004288521 0.005947111
-0.000226325 0.001363367 -0.002251235 0.004521011
-0.000290021 0.001420693 -0.001304156 0.003668640
-0.000167264 0.001285660 -0.000943204 0.003271593
-0.000074808 0.001165468 -0.000571801 0.002788769
-0.000102370 0.001206810 -0.000441654 0.002593548
0.000034270 0.000974523 -0.000161792 0.002117782
0.000001123 0.001037502 -0.000142430 0.002080994
-0.000026145 0.001094765 -0.000112019 0.002017133
0.000115628 0.000768687 -0.000109244 0.002010749
-0.000002949 0.001065129 -0.000025465 0.001801302
0.000013864 0.001018052 0.000201090 0.001166948
0.000057249 0.000879220 -0.000042045 0.001944981
0.000204738 0.000318763 0.000445132 0.000093707
-0.000180851 0.001028107 -0.003946536 0.005619763
-0.000190205 0.001034654 -0.001886248 0.004177562
0.000024705 0.000841235 -0.001338077 0.003684208
0.000014493 0.000852468 -0.000821278 0.003115728
-0.000001691 0.000873508 -0.000582799 0.002805706
-0.000005719 0.000879551 -0.000413208 0.002551319
0.000101074 0.000698001 -0.000247582 0.002269755
-0.000017141 0.000922610 -0.000099476 0.001988354
0.000032924 0.000817473 -0.000115911 0.002022868
-0.000030561 0.000963489 -0.000028608 0.001822071
0.000062617 0.000730545 0.000150029 0.001375476
0.000100077 0.000625658 -0.000004369 0.001807792
0.000064407 0.000739801 0.000128544 0.001382469
0.000151092 0.000410396 0.000446250 0.000175187
-0.000141540 0.001051180 -0.003711262 0.005440581
-0.000108259 0.001027883 -0.001755165 0.004071312
0.000019399 0.000912991 -0.001228201 0.003597045
-0.000086937 0.001029961 -0.000907062 0.003243792
0.000000526 0.000916258 -0.000616055 0.002865483
-0.000036923 0.000972432 -0.000439348 0.002600423
0.000074279 0.000783388 -0.000207402 0.002206114
0.000069060 0.000793306 -0.000186449 0.002166303
-0.000047842 0.001038800 0.000019541 0.001733725
0.000061744 0.000786751 -0.000127431 0.002071760
0.000006159 0.000925714 -0.000056793 0.001895166
0.000090559 0.000689393 0.000155844 0.001299781
0.000002042 0.000972648 0.000164843 0.001270984
-0.000093473 0.001335607 0.000396643 0.000390145
0.000115600 0.000862620 -0.004171737 0.005710322
0.000138280 0.000846743 -0.001725238 0.003997773
0.000052985 0.000923509 -0.001161056 0.003490009
0.000050500 0.000926242 -0.000757227 0.003045797
-0.000016814 0.001013751 -0.000507990 0.002721788
0.000052756 0.000909396 -0.000378304 0.002527259
0.000049311 0.000915253 -0.000224773 0.002266257
-0.000039511 0.001084015 -0.000156330 0.002136216
0.000085402 0.000821698 -0.000023750 0.001857798
0.000062513 0.000874342 -0.000063657 0.001949583
0.000008343 0.001009766 0.000089176 0.001567501
0.000201156 0.000469890 0.000143649 0.001414977
-0.000070754 0.001340001 0.000224081 0.001157593
0.000107812 0.000661450 0.000809022 -0.001065180
0.000221079 0.000818221 -0.006449890 0.007379568
0.000301848 0.000761683 -0.001985345 0.004254387
0.000098136 0.000945023 -0.001248853 0.003591545
-0.000000397 0.001053410 -0.000890454 0.003197306
0.000035434 0.001006830 -0.000563772 0.002772619
-0.000000244 0.001060347 -0.000323549 0.002412284
0.000057209 0.000962677 -0.000237413 0.002265854
-0.000024927 0.001118736 -0.000213617 0.002220641
0.000162316 0.000725526 0.000083251 0.001597217
-0.000171729 0.001493828 0.000012441 0.001760082
0.000065618 0.000900460 -0.000005612 0.001805214
0.000168941 0.000611157 0.000082662 0.001558046
-0.000093707 0.001451630 0.000344350 0.000720644
0.000085605 0.000770246 0.000397668 0.000518037
0.000527503 0.000653486 -0.011465649 0.011240512
0.000440701 0.000714248 -0.003077318 0.005368680
0.000146084 0.000979404 -0.001601564 0.004040501
-0.000056372 0.001202105 -0.001041729 0.003424683
0.000051175 0.001062294 -0.000600786 0.002851457
0.000037900 0.001082206 -0.000437416 0.002606402
0.000050958 0.001060007 -0.000256286 0.002298481
0.000053289 0.001055580 -0.000142992 0.002083223
-0.000070892 0.001316358 -0.000046659 0.001880924
0.000058026 0.001019847 -0.000055166 0.001900490
-0.000004724 0.001176722 0.000045517 0.001648782
0.000056367 0.001005668 0.000016618 0.001729700
-0.000006343 0.001206339 0.000184202 0.001193429
-0.000002786 0.001192825 0.000191746 0.001164762
0.001161720 -0.001727020 -0.009414583 0.010237318
0.000661494 -0.001376862 -0.003015325 0.005757837
0.000334329 -0.001082414 -0.001445542 0.004345033
0.000158051 -0.000888508 -0.000953637 0.003803938
0.000169520 -0.000903418 -0.000720649 0.003501053
0.000187569 -0.000930490 -0.000434579 0.003071949
0.000050491 -0.000697458 -0.000235931 0.002734246
0.000042329 -0.000681950 -0.000148632 0.002568379
0.000087272 -0.000776331 -0.000075558 0.002414923
0.000088966 -0.000780227 -0.000182998 0.002662035
0.000044081 -0.000668015 0.000181237 0.001751448
0.000064085 -0.000724025 0.000067000 0.002071311
0.000070538 -0.000744676 0.000291262 0.001353673
0.000038785 -0.000624012 0.000163583 0.001838854
0.000656397 -0.001317790 -0.005638654 0.007318136
0.000298060 -0.001066954 -0.002412865 0.005060084
0.000187285 -0.000967257 -0.001215536 0.003982488
0.000038629 -0.000803735 -0.000776142 0.003499155
0.000096463 -0.000878919 -0.000544768 0.003198368
0.000113818 -0.000904951 -0.000331668 0.002878719
0.000068293 -0.000827559 -0.000285178 0.002799685
0.000134181 -0.000952745 -0.000173494 0.002587485
0.000031046 -0.000736162 -0.000152142 0.002542646
0.000004985 -0.000676221 -0.000016318 0.002230251
0.000204325 -0.001174572 0.000101208 0.001936437
-0.000094856 -0.000336865 0.000285928 0.001419221
0.000264603 -0.001487134 0.000204038 0.001681269
0.000070939 -0.000751213 0.000438166 0.000791580
0.000438150 -0.001194075 -0.004090743 0.006161281
0.000002087 -0.000888831 -0.002054046 0.004735594
0.000060607 -0.000941499 -0.001205768 0.003972143
0.000234314 -0.001132577 -0.000928945 0.003667638
0.000114714 -0.000977096 -0.000618030 0.003263449
0.000189431 -0.001089172 -0.000370095 0.002891546
0.000157086 -0.001034186 -0.000222336 0.002640356
-0.000048808 -0.000642987 -0.000169929 0.002540783
0.000367380 -0.001516982 -0.000109905 0.002414733
-0.000037151 -0.000586560 0.000050766 0.002045188
-0.000018072 -0.000634258 -0.000047082 0.002289809
0.000064983 -0.000866813 0.000259083 0.001432546
0.000236747 -0.001416457 0.000208042 0.001595878
0.000256704 -0.001492293 0.000738708 -0.000420652
0.000135167 -0.000990278 -0.003932482 0.006034603
0.000037685 -0.000922041 -0.002153180 0.004789091
0.000021178 -0.000907185 -0.001238652 0.003966016
0.000151573 -0.001050619 -0.000900240 0.003593763
0.000121730 -0.001011823 -0.000700994 0.003334743
0.000171567 -0.001086578 -0.000422932 0.002917651
0.000201886 -0.001138121 -0.000252384 0.002627719
-0.000035807 -0.000686504 -0.000223613 0.002573054
0.000167266 -0.001112958 -0.000059550 0.002228522
-0.000100610 -0.000496843 -0.000242063 0.002648303
0.000203170 -0.001256293 0.000097926 0.001798329
0.000149125 -0.001104967 0.000107373 0.001771879
0.000135956 -0.001062827 0.000146376 0.001647068
0.000175021 -0.001211272 0.000727097 -0.000559672
0.000209440 -0.001133629 -0.004014849 0.006105403
-0.000088657 -0.000924961 -0.002144688 0.004796290
-0.000007314 -0.000998169 -0.001282273 0.004020116
0.000057477 -0.001069440 -0.000915984 0.003617199
0.000205500 -0.001261870 -0.000709772 0.003349124
0.000163461 -0.001198810 -0.000571014 0.003140986
0.000167588 -0.001205826 -0.000081580 0.002308949
-0.000130676 -0.000639126 -0.000314686 0.002751850
0.000177512 -0.001286320 -0.000036260 0.002167155
0.000113236 -0.001138485 -0.000174163 0.002484333
0.000022729 -0.000912217 0.000066649 0.001882303
0.000099142 -0.001126175 0.000020022 0.002012857
0.000149232 -0.001286463 0.000283228 0.001170600
0.000458427 -0.002461402 0.000560895 0.000115463
0.000541034 -0.000918009 -0.004025437 0.006008201
-0.000244652 -0.000368028 -0.001753845 0.004418086
-0.000155894 -0.000447911 -0.000950894 0.003695431
-0.000057081 -0.000556605 -0.000848972 0.003583316
0.000230764 -0.000930803 -0.000605736 0.003267109
0.000071194 -0.000691449 -0.000397721 0.002955088
-0.000002693 -0.000565840 -0.000166888 0.002562672
-0.000031374 -0.000511348 -0.000248678 0.002718073
0.000130899 -0.000852120 0.000019891 0.002154078
0.000087861 -0.000753132 -0.000302556 0.002895706
0.000197752 -0.001027859 0.000115777 0.001849873
0.000106858 -0.000773357 -0.000007807 0.002195907
0.000268937 -0.001292009 0.000356693 0.001029507
0.000548820 -0.002355566 0.000897922 -0.001027161
0.000355949 -0.000865167 -0.003790831 0.005784361
-0.000169259 -0.000497521 -0.001760132 0.004362871
-0.000159892 -0.000505952 -0.000921833 0.003608402
-0.000014082 -0.000666343 -0.000844617 0.003523464
0.000125622 -0.000847958 -0.000604052 0.003210730
0.000002763 -0.000663669 -0.000354667 0.002836653
0.000194630 -0.000989844 -0.000332929 0.002799698
-0.000075351 -0.000476879 -0.000188891 0.002526025
0.000089596 -0.000823268 -0.000181730 0.002510988
0.000058573 -0.000751914 0.000003601 0.002084727
0.000054607 -0.000742001 -0.000057034 0.002236314
0.000318505 -0.001480914 0.000343409 0.001115072
0.000101025 -0.000784978 0.000195049 0.001589826
0.000611335 -0.002724157 0.000652942 -0.000150168
0.000359424 -0.001036988 -0.004116540 0.005953160
-0.000101145 -0.000714590 -0.001749521 0.004296247
-0.000053819 -0.000757183 -0.000939421 0.003567157
-0.000022838 -0.000791262 -0.000779056 0.003390755
0.000125905 -0.000984627 -0.000715548 0.003308194
-0.000044069 -0.000729667 -0.000390214 0.002820193
0.000086387 -0.000951442 -0.000230447 0.002548589
0.000098147 -0.000973786 -0.000170355 0.002434416
-0.000160639 -0.000430336 -0.000159794 0.002412237
0.000095151 -0.001018652 -0.000009143 0.002065740
0.000197384 -0.001274235 0.000028245 0.001972268
0.000127552 -0.001078706 0.000138644 0.001663152
0.000138432 -0.001113522 0.000282877 0.001201606
0.000552260 -0.002686066 0.000690578 -0.000347656
0.000158884 -0.001122158 -0.005934976 0.007208140
0.000043676 -0.001041513 -0.001950148 0.004418760
0.000019842 -0.001020062 -0.000919580 0.003491249
0.000112974 -0.001122508 -0.000770791 0.003327581
0.000055866 -0.001048267 -0.000640764 0.003158546
0.000051061 -0.001041060 -0.000455413 0.002880520
0.000085691 -0.001099930 -0.000281583 0.002585009
0.000000388 -0.000937855 -0.000223196 0.002474074
0.000141386 -0.001233950 -0.000178423 0.002380050
0.000017255 -0.000948449 0.000072233 0.001803541
0.000004027 -0.000915378 -0.000083047 0.002191741
0.000076498 -0.001118299 0.000180909 0.001452666
0.000116118 -0.001245082 0.000220179 0.001327000
0.000435484 -0.002458674 0.000757559 -0.000715043
0.000285530 -0.001328697 -0.010319469 0.010526985
-0.000012805 -0.001119863 -0.002858860 0.005304559
0.000100139 -0.001221513 -0.001204647 0.003815767
0.000160457 -0.001287862 -0.000847322 0.003422710
0.000114817 -0.001228531 -0.000681538 0.003207191
0.000046617 -0.001126230 -0.000439696 0.002844427
-0.000014984 -0.001021509 -0.000300878 0.002608437
0.000023309 -0.001094264 -0.000158120 0.002337197
0.000101348 -0.001258146 -0.000093300 0.002201074
0.000081924 -0.001213471 -0.000125443 0.002275004
-0.000033863 -0.000924004 0.000109642 0.001687292
0.000143589 -0.001420870 -0.000101062 0.002277262
0.000149160 -0.001438698 0.000300217 0.000993170
0.000034824 -0.001004222 0.000253332 0.001171332
0.169361244 0.427821989 -1.591097211 2.522268700
-0.123681731 0.632952068 -0.856360844 2.007953252
-0.092685499 0.605055459 -0.523675555 1.708536500
-0.070438857 0.580584153 -0.334811926 1.500786504
-0.156673305 0.692688931 -0.309544132 1.467938372
-0.745721878 1.576261790 -0.179698126 1.273169364
-0.589312079 1.310365124 -0.161705075 1.242581175
-0.406268645 0.962582605 -0.066055083 1.060846193
-0.275313137 0.687576050 -0.096496321 1.124772789
-0.285629910 0.711304628 -0.086729804 1.102309801
-0.144351698 0.358109098 -0.059905062 1.035247946
-0.068451709 0.145589131 -0.011361686 0.899326495
-0.035929164 0.041516987 -0.013456049 0.906028457
-0.101029441 0.288898037 0.055918846 0.642403861
-0.122222908 0.604358856 -1.625639297 2.522143412
-0.154508361 0.626958673 -0.832528522 1.966965879
-0.110055182 0.586950812 -0.482894663 1.652295415
-0.085175068 0.559582686 -0.368783010 1.526772593
-0.051944094 0.516382422 -0.226527995 1.341841080
-0.474763846 1.150612050 -0.185652331 1.280527585
-0.478751905 1.157391750 -0.167987407 1.250497213
-0.322924819 0.861320290 -0.095088814 1.111989888
-0.196475489 0.595776709 -0.123145849 1.170909659
-0.210632743 0.628338394 0.001054704 0.885248393
-0.085215955 0.314796422 -0.034373408 0.973818673
-0.060186614 0.244714269 -0.047558237 1.010736193
0.013615361 0.008547947 -0.019690298 0.921558788
-0.010235455 0.099181044 0.159872556 0.239219950
-0.091969674 0.546991381 -1.653498510 2.539815475
-0.093325680 0.547940585 -0.798702884 1.941458547
-0.084200183 0.539727638 -0.493706347 1.666961671
-0.045802908 0.497490634 -0.356224903 1.515732079
-0.105376367 0.574936129 -0.234001819 1.356842077
-0.249679476 0.791390792 -0.174920219 1.268219677
-0.256665739 0.803267439 -0.185724563 1.286587062
-0.208864138 0.712444398 -0.045413093 1.019995272
-0.225496611 0.747372590 -0.048401046 1.026269973
-0.105125357 0.470518713 -0.079972427 1.098884147
-0.113807587 0.492224287 -0.014216505 0.934494342
0.003396570 0.164052653 -0.126302510 1.248335152
0.019254439 0.113307470 -0.043654647 0.983861987
0.088896142 -0.151330997 0.177635785 0.142958356
-0.049360397 0.475364299 -1.650064686 2.532476415
-0.052642974 0.477662103 -0.810420561 1.944725538
-0.022675688 0.450691546 -0.476409679 1.644115752
-0.009591136 0.436298538 -0.322315808 1.474612490
-0.021866406 0.452256389 -0.279430382 1.418861438
-0.171846110 0.677225946 -0.150239432 1.225075012
-0.190629133 0.709157085 -0.145879738 1.217663533
-0.113765042 0.563115314 -0.174706343 1.272434081
-0.105788683 0.546364960 -0.017506178 0.942313750
0.037966362 0.215728365 0.014442798 0.868831107
-0.130638203 0.637239776 -0.048780846 1.026890218
-0.010592488 0.301111780 -0.105906402 1.186841770
0.023119950 0.193231977 -0.014809174 0.895330636
0.056047368 0.068107789 0.044901076 0.668431691
0.183757853 0.260349924 -1.516255827 2.419010506
0.053940717 0.351221917 -0.775367068 1.900388383
0.052415716 0.352594418 -0.470775850 1.626256294
0.017049170 0.391497620 -0.306378713 1.445419439
0.021500582 0.385710784 -0.246691347 1.367825867
-0.117693813 0.594502377 -0.181659119 1.270277525
-0.050509441 0.480288941 -0.107830503 1.144768875
-0.050661582 0.480578009 -0.121564313 1.170863112
-0.025782281 0.428331479 -0.084856728 1.093777189
-0.067775978 0.524916981 0.027145439 0.836172209
-0.013417703 0.389021293 -0.048161355 1.024439195
-0.018821429 0.404151724 -0.075899344 1.102105563
0.070269914 0.119059424 0.044305630 0.717449640
0.095448909 0.023379242 -0.049632940 1.074416199
0.185515594 0.230307574 -1.449492660 2.373797996
0.077921753 0.305623261 -0.771331833 1.899085425
0.051908630 0.329035071 -0.488465908 1.644506100
0.026915530 0.356527481 -0.317941422 1.456929161
0.028309070 0.354715879 -0.210965822 1.317860886
0.108602170 0.234276229 -0.163425168 1.246549906
0.071214016 0.297836093 -0.104894974 1.147048572
0.063935988 0.311664346 -0.184902913 1.299063655
0.011713204 0.421332187 -0.032538764 0.979098956
0.048019279 0.337828218 -0.009717343 0.926609689
0.033559507 0.373977648 -0.069524856 1.076128471
-0.034621275 0.564883833 -0.128218501 1.240470675
0.047511565 0.302058740 0.080332371 0.573107873
-0.021064543 0.562647950 0.054777193 0.670217549
0.346513411 0.098342528 -1.620579459 2.523432601
0.180663626 0.214437375 -0.856006196 1.988231327
0.095800735 0.290813976 -0.486029271 1.655252102
0.044292823 0.347472679 -0.323922750 1.476934926
0.001926422 0.402548999 -0.238709989 1.366158340
0.221107102 0.073777978 -0.137719777 1.214673023
0.230967783 0.057014821 -0.172054233 1.273041600
0.124383017 0.259525873 -0.051244516 1.043503139
0.176245826 0.150613979 -0.039430549 1.018693811
0.009459553 0.534222400 -0.014693436 0.961798451
0.039466626 0.459204718 -0.036775674 1.017004048
0.027446591 0.492860814 -0.146964604 1.325533047
0.085566256 0.306877883 0.060381005 0.662027087
-0.136526459 1.150830189 0.041407796 0.734125279
0.403746689 0.070580500 -1.620462037 2.517981458
0.208095921 0.207536036 -0.807697225 1.949046099
0.123410345 0.283753052 -0.479497199 1.653666084
0.085792572 0.325132602 -0.327035902 1.485958653
0.058507458 0.360603249 -0.254273950 1.391368119
0.335985640 -0.055614023 -0.161470732 1.252163293
0.306914558 -0.006193183 -0.115645867 1.174261020
0.233441973 0.133404728 -0.044780390 1.039616614
0.110128198 0.392363644 -0.041279783 1.032265341
0.136715737 0.331212304 -0.046744037 1.044833126
0.054289310 0.537278372 -0.112756111 1.209863310
0.110000197 0.381287892 0.014810857 0.852675806
0.113621472 0.369699812 -0.016294323 0.952212382
-0.024570675 0.894829963 0.018947722 0.818292614
0.472815065 0.050703720 -1.524075361 2.461640999
0.291834044 0.177390433 -0.829216291 1.975239659
0.157771520 0.298046701 -0.474226958 1.655749268
0.090846303 0.371664441 -0.317802543 1.483682407
0.134379832 0.315070856 -0.239224377 1.381530795
0.492774429 -0.222521039 -0.139203038 1.231498788
0.473066142 -0.189016950 -0.129202352 1.214497621
0.270761050 0.195362718 -0.095781420 1.150997851
0.291638901 0.151519234 -0.043904771 1.042056892
0.181717829 0.404337693 0.032958082 0.865272333
0.111300764 0.580380356 -0.075750562 1.137043943
0.031102292 0.804936074 -0.047888297 1.059029605
0.049990324 0.744494371 -0.016574763 0.958826293
-0.059930164 1.162192221 -0.106781131 1.301610489
0.373390041 0.168923099 -1.544446441 2.501130090
0.277546661 0.236013464 -0.849497965 2.014666165
0.164365431 0.337876568 -0.509529588 1.708694635
0.100950039 0.407633501 -0.335337640 1.517083487
0.149430597 0.344608778 -0.249335706 1.405280978
0.694284274 -0.472671737 -0.110605333 1.197185417
0.682379251 -0.452433199 -0.123366162 1.218878827
0.469708909 -0.048359553 -0.119365496 1.211277563
0.357640598 0.186983888 -0.055018054 1.076147941
0.314270183 0.286735841 -0.024898046 1.006871924
0.128464719 0.751249501 -0.059858967 1.094274227
0.106769477 0.811996179 -0.074369443 1.134903557
0.048686075 0.997863067 0.018886827 0.836483488
-0.190543693 1.906936173 -0.028057324 1.014871260
0.014458300 1.747701227 -1.740664943 2.658261291
-0.115104325 1.838395063 -0.951910672 2.106133311
-0.104547714 1.828894113 -0.556774007 1.750510321
-0.059698245 1.779559697 -0.383172172 1.559548299
-0.136093465 1.878873478 -0.274924570 1.418826422
-0.704287719 2.731164859 -0.191850020 1.294214597
-0.569793190 2.502524153 -0.154281910 1.230348807
-0.469122697 2.311250219 -0.105798580 1.138230483
-0.279864006 1.913806987 -0.018571015 0.955052603
-0.193523718 1.715224330 -0.075658840 1.086354598
-0.226221121 1.796967835 -0.046016581 1.012248952
-0.051856625 1.308747254 -0.068403466 1.074932228
-0.062945296 1.344231005 0.057559718 0.671850033
0.003106594 1.093233823 -0.017286242 0.956264678
-0.107735402 1.721643332 -1.796501982 2.672601873
-0.134739884 1.740546469 -0.904449874 2.048165408
-0.083743314 1.694649557 -0.575981599 1.752543968
-0.058161041 1.666509057 -0.340095284 1.493069016
-0.103923058 1.725999676 -0.270683105 1.402833186
-0.487205270 2.300922994 -0.183067576 1.271409893
-0.407828834 2.165983050 -0.142946294 1.203203712
-0.325068948 2.008739267 -0.133948672 1.186108230
-0.211111853 1.769429379 -0.069638772 1.051057446
-0.169454773 1.673618096 -0.033023946 0.966843347
-0.114978968 1.537428584 -0.093462879 1.117940682
-0.052960800 1.363777719 -0.021437103 0.916268512
-0.044518120 1.336761142 0.094266251 0.546017773
0.104171789 0.771739494 0.022080169 0.820324879
-0.206959856 1.658312267 -1.799323070 2.671523923
-0.137766608 1.609876994 -0.895754748 2.039026108
-0.074741226 1.553154153 -0.552714335 1.730289745
-0.079271226 1.558137152 -0.364766847 1.523547504
-0.055382239 1.527081470 -0.259286997 1.386423704
-0.274751121 1.856134793 -0.207244704 1.308360264
-0.307390800 1.911622249 -0.149273926 1.209809938
-0.196366380 1.700675855 -0.106854775 1.129213552
-0.265606578 1.846080264 -0.086837092 1.087176420
0.002839565 1.228654148 0.032481841 0.812742878
-0.044324405 1.346564072 -0.063299944 1.052197342
-0.001645684 1.227063655 -0.140412267 1.268111844
-0.078757418 1.473821207 0.096945182 0.508567995
0.022865386 1.087654557 -0.021005721 0.956781421
-0.168393860 1.465621834 -1.838645449 2.705014224
-0.080091958 1.403810503 -0.882427745 2.035661843
-0.049333561 1.376127947 -0.575983983 1.759862464
-0.037261261 1.362848417 -0.347557192 1.508592989
-0.020728702 1.341356091 -0.273400480 1.412189267
-0.207799027 1.621961579 -0.221934862 1.334990839
-0.123378083 1.478445968 -0.117751700 1.157879460
-0.165181815 1.557873059 -0.128508256 1.178316916
-0.141537752 1.508220529 -0.029097491 0.969554318
-0.003820657 1.191471217 -0.137287942 1.218392350
-0.059582799 1.330876573 -0.004800360 0.887173396
-0.064812883 1.345520808 -0.097427494 1.146529366
0.068304152 0.919546288 0.020601355 0.768837043
-0.032785239 1.303685969 -0.003330484 0.859778032
-0.011052490 1.185699165 -1.715239985 2.586596480
-0.017036201 1.189887763 -0.806638050 1.950575137
0.005741118 1.169388176 -0.556264983 1.725239383
-0.005421640 1.181667211 -0.371760859 1.522284842
0.004559158 1.168692173 -0.235786084 1.345517640
-0.095342375 1.318544473 -0.167024692 1.242375553
-0.017099983 1.185532402 -0.173539283 1.253450358
-0.137525250 1.414340407 -0.139065137 1.187949480
-0.026333326 1.180837377 -0.125289828 1.159021333
-0.043674101 1.220721159 0.024316603 0.814926549
-0.037153170 1.204418833 -0.014745794 0.912582542
-0.032710127 1.191978312 -0.089404562 1.121627088
0.047718095 0.934607996 0.046574183 0.686495099
-0.010485650 1.155782225 0.125015534 0.388417967
-0.008563400 1.222615421 -1.710514528 2.609714023
0.040460827 1.188298463 -0.840248516 2.000527824
-0.013329384 1.236709651 -0.562023386 1.750125215
-0.007881525 1.230717007 -0.337289096 1.502917490
0.025652045 1.187123367 -0.280365281 1.428916533
0.031524293 1.178314995 -0.162572524 1.252227397
0.069812561 1.113224937 -0.157194194 1.243084236
0.085949929 1.082563940 -0.107727983 1.149098437
-0.007855294 1.279554899 -0.045736123 1.018915537
0.161227545 0.890664376 -0.117209824 1.183305045
0.025445624 1.230119179 0.032352413 0.809399453
-0.071561021 1.501737782 -0.071702880 1.100754269
-0.016002459 1.323950379 0.007759930 0.846473272
-0.036096277 1.400306887 -0.027547704 0.980642279
0.157104144 0.972128208 -1.873741262 2.743604597
0.053627494 1.044561861 -0.900159532 2.062097397
0.032638900 1.063451596 -0.516579028 1.716874953
0.008463267 1.090044793 -0.434263504 1.626327875
0.028254383 1.064316342 -0.252718269 1.390319078
0.164545735 0.859879314 -0.191291525 1.298178962
0.191153952 0.814645344 -0.165541231 1.254403461
0.087337525 1.011896553 -0.154652949 1.233715725
0.066074713 1.056548456 0.000109076 0.908715487
0.101086473 0.976021410 -0.158980749 1.274622077
0.094093099 0.993504844 0.028209095 0.806647468
0.018714066 1.204566134 -0.069176538 1.079327236
-0.136865797 1.702421702 0.094340359 0.556073156
0.051646683 0.986074289 -0.019756706 0.989641998
0.179269026 0.841097260 -1.832544317 2.714608903
0.084096496 0.907718030 -0.912253911 2.070405630
0.049835432 0.938552988 -0.546612013 1.741327930
0.006612840 0.986097840 -0.409763602 1.590794675
0.061929509 0.914186172 -0.275481874 1.416228434
0.267745193 0.605462647 -0.204933237 1.310405479
0.320954438 0.515006928 -0.142692379 1.204596017
0.128998206 0.879723762 -0.079029827 1.083637170
0.188093141 0.755624406 -0.086439231 1.099196919
0.134252874 0.879457017 0.047073353 0.792117981
0.042276389 1.109398229 -0.103709913 1.169076146
0.077646356 1.010362323 -0.053313064 1.027964971
0.001558066 1.253844856 -0.028370226 0.948147889
-0.088217264 1.594991104 0.259120852 -0.144318195
0.130813130 0.801004287 -1.807465661 2.695850188
0.050579312 0.857167958 -0.903869325 2.063332763
0.046407867 0.860922258 -0.550225246 1.745053101
0.052828212 0.853859879 -0.395181916 1.574505434
0.066168889 0.836517000 -0.269411738 1.411004209
0.468847342 0.232499320 -0.169620175 1.261316865
0.384788651 0.375399099 -0.167861939 1.258327862
0.280032854 0.574435110 -0.058636686 1.050799885
0.351315057 0.424742491 -0.106160913 1.150600758
0.037268987 1.147048436 -0.157651566 1.269029255
0.167684979 0.821008457 0.040598717 0.773403549
0.031207196 1.203146242 -0.004472284 0.899602350
0.009271305 1.273341094 0.010554395 0.851516976
-0.068076555 1.567262960 -0.049231875 1.078704798
-0.054915551 0.849212767 -1.775683866 2.714589589
0.054624084 0.772535024 -0.951402840 2.137592880
0.064522907 0.763626084 -0.611628148 1.831795666
0.036082877 0.794910118 -0.382193464 1.579417507
0.140747096 0.658846637 -0.308454559 1.483556935
0.671469111 -0.137236385 -0.164784154 1.268051327
0.616904718 -0.044476914 -0.195135842 1.319649198
0.397567891 0.372263052 -0.156979617 1.247152372
0.407937668 0.350486522 -0.011571643 0.941795640
0.054313528 1.163822028 -0.107600961 1.162663068
0.178933569 0.852271923 -0.006685457 0.910374306
0.152056777 0.927526940 -0.055859076 1.048060437
0.038469043 1.291007696 -0.023353700 0.944043232
0.007150323 1.410018830 -0.077982922 1.151634275
