7.604704009 -3.393037132 1.965518442 1.196512468 -7.158212545 -0.225423429 0.016889670 
-3.046136078 2.009014412 -0.926935971 -0.849783223 0.184979464 -0.015320188 3.549877246 
0.906548528 -0.830326450 0.015996169 0.456102986 -0.443637167 -0.118488418 0.011256941 
-2.213248489 1.555687559 -0.701258213 -0.632129855 0.128458854 -0.009884637 2.772364998 
5.063283867 -2.211608787 1.352273740 0.765910906 -4.832849876 -0.143599696 0.010832763 
0.449336855 0.488378225 0.073299878 -0.282495615 0.063181698 -0.004776765 0.114593055 
6.941308438 -3.083904184 1.856983870 1.106396688 -6.617965874 -0.214611300 0.016549576 
-2.720040644 1.879948003 -0.795027247 -0.791013478 0.167796759 -0.013593898 3.173415270 
2.509783904 -1.109264300 0.673935990 0.390795325 -2.392955136 -0.073843340 0.005501556 
-1.947899865 1.571423514 -0.556391170 -0.688922292 0.149819709 -0.012439127 2.385584387 
2.496039645 -0.951323741 0.722976523 0.266096638 -2.491913413 -0.037816235 0.002131581 
0.780675655 -0.213072316 -0.137401308 0.162292640 -0.052644224 0.005907009 0.357446759 
-3.941761632 1.631696870 -1.114071796 -0.540513038 3.873334224 0.095054759 -0.006432915 
3.383262821 -1.231904098 0.607570155 0.458861543 -0.094217989 0.007748970 -2.224822764 
-1.586219676 0.394763002 -0.596986385 -0.032904902 1.830097678 -0.014370480 0.002525698 
1.178399577 0.028011110 0.121211371 -0.114409252 0.033848676 -0.003017901 -0.336875626 
8.915560773 -4.258183926 2.172322522 1.611477630 -8.136072838 -0.325758080 0.025920497 
-0.440855895 1.030362536 -0.184999812 -0.594566845 0.150129575 -0.013336317 0.961781561 
5.942575710 -2.699762009 1.488202054 0.972747612 -5.520321607 -0.192986541 0.015555165 
-3.578224293 1.999788960 -1.295752226 -0.809252162 0.176366932 -0.014874205 4.434968165 
-0.160136837 0.002227144 -0.087337751 0.017848300 0.238493073 -0.005637309 0.000524517 
6.232881499 -2.572427272 1.291334744 0.974629355 -0.200767055 0.016593998 -4.799985521 
-0.088713468 -0.521673023 -0.282364581 0.413766800 0.588242415 -0.126133792 0.013281989 
3.520707731 -1.161781793 0.685232960 0.384948363 -0.070819408 0.005516075 -2.430155863 
-0.995109637 0.139333237 -0.393944656 0.076607336 1.205038242 -0.040027196 0.004935735 
-1.003176374 0.830091553 -0.519702590 -0.308134617 0.057711480 -0.003946133 1.878612764 
2.407328002 -1.349958861 0.505769586 0.583869676 -2.030544585 -0.131422641 0.011495584 
0.568454127 0.305958763 -0.011283510 -0.194800152 0.050902831 -0.004594084 0.215541873 
-3.854007859 1.842113293 -0.949302807 -0.695216577 3.526222009 0.136378975 -0.010152024 
5.515773267 -2.190803650 1.150211898 0.810827145 -0.163886022 0.013355913 -4.206167100 
2.453493844 -0.797580402 0.805535308 0.173433838 -2.618170633 -0.013582727 -0.000110627 
6.169885192 -2.490495256 1.323393156 0.943126364 -0.194501409 0.016018916 -4.834340521 
5.883512168 -2.352692541 1.679118212 0.718926452 -5.820353580 -0.114363476 0.007173613 
7.818041897 -3.178509913 1.743250947 1.131148043 -0.214723977 0.015947879 -6.382310245 
-6.081575405 2.654345174 -1.593592931 -0.923238274 5.771716163 0.172018703 -0.012662312 
7.795465567 -3.234541302 1.736576558 1.199942775 -0.240745050 0.019272597 -6.346058541 
-2.271899560 1.095449513 -0.559233764 -0.428655607 2.079708108 0.088117171 -0.006932946 
3.508533968 -1.271643534 0.628593246 0.479100830 -0.099356563 0.008479913 -2.329667533 
-3.242033083 1.377742159 -0.893711616 -0.487658421 3.148576415 0.096353043 -0.007774675 
-3.410960002 1.870909985 -1.208936578 -0.682988730 0.133124699 -0.010137125 4.232557030 
-4.990315004 2.100762411 -1.399019915 -0.698605358 4.866063704 0.121988947 -0.008562244 
36.468864307 -15.659634158 9.500902584 5.576236850 -1.071057742 0.081660125 -33.880840424 
-7.661993449 3.614877787 -1.951355725 -1.385132381 7.116026931 0.283641802 -0.023044380 
45.112825431 -19.322028709 11.868702247 6.830822190 -1.306407689 0.099734226 -42.263614113 
-3.903804722 1.932044387 -0.908982025 -0.754497787 3.481297880 0.154923123 -0.012608083 
39.027076290 -16.603521913 10.215192968 5.839265689 -1.111372341 0.084458844 -36.430830884 
-6.375519286 2.989377569 -1.595229580 -1.125054673 5.886938060 0.224745701 -0.017660394 
44.479354199 -19.385868269 11.414708623 6.959078873 -1.348315142 0.103815427 -41.200256467 
-4.663457965 2.058193088 -1.227250555 -0.722547815 4.425251217 0.134172756 -0.009723417 
43.327092736 -18.973649718 10.969642534 6.818867180 -1.321115069 0.101663668 -39.889610662 
-4.642126747 2.076388999 -1.237108781 -0.752651752 4.418505986 0.148327403 -0.011596690 
39.165036394 -17.103005341 9.869659146 6.138767435 -1.187160204 0.091204642 -35.944708023 
-2.952860688 1.187495657 -0.839579506 -0.381784097 2.919229601 0.067173055 -0.004758679 
36.939797771 -15.868826012 9.346756045 5.594209607 -1.063637819 0.080600022 -34.002546765 
-6.931437016 3.118001541 -1.838883387 -1.132797419 6.578181432 0.221195453 -0.017037212 
40.421178423 -17.346332461 10.495614958 6.152500110 -1.181449853 0.090560171 -37.607209129 
-3.722586706 1.900531601 -0.860653814 -0.774238337 3.298351399 0.167955273 -0.014109340 
36.012419280 -15.326559969 9.421250044 5.435579690 -1.048075989 0.080730294 -33.552856606 
-2.607146213 1.241294770 -0.646804913 -0.477254122 2.386503074 0.097536131 -0.007483736 
43.354506350 -18.513931370 11.430409743 6.539995980 -1.251875326 0.095712327 -40.629621224 
-3.426839048 0.796336238 -1.308355534 -0.053414452 4.011186067 -0.028858379 0.004552729 
29.044802223 -12.179322902 7.583441563 4.261037475 -0.810223738 0.061516278 -26.936536955 
-3.620390215 1.855586086 -0.818507725 -0.752908796 3.176365644 0.159061795 -0.013189866 
22.966183455 -9.632094815 5.836687757 3.379448950 -0.639816408 0.048176503 -20.949827263 
-5.156319462 2.513041013 -1.219788394 -0.966268691 4.632998871 0.194692422 -0.015407401 
31.256119610 -13.604846852 7.863711508 4.904987417 -0.955182634 0.074000628 -28.521138701 
-12.349069099 5.687825967 -3.134629426 -2.097207902 11.492748938 0.412469176 -0.032078073 
49.726914546 -22.343722758 12.358944887 8.157668751 -1.591967792 0.122599750 -45.398818317 
-7.089233742 3.251669616 -1.787278502 -1.177978937 6.587930446 0.225288579 -0.016968265 
37.409894066 -16.535036240 9.283549389 5.991055605 -1.166964901 0.090127224 -34.051543025 
-4.531296249 2.023414406 -1.182538741 -0.724710294 4.282486983 0.139695812 -0.010664804 
38.671665676 -17.178809415 9.495274096 6.218605592 -1.204291836 0.092046777 -35.070492568 
-4.524998817 1.977356881 -1.199263647 -0.703738404 4.312160149 0.137142250 -0.010554521 
38.607093675 -16.930259590 9.649372790 6.077342720 -1.173478758 0.089970173 -35.298131411 
-6.290504732 2.960263059 -1.557848022 -1.113869786 5.784401152 0.223964872 -0.017660965 
33.159905103 -14.373573031 8.257051502 5.111451619 -0.979464655 0.074758582 -30.228871503 
1.423794342 -0.708410432 0.358556493 0.279151834 -1.310131961 -0.057346054 0.004850798 
39.155551482 -17.089831514 9.919778884 6.131421105 -1.185262080 0.091040986 -36.000862921 
3.966105981 -1.783618830 1.063406977 0.647027513 -3.787087546 -0.124981770 0.009579101 
41.048660949 -17.557183512 10.743309746 6.209077831 -1.190490227 0.091082471 -38.319461718 
-14.646769879 7.037480262 -3.569326871 -2.711435545 13.379386793 0.556375052 -0.044762242 
-4.055063036 2.318107740 -1.349107541 -0.945983697 0.206132119 -0.017400195 4.750172431 
-4.562781516 2.063112706 -1.157902865 -0.756717598 4.271480329 0.151307145 -0.012056997 
-5.996506910 3.242823392 -1.775055959 -1.267351749 0.260602582 -0.020908955 6.457879027 
7.038059820 -3.002758205 1.941763374 1.015813877 -6.821549598 -0.183833620 0.013194575 
-2.313304725 1.740574207 -0.690430170 -0.748100883 0.154885745 -0.011716062 2.770310083 
7.063686624 -3.096150407 1.890949211 1.091465303 -6.754619749 -0.208583569 0.015970954 
0.621713339 0.290086698 0.038382742 -0.169732337 0.034465668 -0.002157760 0.091534854 
7.123159308 -3.364172610 1.783734436 1.274209095 -6.580411712 -0.257451609 0.020377630 
0.594488812 0.411290055 0.099484582 -0.263938463 0.066475216 -0.006036152 0.000381703 
0.551006665 -0.123566377 0.153458677 -0.026759888 -0.571472245 0.019962961 -0.002513201 
0.671205977 0.121798687 -0.040744905 -0.081996410 0.021660632 -0.002024935 0.213904674 
-2.971201210 1.243768673 -0.839890296 -0.426230599 2.912266720 0.081084598 -0.006351145 
0.718629162 -0.122014043 -0.153014882 0.093412045 -0.031029645 0.003421521 0.396754148 
-4.185153113 1.717389037 -1.160216306 -0.557093890 4.090145852 0.094999801 -0.006443428 
-1.979039776 1.473234470 -0.701345300 -0.642142820 0.135276122 -0.010505085 2.629218774 
2.823859576 -1.362696667 0.737724840 0.535884480 -2.623140994 -0.116876600 0.010210997 
-4.236323368 2.785294456 -1.180384453 -1.264684177 0.290266436 -0.024998257 4.537198439 
0.655142554 -0.079202395 0.320274960 -0.053516512 -0.850986573 0.020029257 -0.001728230 
-5.520598505 2.826985270 -1.823026944 -1.084707275 0.224754985 -0.018265546 6.306940393 
0.816398895 -0.436906557 0.102294461 0.156088827 -0.609086033 -0.027848336 0.002023063 
4.552019351 -1.818965197 0.841370620 0.699488504 -0.145899551 0.012237049 -3.198047958 
-4.892802980 1.986685563 -1.433851771 -0.651704450 4.882317280 0.113304850 -0.007494489 
2.469221715 -0.776565113 0.380317316 0.294200152 -0.065215581 0.006041628 -1.376512814 
-0.889544806 0.027391971 -0.417746724 0.131690821 1.192999995 -0.052038263 0.005941972 
-1.176714967 0.831562885 -0.578607360 -0.263605644 0.037507786 -0.001423969 2.080878032 
-0.924453161 0.296139612 -0.309016434 -0.083351918 1.006721231 0.014025989 -0.000927563 
-1.223952813 1.244463883 -0.424404930 -0.589271673 0.138466496 -0.012239367 1.797343310 
-1.023736924 0.639662649 -0.157514737 -0.291741549 0.774318620 0.064962075 -0.005182344 
5.626450405 -2.179787174 1.213212080 0.787100885 -0.155878709 0.012468658 -4.374141443 
-1.083427609 0.974712778 -0.029638323 -0.540284008 0.553268434 0.139885682 -0.013004548 
0.891729037 0.018156581 -0.006903619 -0.019498494 0.004610149 -0.000435187 0.043470338 
10.262316784 -4.609417235 2.699221258 1.646660602 -9.707175547 -0.315248078 0.024140865 
12.457460933 -5.640556395 2.782922996 2.174729200 -0.448328517 0.036415116 -10.428784352 
-9.232103409 3.972880006 -2.470971525 -1.355831438 8.842123248 0.246238970 -0.017616446 
9.480335119 -4.065011210 2.145373182 1.523071761 -0.305158184 0.024011966 -7.872834311 
-2.316076834 1.018039683 -0.628447658 -0.358622294 2.219439948 0.065145543 -0.004412155 
4.934424884 -2.114638036 0.906700499 0.872032008 -0.195296626 0.017403295 -3.494947076 
-2.267276604 0.922365986 -0.678304280 -0.325398829 2.279155235 0.065916403 -0.005459295 
-0.890641465 0.640917027 -0.587175354 -0.195240617 0.028341022 -0.001187111 1.929836323 
-8.140441065 3.607629389 -2.203826493 -1.296555071 7.801818043 0.252277466 -0.019769731 
29.019260193 -12.296888208 7.492158819 4.342912343 -0.828625363 0.062720096 -26.776701966 
-5.792576655 2.621944053 -1.507666986 -0.939395989 5.456561945 0.175850856 -0.012883413 
39.210577164 -16.652783632 10.246415372 5.833833699 -1.104808470 0.083467982 -36.597736626 
-5.848250822 2.778561061 -1.426628334 -1.037577035 5.342447792 0.203320983 -0.015678592 
44.522386444 -19.238055051 11.545459019 6.851159801 -1.321080675 0.101928621 -41.440655097 
-5.851330870 2.876637310 -1.388136236 -1.117843469 5.267716372 0.229338403 -0.018531669 
42.650914949 -18.664155145 10.776584652 6.700399228 -1.297218676 0.099911035 -39.241474361 
-8.710743428 4.136855674 -2.151703919 -1.563385506 8.001355595 0.312877457 -0.024546830 
38.943886876 -17.171378564 9.656673596 6.214048757 -1.213227667 0.094454811 -35.493287099 
-5.394618501 2.529307490 -1.374236566 -0.958950348 5.020188298 0.195295870 -0.015586151 
38.939129173 -17.096178204 9.709557406 6.142044155 -1.182934448 0.089993161 -35.570780940 
-3.732279376 1.727601901 -0.959170094 -0.654589753 3.492999195 0.135073113 -0.011050362 
40.951447817 -17.840789327 10.300401955 6.374087483 -1.230477934 0.094804278 -37.620951393 
-6.376268559 2.830934217 -1.717552355 -1.017684135 6.097461605 0.196932974 -0.014965225 
37.475371856 -16.178557804 9.619637240 5.788742375 -1.122102714 0.086761532 -34.646390467 
-4.618115415 2.140310841 -1.178194689 -0.791599195 4.297722472 0.156858156 -0.012252884 
37.427622907 -15.940622870 9.774871676 5.632979669 -1.077730101 0.081891228 -34.877297234 
-4.593535256 2.109491047 -1.203923447 -0.792790809 4.317105112 0.162847695 -0.013241628 
40.383861093 -17.239030163 10.582482860 6.088533095 -1.165015949 0.089114883 -37.715093472 
-4.345293446 1.285385133 -1.528481617 -0.282471534 4.834519924 0.030560428 -0.001567773 
28.501787084 -12.013811014 7.380305504 4.216818098 -0.800393325 0.060142101 -26.316586517 
-6.986418169 3.404878869 -1.676278117 -1.321353805 6.313448397 0.269138782 -0.021546828 
19.820587844 -8.294618694 4.981077432 2.939525648 -0.565521901 0.043362189 -17.916835818 
-3.760489417 1.970950713 -0.799491957 -0.799964343 3.216267107 0.166382529 -0.013457850 
31.724898810 -13.853933309 7.968301122 5.013077792 -0.978808751 0.076025250 -28.929669073 
-10.810553923 4.922632317 -2.781072633 -1.801792460 10.125765232 0.350707360 -0.026759958 
39.804907209 -17.376115702 10.057045665 6.203049488 -1.188725266 0.090358139 -36.566439655 
-6.987695633 3.227956519 -1.749039748 -1.185396164 6.468653548 0.231170677 -0.017685885 
35.868940574 -15.945069009 8.828927902 5.821929538 -1.144360722 0.089198412 -32.499693832 
-6.926502329 3.104818264 -1.828621262 -1.125223765 6.568724984 0.220318773 -0.017107154 
39.463268589 -17.863174084 9.562330731 6.613668509 -1.314648692 0.103380839 -35.543020649 
-6.974153358 3.281505664 -1.739257702 -1.248726515 6.433256554 0.256412762 -0.020870406 
31.761075247 -13.994069213 7.698590771 5.035791164 -0.969233209 0.073746823 -28.585371781 
-6.985468719 3.237423635 -1.756772519 -1.195332329 6.468678329 0.235509903 -0.018242664 
35.211449522 -15.341512477 8.764896442 5.466575339 -1.045476037 0.079247895 -32.111743828 
-1.837000327 0.860998533 -0.458649399 -0.326666115 1.691306181 0.064768489 -0.004649032 
35.145383849 -15.218044149 8.871633206 5.405539836 -1.031364050 0.078070918 -32.229895545 
-1.813090433 0.819222100 -0.491341366 -0.312472077 1.723739196 0.066216149 -0.005506420 
43.949884046 -18.595440539 11.657559011 6.470851131 -1.214412332 0.090607175 -41.333328894 
