4.740535682 -2.102662454 1.201435845 0.715912911 -4.431418945 -0.126506334 0.008634066 
-2.211656707 1.331373070 -0.941967538 -0.517672042 0.108103037 -0.008629088 3.165988335 
-3.109615269 1.187907718 -0.947903771 -0.367344220 3.173835334 0.063503192 -0.004559446 
-4.495076832 2.482668443 -1.404423706 -0.949588021 0.190393184 -0.014875020 5.110514328 
8.632958542 -4.134300050 2.136576716 1.572073038 -7.914218742 -0.314477061 0.024391647 
-0.510780574 0.673389784 -0.337297800 -0.270300761 0.049556601 -0.003336032 1.321258481 
2.172101395 -0.741197502 0.704118547 0.197202860 -2.297676871 -0.031525803 0.002404737 
-0.505030639 0.814819237 -0.290613627 -0.412140627 0.103210439 -0.009877684 1.224953450 
-1.311029057 0.810378601 -0.225791741 -0.373040473 1.024954010 0.085036458 -0.007419359 
-6.808989202 3.967754027 -1.766816914 -1.646526076 0.352245916 -0.029020124 6.853334166 
-1.282177953 0.770021037 -0.257357738 -0.351634422 1.054671274 0.078039460 -0.006442222 
-0.419968758 0.491309541 -0.415797391 -0.172659678 0.030664796 -0.002184713 1.416529991 
-1.172490475 0.281351452 -0.437126800 -0.010939923 1.349642130 -0.014604597 0.002244823 
2.443512500 -0.853656004 0.294314398 0.329112016 -0.069501837 0.005748408 -1.222755232 
2.455820380 -1.439841422 0.473315595 0.638134189 -1.999596446 -0.142606954 0.011995867 
2.515827418 -0.981219102 0.227772700 0.380404975 -0.078048518 0.006127761 -1.142864912 
6.937120950 -3.322491494 1.700274861 1.276361091 -6.342907987 -0.266044646 0.021797618 
2.534151154 -0.673382830 0.291483097 0.063660524 0.034769789 -0.006229879 -1.314931488 
6.883430147 -2.951302781 1.814281629 0.976363045 -6.554073042 -0.173980353 0.012481177 
-0.607060750 0.191395554 -0.830910413 0.004531556 -0.009331727 0.001526055 2.186645316 
-2.669695092 1.308906403 -0.672433443 -0.520608581 2.457107115 0.106510210 -0.007954943 
2.176928813 -0.808163756 0.097269598 0.323764908 -0.065897349 0.005201552 -0.767042764 
-7.292431177 3.071153789 -2.018452190 -1.024998909 7.091302406 0.179347770 -0.012108640 
6.846879135 -3.160754182 1.299690366 1.315188849 -0.291008157 0.025236403 -5.081635866 
-2.376394516 0.987947125 -0.658227670 -0.327542033 2.318412673 0.056505770 -0.003607268 
2.767370410 -0.936564725 0.412108598 0.355510396 -0.075570438 0.006550238 -1.575244302 
4.913911708 -2.496747311 1.163770564 1.006841649 -4.394231848 -0.213378488 0.017631065 
2.739335638 -0.796281484 0.472029341 0.241314422 -0.037051459 0.002073236 -1.669539707 
0.126319555 -0.072152068 0.049226612 0.046965305 -0.138163331 -0.016979695 0.002253780 
9.306406564 -4.059631459 2.059238423 1.539243879 -0.309157971 0.024122909 -7.609701123 
5.653810198 -2.416181155 1.534853436 0.809847976 -5.441816424 -0.145488532 0.010532946 
0.994871057 -0.166379961 -0.064834513 0.091671273 -0.026137664 0.002728647 0.119706306 
5.702145030 -2.517701388 1.482765494 0.855178868 -5.377813508 -0.150972919 0.010550644 
1.029032610 -0.295615807 -0.116907505 0.169477886 -0.044797387 0.004182313 0.204131523 
-8.503841167 4.073649992 -2.074339604 -1.559641433 7.761813525 0.317529816 -0.025272716 
4.688548843 -1.859763722 0.888731170 0.695139256 -0.135652748 0.010222353 -3.340601011 
-0.832032081 0.476457403 -0.181907666 -0.222850698 0.710419034 0.051706175 -0.004292970 
3.618406713 -1.318821417 0.618655829 0.481487982 -0.094199414 0.007476702 -2.367927681 
-5.052455509 2.234782005 -1.349151607 -0.799232046 4.815097580 0.153829033 -0.011775331 
-0.916486398 0.264491985 -0.879481816 0.052322278 -0.036000194 0.004748095 2.453454449 
-1.300998053 0.997461489 -0.117052711 -0.499029768 0.817437221 0.119333618 -0.010489633 
26.271018678 -10.863004800 6.838829177 3.743540344 -0.694148818 0.051360392 -24.315828593 
6.040001902 -2.502184499 1.698773012 0.836987153 -5.922272471 -0.153596476 0.011537514 
39.185901357 -16.752820142 10.141047382 5.864402153 -1.096983046 0.081442119 -36.390784689 
6.082823484 -2.810008579 1.564060912 1.054721813 -5.688143238 -0.212770279 0.016957586 
34.054033923 -14.732357546 8.655550681 5.235815325 -0.991437877 0.074442319 -31.268413878 
6.071580196 -2.788806523 1.579672812 1.045832650 -5.705931311 -0.213153694 0.017224473 
37.808531775 -16.164160652 9.785774377 5.674087924 -1.065469480 0.079577287 -35.087335487 
0.973305904 -0.445754521 0.275702623 0.182098990 -0.945674381 -0.041787314 0.003805053 
37.813798089 -16.006616065 9.868622017 5.558581115 -1.032506794 0.076270060 -35.246181448 
-2.691286398 1.343683239 -0.643878656 -0.534219000 2.424936422 0.111589207 -0.009002720 
37.838065745 -15.989728956 9.875862658 5.518430648 -1.012992804 0.073690939 -35.272457621 
-2.671227961 1.361675570 -0.641486671 -0.569960299 2.408112161 0.128386641 -0.011317523 
25.561202347 -10.595660283 6.552551788 3.624471057 -0.658788277 0.047446538 -23.500111905 
-2.654463033 1.019975133 -0.772076101 -0.297849488 2.662890637 0.045686263 -0.002818212 
35.388235890 -15.179753648 9.089976907 5.352408796 -1.009455279 0.075796666 -32.688294064 
-2.640291179 0.922888138 -0.814299364 -0.230060867 2.736130176 0.025141867 -0.000423661 
35.414464038 -15.361988689 9.002476020 5.465662102 -1.033748941 0.077137085 -32.538532478 
-2.632611289 0.854230495 -0.848145964 -0.181663202 2.794250659 0.009214037 0.001624944 
25.798176807 -10.758629713 6.612566287 3.707432948 -0.682239130 0.050020408 -23.699945993 
-2.645886000 1.225496938 -0.701568522 -0.456320396 2.498446051 0.089834474 -0.007058517 
31.093067885 -12.841445244 8.147945573 4.376277779 -0.800896246 0.058583519 -28.988087132 
5.762761143 -2.639037395 1.462059465 0.957525616 -5.368215332 -0.185120069 0.014059144 
35.003484069 -14.878740898 9.033035296 5.200128210 -0.973826948 0.072569521 -32.419337508 
5.717410095 -2.503976004 1.532821756 0.876109956 -5.467596568 -0.163799682 0.011951441 
34.981761523 -15.005833473 8.964300545 5.287697586 -0.994228828 0.073984737 -32.271666318 
1.652615546 -0.775455686 0.407171486 0.284691173 -1.516432344 -0.055255979 0.004199432 
35.006508419 -14.923010821 9.011031242 5.221352404 -0.975483728 0.072289272 -32.377851041 
-2.786876577 1.161142082 -0.778517784 -0.389351751 2.724327655 0.071766506 -0.005357163 
45.943843688 -19.796606894 11.940073670 6.964665611 -1.306774992 0.096820035 -42.805099171 
-5.744773085 2.631527243 -1.518591595 -0.990805967 5.437171234 0.203618015 -0.016807610 
50.174059897 -21.532058479 13.119613446 7.513791812 -1.395870789 0.102423920 -46.939968053 
-5.729003393 2.419061734 -1.598942251 -0.832592295 5.592183636 0.156798640 -0.011824151 
37.122193756 -15.586279916 9.782756190 5.390437338 -1.000574035 0.074099696 -34.752754347 
0.945523608 -0.734999967 0.091181161 0.367812972 -0.592026693 -0.085200983 0.006974599 
37.098173333 -15.713249954 9.713793036 5.498678945 -1.033956658 0.077320553 -34.611606139 
-6.094089256 2.771042076 -1.565604579 -1.002154901 5.707855376 0.193445655 -0.014706408 
37.163922391 -15.696499831 9.698660439 5.426706594 -0.999071548 0.072639428 -34.635981980 
-0.222743305 -0.354529496 -0.260196930 0.306635480 0.607023395 -0.093548427 0.009591427 
37.131969114 -15.572827349 9.791871627 5.367628849 -0.987770783 0.071755118 -34.776479587 
2.713460939 -1.333895461 0.688743233 0.541877643 -2.493661029 -0.120354176 0.010627465 
-7.187614625 3.567994066 -2.268897423 -1.326710061 0.263503892 -0.020242326 7.898919792 
-2.135654085 0.708109834 -0.665054345 -0.152455926 2.233787844 0.009034494 0.000896744 
-3.584720656 2.209551792 -1.164086399 -0.956033016 0.221968317 -0.020113905 4.217288388 
4.061727129 -1.715132781 1.140606423 0.589932117 -3.970806751 -0.111224563 0.008387721 
1.469853888 -0.377203261 0.094275255 0.160634657 -0.043946200 0.004937765 -0.384327840 
-4.404051538 2.208901534 -1.048524783 -0.875164901 3.955687755 0.176145975 -0.013426076 
1.422719542 -0.133328614 0.191260980 -0.021565445 0.013887443 -0.001521600 -0.545794247 
0.833152549 -0.449112995 0.219920689 0.235417730 -0.774987187 -0.072932638 0.008637938 
-2.997443238 1.937656867 -0.933597825 -0.800979484 0.170508745 -0.013836901 3.559840912 
0.835020187 -0.203408317 0.278820451 -0.009835773 -0.915427153 0.017786038 -0.002273210 
3.634397153 -1.509946768 0.579121724 0.621619573 -0.134587528 0.011281883 -2.273264888 
4.506637119 -2.208280488 1.088722436 0.865622084 -4.084693669 -0.183111053 0.015494782 
3.632216886 -1.530362438 0.557637208 0.649866940 -0.150845303 0.013927414 -2.247268491 
-0.643890560 0.053283747 -0.267206410 0.096841660 0.801486207 -0.045963476 0.005641044 
-1.922826709 1.227949848 -0.810587294 -0.461232551 0.082798444 -0.005265773 2.817729646 
-5.053837163 2.089363171 -1.421471690 -0.659833720 4.953575247 0.097937376 -0.004332856 
10.641339802 -4.677037823 2.296438010 1.701361337 -0.328307293 0.025149853 -8.725557742 
6.876568060 -2.999499908 1.815318757 1.023990471 -6.533547908 -0.189285259 0.014133674 
-2.360563895 0.974580206 -1.249363819 -0.232425404 0.021533005 0.000356668 3.781024046 
-0.597600062 0.084000630 -0.276870290 0.039001392 0.776500218 -0.023969855 0.003346899 
8.975017543 -4.070653379 1.785832908 1.579826209 -0.322404646 0.025739743 -7.008775416 
-0.608161999 -0.125501981 -0.324634509 0.234340758 0.900294269 -0.087491708 0.010185758 
1.572049974 -0.445673651 0.067972254 0.194075853 -0.046690338 0.004699078 -0.390530189 
-3.983489299 1.770319314 -1.043521989 -0.625095044 3.771499513 0.118154875 -0.009043961 
1.521538177 -0.351054196 0.127103744 0.153934551 -0.042770940 0.005097328 -0.461308226 
2.714526346 -1.331260875 0.650518752 0.507216310 -2.446103199 -0.105019755 0.009196491 
1.560132579 -0.467252709 0.080690978 0.205936490 -0.044500855 0.003537084 -0.389277932 
-3.437382894 1.704941826 -0.833232015 -0.682674891 3.115164138 0.145567549 -0.012005790 
1.581821641 -0.717088380 -0.005317853 0.430966315 -0.125826527 0.013100167 -0.229870614 
-3.501274627 1.990176659 -0.712285562 -0.893371297 2.923535248 0.209799372 -0.018830050 
8.486415582 -3.628991388 1.854261224 1.375558232 -0.280260217 0.022310298 -6.871633779 
4.614572538 -2.127847340 1.174428114 0.773195581 -4.296463028 -0.149101784 0.010995925 
3.469538490 -1.743695949 0.356291464 0.832314782 -0.199849288 0.018183078 -1.784678559 
-0.807340328 -0.078405094 -0.375547570 0.205277817 1.102408242 -0.069917088 0.007156667 
13.003210916 -5.799025839 2.962500578 2.191464778 -0.440756986 0.034872301 -10.998195785 
6.406971561 -3.311254300 1.469075511 1.361417513 -5.652898116 -0.296508655 0.025086601 
3.202545578 -1.701024310 0.214643869 0.847769538 -0.212552215 0.020585454 -1.427143938 
-1.910352564 0.773958516 -0.555070925 -0.267750423 1.905294971 0.051090158 -0.004059909 
3.287762614 -1.899735220 0.126868156 0.959106045 -0.235323703 0.021434563 -1.318569816 
4.819999652 -2.006497148 1.339317922 0.678793183 -4.705471469 -0.128246601 0.010155194 
26.188492899 -10.801808022 6.847799510 3.729669123 -0.693475916 0.051361325 -24.293955660 
-3.498485500 1.760723969 -0.839093268 -0.713408852 3.148049471 0.153933934 -0.013156821 
26.209142213 -11.190327577 6.594643317 3.972673331 -0.756501421 0.057266717 -23.857497938 
9.292371533 -4.058080529 2.514724501 1.442740064 -8.923271302 -0.283519367 0.022508977 
30.118249108 -12.895558755 7.645623709 4.562081851 -0.864276752 0.065092139 -27.602526375 
2.953402990 -1.345554281 0.765808611 0.488991412 -2.776000460 -0.094562902 0.007515054 
30.202513447 -12.651115899 7.761765981 4.316785795 -0.776739590 0.054872108 -27.878121011 
2.999206458 -1.601245819 0.648316105 0.668074403 -2.582845169 -0.145932186 0.012353625 
39.805712877 -16.657532610 10.482609186 5.664200626 -1.022145178 0.072954420 -37.308534049 
-1.137036293 0.506952831 -0.321827534 -0.192910124 1.107981815 0.040037526 -0.003375511 
36.190324108 -15.308454039 9.408518963 5.306504455 -0.984732907 0.073086679 -33.650359310 
-1.102635935 0.094763950 -0.487353316 0.127393794 1.418425207 -0.055711890 0.006293289 
36.168501131 -15.732125085 9.156297880 5.605952770 -1.062433325 0.079206789 -33.177877161 
-10.186279695 4.520844661 -2.725651765 -1.624202020 9.718948836 0.312059256 -0.023472689 
31.712276578 -13.238252276 8.253571943 4.533924283 -0.827126245 0.059534164 -29.464338238 
-10.203575414 4.440332035 -2.747179207 -1.544365867 9.780190725 0.285980720 -0.020875351 
24.083085404 -9.966901597 6.145618645 3.411132301 -0.625798612 0.045967583 -22.065197800 
0.059799021 -0.629401969 -0.249997178 0.476617595 0.463338706 -0.143329747 0.014945188 
24.103401108 -9.939967692 6.163920571 3.374761597 -0.602491024 0.041859932 -22.106957461 
-0.008814642 0.390692991 0.198998340 -0.280359461 -0.373833249 0.077375974 -0.007320874 
28.666638556 -11.949773105 7.393796994 4.122176688 -0.764358741 0.056568958 -26.479362871 
5.014473731 -2.718028921 1.117972604 1.189876109 -4.357239881 -0.278936979 0.025745789 
39.503442440 -17.296555029 10.061614244 6.219258804 -1.189914932 0.089555119 -36.354341387 
4.989018204 -2.272734979 1.305806296 0.837611286 -4.710144771 -0.165914546 0.012855572 
39.555995591 -17.009666920 10.191995125 5.988046514 -1.124376305 0.083582734 -36.646129028 
4.995943843 -2.344741620 1.274264840 0.886733005 -4.650034206 -0.179641436 0.014208860 
39.579540364 -16.916129898 10.244297363 5.898903123 -1.094121539 0.080409960 -36.756868026 
-2.583816582 0.794179180 -0.868274217 -0.156387009 2.797499603 0.005306389 0.001583046 
39.548678307 -16.629021519 10.388577910 5.700889255 -1.040261255 0.075272238 -37.005744327 
2.990603280 -1.538551214 0.718150349 0.659638979 -2.693360559 -0.157067189 0.015037974 
39.485476282 -17.027160283 10.219762369 6.053442734 -1.154431495 0.087414801 -36.635586550 
-7.448899849 3.093518610 -2.072504854 -1.003083942 7.267389479 0.167019726 -0.010386516 
41.299974662 -17.892878572 10.640654238 6.387056881 -1.225380675 0.093473258 -38.269888620 
-13.254096541 5.932527734 -3.490745036 -2.123948795 12.551971352 0.404514102 -0.030356547 
41.313594172 -17.283715942 10.937900496 5.882391635 -1.061048004 0.075312737 -38.833410809 
-7.925452485 3.284559528 -2.220838105 -1.097651184 7.762849336 0.197763462 -0.014071860 
34.894670398 -14.524578401 9.237914234 4.977662151 -0.910440441 0.065909373 -32.712599618 
-13.376301305 6.247968341 -3.371132932 -2.350941619 12.396223611 0.476818995 -0.038436817 
45.601305989 -19.648884053 11.884842467 6.948588620 -1.315502658 0.098555882 -42.537195500 
