0.000376385 0.001139561 -0.000904070 0.000347441 -0.000064544 0.000004687 -0.000018027 
0.152127621 -0.067372542 0.046458278 0.027386442 -0.007023758 0.000989822 -0.000057932 -0.150223839 
0.002935122 -0.001849529 0.001176154 -0.000410341 0.000073220 -0.000005174 -0.000963013 
0.081436611 -0.039272864 0.022945743 0.017242533 -0.004698648 0.000695676 -0.000042333 -0.076062560 
0.004202684 -0.002927212 0.001760508 -0.000596817 0.000104991 -0.000007277 -0.001512068 
0.028761076 -0.014092947 0.008269134 0.006278030 -0.001692452 0.000246182 -0.000014614 -0.025484730 
0.004463539 -0.003342475 0.002107395 -0.000732205 0.000129691 -0.000009042 -0.001544674 
0.043485883 -0.022873161 0.011282105 0.010707420 -0.003026883 0.000456471 -0.000027871 -0.037689156 
0.006088973 -0.004069973 0.001925803 -0.000445431 0.000043621 -0.000000947 -0.002434390 
0.002569269 -0.000306288 0.002131042 -0.000127187 0.000164881 -0.000048935 0.000004918 -0.002063054 
0.002001578 -0.001643181 0.001320372 -0.000534903 0.000105442 -0.000007906 -0.000376542 
0.063851602 -0.033259552 0.016251505 0.015320089 -0.004275645 0.000636285 -0.000038320 -0.056175133 
0.000383929 0.000561060 -0.000480287 0.000220120 -0.000046697 0.000003724 0.000283230 
0.068131850 -0.034714026 0.017376587 0.015514694 -0.004193138 0.000604049 -0.000035134 -0.060350286 
-0.000967683 0.002198252 -0.001558011 0.000601915 -0.000115451 0.000008615 0.000802404 
0.074477332 -0.035934306 0.020214855 0.015442248 -0.004043755 0.000566188 -0.000032056 -0.068393724 
-0.004631769 0.006614651 -0.004809699 0.001863959 -0.000356764 0.000026440 0.002339944 
0.154301927 -0.073898450 0.042434687 0.031748579 -0.008447798 0.001216420 -0.000071808 -0.144971835 
-0.005660080 0.008071218 -0.005919126 0.002298912 -0.000440178 0.000032580 0.002744804 
0.249591749 -0.115066014 0.072259419 0.048019279 -0.012527425 0.001779454 -0.000104259 -0.241549613 
-0.003933095 0.004568906 -0.003392833 0.001319977 -0.000253099 0.000018828 0.000932394 
0.137480153 -0.060559228 0.042132569 0.024628204 -0.006338444 0.000900722 -0.000053353 -0.135337586 
-0.001048604 0.001025783 -0.001019603 0.000505493 -0.000117424 0.000010282 -0.000136683 
0.004997464 0.003701324 0.005854420 -0.003563092 0.001444859 -0.000274189 0.000020146 -0.009452756 
0.005732573 -0.007360149 0.005342791 -0.002026856 0.000377895 -0.000027177 -0.002911282 
0.004345820 0.001377765 0.003405145 -0.001945396 0.000933079 -0.000195726 0.000015461 -0.005208039 
0.002665634 -0.003923043 0.002797130 -0.001019639 0.000180469 -0.000012106 -0.001568561 
0.003006823 -0.000267884 0.002032944 -0.000213294 0.000206654 -0.000058556 0.000005913 -0.002021555 
0.006624406 -0.008668179 0.006306067 -0.002405314 0.000450016 -0.000032264 -0.003289515 
0.004542050 0.000885639 0.003140454 -0.001767690 0.000935546 -0.000208836 0.000017203 -0.004840491 
0.013811558 -0.015244854 0.010322306 -0.003752357 0.000681145 -0.000048012 -0.006365157 
0.056296908 -0.025685312 0.015795904 0.010403259 -0.002527963 0.000322071 -0.000015861 -0.051892827 
0.008979311 -0.009982397 0.006551008 -0.002290247 0.000398532 -0.000026875 -0.004286061 
0.005216881 0.002815143 0.004259850 -0.003380847 0.001512453 -0.000306703 0.000023803 -0.007500730 
0.004964669 -0.006092361 0.004144654 -0.001522071 0.000280691 -0.000020036 -0.002561234 
0.006125467 0.003771471 0.005340720 -0.004332988 0.001880899 -0.000370945 0.000027851 -0.009861267 
0.000806096 -0.002059919 0.001544865 -0.000605260 0.000117250 -0.000008726 -0.000788463 
0.073657648 -0.027447838 0.024534197 0.008662379 -0.001504664 0.000107934 -0.000000075 -0.075483125 
0.000807622 -0.002631751 0.002246707 -0.000958854 0.000195309 -0.000014981 -0.000761143 
0.141650401 -0.056542781 0.046654747 0.020511638 -0.004672155 0.000583597 -0.000030092 -0.145594179 
-0.912070232 0.717133786 0.175978202 -0.509257889 0.179809712 -0.018370976 0.518594322 
1.037507732 -0.238768303 0.501451110 0.288236310 -0.144817429 0.033086192 -0.002733175 -0.055643452 
-1.547183876 1.056270708 -0.104938762 -0.298447901 0.117250500 -0.012311268 0.894871644 
1.388944514 0.154166281 0.863923455 -0.136251273 0.043685999 -0.006459029 0.000424767 -0.905644516 
0.213104078 -0.708145081 0.957921348 -0.596474916 0.154300573 -0.013885975 0.070681024 
1.883165186 0.265853983 1.044513882 -0.453877862 0.225601139 -0.048208248 0.003729885 -1.513143476 
-0.780218234 0.663927657 -0.239129073 -0.027308355 0.025199104 -0.002942135 0.405566574 
2.089154399 0.450129075 1.255824764 -0.667453322 0.334509009 -0.075360021 0.006352421 -1.996330839 
1.555138258 -1.663474956 1.318367425 -0.584436289 0.126291880 -0.010280842 -0.720716458 
1.170537966 0.007987447 0.657258882 0.066251755 -0.056450565 0.016170264 -0.001528096 -0.476441046 
1.468950428 -1.159238459 0.588006632 -0.131102921 0.009043659 0.000281903 -0.769656621 
10.046507155 -5.168260652 2.540895612 2.638670658 -0.822610874 0.136462301 -0.009163074 -7.976123725 
1.043370826 -0.249352496 -0.328974245 0.328810925 -0.095520726 0.008919712 -0.709753966 
10.843255829 -5.309662048 2.968179456 2.672170736 -0.850237790 0.147278843 -0.010359371 -9.057576329 
2.453452073 -1.695503659 0.622213745 0.022966741 -0.048868257 0.006227742 -1.341833216 
1.478977264 0.304886287 0.977995842 -0.252517084 0.071049691 -0.005437928 -0.000291730 -1.168389058 
2.323295622 -1.192549951 0.017899917 0.375656671 -0.136388650 0.013850038 -1.338769553 
1.220579850 -0.096286916 0.644681997 0.104352096 -0.043606401 0.007386872 -0.000351235 -0.423642353 
3.117176482 -2.118578051 0.549283368 0.294220954 -0.146776235 0.016378195 -1.612996734 
1.474213449 -0.029622806 0.741177673 -0.074093771 0.058045614 -0.016094969 0.001543455 -0.724521322 
-0.041911617 1.279107923 -0.313352806 -0.297781613 0.137969815 -0.015372291 0.620440905 
2.560892283 0.359006731 1.385332300 -0.859116405 0.476177667 -0.110098953 0.009223404 -2.403192957 
0.677636343 0.117859147 0.483064210 -0.514099861 0.158703500 -0.015472444 0.337282981 
1.793910734 0.397388780 1.260385281 -0.470196158 0.210469410 -0.043958613 0.003561182 -1.753297647 
-0.041413590 0.730808384 -0.078051685 -0.196982155 0.077572113 -0.008127703 0.628542473 
1.668946519 0.363155071 1.160059685 -0.415381384 0.178606472 -0.035766488 0.002791139 -1.522424404 
0.134920511 0.539178075 -0.070616258 -0.131022852 0.053493927 -0.005706737 0.437651619 
1.797830902 0.312940710 1.178332078 -0.421702677 0.196010161 -0.041602208 0.003342449 -1.619260428 
0.380998073 0.324477918 -0.053440897 -0.072445297 0.031321079 -0.003432193 0.197094255 
1.829623888 0.347898506 1.115205734 -0.516257326 0.247268942 -0.051550630 0.003927578 -1.586377778 
0.915857341 0.126058167 -0.231307925 0.148704347 -0.037741340 0.003301394 -0.070095547 
1.501409817 0.068186489 0.823061463 -0.158255006 0.079039858 -0.016855134 0.001374311 -0.890172165 
1.753811113 -0.612422368 0.042913549 0.158759861 -0.060219032 0.006255594 -0.571910073 
1.933077287 0.329012500 1.244219664 -0.496200342 0.245590771 -0.055023682 0.004637574 -1.790678728 
1.531401748 -0.399184824 -0.230390718 0.343875294 -0.110912412 0.010936270 -0.542418456 
2.207062619 0.660155635 1.483977201 -0.921410740 0.451810420 -0.098876950 0.007996509 -2.377501958 
3.199136898 -2.292862890 0.992689664 -0.040215828 -0.052616437 0.007465793 -1.289715995 
14.289866846 -7.748910675 3.611791935 4.091126586 -1.338642231 0.234465604 -0.016559383 -11.707913409 
2.127779443 -1.533188611 0.482199317 0.218959296 -0.116671147 0.013169580 -0.757068004 
2.456048472 0.288100986 1.290509804 -0.812856963 0.470006724 -0.110439951 0.009246078 -2.152089614 
0.031205313 -0.027327642 0.016729579 -0.005694535 0.000985637 -0.000067312 -0.014961346 
0.152451244 -0.068514491 0.046096071 0.028361936 -0.007413790 0.001062518 -0.000063036 -0.149693098 
0.014689161 -0.012220234 0.007276505 -0.002392038 0.000399350 -0.000026257 -0.006763367 
0.065074791 -0.030531779 0.019259897 0.013270897 -0.003605179 0.000533432 -0.000032359 -0.061722005 
0.008191162 -0.006805192 0.004197503 -0.001428358 0.000247629 -0.000016915 -0.003339847 
0.004816964 0.001093380 0.003632461 -0.002051918 0.001091166 -0.000248515 0.000020949 -0.006079332 
0.001223098 -0.000410343 0.000187037 -0.000004775 -0.000013627 0.000002235 0.000115342 
0.038291520 -0.019448231 0.010412705 0.008820223 -0.002399414 0.000344817 -0.000019698 -0.033678550 
0.004266945 -0.003991256 0.002772533 -0.001011024 0.000183115 -0.000012902 -0.001075253 
0.039583821 -0.021883781 0.010245058 0.010908922 -0.003294723 0.000531562 -0.000034796 -0.033726818 
0.001436618 -0.001050835 0.000855345 -0.000326378 0.000059650 -0.000004162 -0.000106609 
0.059318497 -0.031336200 0.015023377 0.014726846 -0.004219459 0.000650930 -0.000041130 -0.051816136 
-0.000967939 0.002339625 -0.001981658 0.000884416 -0.000188605 0.000015160 0.000826537 
0.072566631 -0.036129723 0.018802279 0.015683529 -0.004093805 0.000566957 -0.000031644 -0.065027107 
-0.000184714 0.001337582 -0.000912652 0.000337030 -0.000061990 0.000004518 0.000452019 
0.105733827 -0.053549267 0.027303655 0.024269553 -0.006808303 0.001036770 -0.000064885 -0.095618850 
-0.002161385 0.004030285 -0.002976451 0.001141415 -0.000212879 0.000015211 0.001208067 
0.179778167 -0.089195274 0.047789451 0.039793663 -0.011049166 0.001667593 -0.000103645 -0.166366888 
-0.002846715 0.005708743 -0.004585400 0.001875191 -0.000370770 0.000028092 0.001318620 
0.281923854 -0.134076664 0.079219061 0.057826310 -0.015634359 0.002305672 -0.000140386 -0.269017528 
-0.000545407 0.001128650 -0.001102877 0.000501664 -0.000108641 0.000008894 -0.000626055 
0.110313471 -0.044136717 0.036487586 0.015979565 -0.003560706 0.000427637 -0.000020923 -0.112639627 
0.001131148 -0.001408217 0.000748136 -0.000194762 0.000022095 -0.000000677 -0.001079282 
0.004410652 0.003573191 0.005615184 -0.003207830 0.001238741 -0.000225052 0.000015966 -0.008698938 
0.005743541 -0.007044005 0.004862129 -0.001739405 0.000301822 -0.000019781 -0.002976211 
0.051709469 -0.024938010 0.014134307 0.010722622 -0.002739066 0.000360441 -0.000017896 -0.046500464 
0.004342795 -0.005980072 0.004413775 -0.001690212 0.000315431 -0.000022445 -0.002261273 
0.004685758 0.001347582 0.003344264 -0.002299195 0.001205995 -0.000273195 0.000023038 -0.005339813 
0.006341179 -0.008490530 0.006298395 -0.002466706 0.000478027 -0.000035763 -0.003136262 
0.003350705 -0.000133437 0.002293197 -0.000393445 0.000265660 -0.000062365 0.000005352 -0.002631409 
0.010561128 -0.011582034 0.007603050 -0.002660550 0.000464673 -0.000031554 -0.004950211 
0.006423492 0.003440728 0.005073406 -0.004328980 0.001977747 -0.000403056 0.000030779 -0.009523006 
0.010724313 -0.012246317 0.008397452 -0.003082705 0.000563255 -0.000039752 -0.004975412 
0.005440770 0.002573137 0.004234140 -0.003306346 0.001544121 -0.000325916 0.000026102 -0.007552014 
0.006151669 -0.007300928 0.004938597 -0.001795569 0.000326764 -0.000023094 -0.003109523 
0.006832354 0.004356397 0.005873869 -0.005145110 0.002304011 -0.000471760 0.000036912 -0.011211816 
0.002155225 -0.003665599 0.002795926 -0.001115668 0.000216374 -0.000015823 -0.001373969 
0.067042564 -0.023951141 0.023059190 0.007196303 -0.001182602 0.000081814 -0.000000385 -0.069721740 
0.004166821 -0.005947091 0.004461837 -0.001782873 0.000352351 -0.000026847 -0.002342182 
0.158808441 -0.066033005 0.050445865 0.024980522 -0.005943606 0.000779282 -0.000042749 -0.160428630 
-0.926754805 1.134861384 -0.306234451 -0.276368131 0.129988095 -0.014523365 0.409381585 
1.543779927 0.014533022 0.807679409 -0.150329435 0.101757334 -0.027808317 0.002722235 -0.872757817 
0.791333731 -1.561712996 1.882765018 -1.127514528 0.289256800 -0.026033440 -0.144223513 
1.686115253 0.261994362 1.013100818 -0.369623513 0.190236863 -0.046562570 0.004369272 -1.334732599 
0.275571728 -0.642591665 0.865516205 -0.554928698 0.146499722 -0.013368506 0.001395807 
1.869391833 0.416429742 1.141784587 -0.573492662 0.279503833 -0.061226125 0.004949570 -1.670565155 
-0.263987012 0.098186114 0.202099935 -0.218083637 0.066418793 -0.006417627 0.170380543 
1.681176154 0.521714226 1.189309514 -0.499079178 0.191853826 -0.035042807 0.002495592 -1.651546610 
0.119816817 0.153636773 -0.100406598 -0.009684728 0.013670280 -0.001931518 -0.145648486 
0.391600463 -0.479333347 0.125959263 0.776214033 -0.415064078 0.096871020 -0.008225917 0.899936181 
1.332744929 -0.997811810 0.449415816 -0.064909143 -0.006285321 0.001591634 -0.708095616 
0.810861236 -0.357796196 0.387920837 0.554760457 -0.298139998 0.068778091 -0.005695656 0.225259170 
-0.411570316 1.459315811 -1.602436043 0.839258553 -0.197537804 0.016817727 -0.097743377 
-12.564951844 8.363806234 -2.087767631 -4.308073491 1.333582390 -0.217496557 0.014198471 10.870957345 
3.186649531 -2.486389630 1.160879623 -0.168611124 -0.015661261 0.004001590 -1.658829914 
1.656513615 0.177328747 0.965403079 -0.264794541 0.133278975 -0.031160122 0.002736741 -1.232158026 
2.260606589 -1.183796633 0.049574614 0.355969907 -0.133821839 0.013943406 -1.296381746 
1.227669126 -0.084481847 0.649013258 0.092500512 -0.043639408 0.009831937 -0.000830524 -0.433559467 
2.616481640 -1.562068657 0.156646813 0.443808825 -0.174902858 0.018392993 -1.394822546 
0.932434113 -0.445895139 0.330941538 0.465931940 -0.201827380 0.041377124 -0.003256907 0.307799610 
0.087968891 1.137405176 -0.258886029 -0.278499928 0.122879232 -0.013273256 0.570540745 
3.078364471 0.718483684 1.771427574 -1.353866491 0.721264587 -0.164219321 0.013587580 -3.365674574 
-0.743347017 1.757862486 -0.714900695 -0.049379187 0.070144211 -0.009027023 0.938851354 
1.352899714 0.164233870 1.015295989 -0.098282875 0.026850750 -0.004759389 0.000427424 -1.059966157 
0.748411768 -0.270561235 0.753226102 -0.566819170 0.157504097 -0.014674859 0.307280635 
33.817109480 -18.220821658 8.209904713 9.025698025 -2.774365674 0.460007082 -0.031033110 -29.079130637 
-0.033237157 0.628400467 -0.061665644 -0.162290964 0.064555384 -0.006825866 0.531218777 
1.154917441 -0.043707083 0.767255157 0.093411655 -0.049521962 0.009301841 -0.000450844 -0.525977664 
1.531944398 -0.912579614 0.769659932 -0.352913636 0.076820048 -0.006158527 -0.302568533 
17.417379709 -9.202876583 4.386069152 4.599540955 -1.401133344 0.224463468 -0.014271430 -14.621755159 
1.367286109 -0.296799374 0.006766743 0.074924153 -0.024549738 0.002163152 -0.276210361 
1.427387216 0.004164881 0.772296256 -0.053816222 0.008077055 0.005205122 -0.001050658 -0.755523379 
3.020263567 -2.134304899 1.237647749 -0.337969151 0.040370165 -0.001521211 -1.109070047 
2.154361951 0.533893594 1.441827608 -0.697062691 0.309697688 -0.061521258 0.004631742 -2.265423684 
2.323969973 -1.183477032 0.298863103 0.141581198 -0.070294639 0.007686227 -0.912344045 
1.635628101 0.299800132 1.166753561 -0.341145126 0.161446459 -0.037829890 0.003414698 -1.478943222 
3.048301908 -2.067487545 0.778921560 0.071444387 -0.081364463 0.010238643 -1.237514296 
1.709768837 0.239512100 1.124025207 -0.305541249 0.126189447 -0.022175370 0.001324205 -1.456968197 
2.396441989 -1.584174896 0.313155886 0.371884017 -0.164466799 0.018171011 -0.916045437 
1.904422739 -0.149953048 0.890292204 -0.264227925 0.237793043 -0.070543119 0.006987921 -1.118606320 
