0.002692865 -0.000488299 -0.000158289 0.000171358 -0.000046404 0.000004181 -0.001301071 
0.154345577 -0.068612875 0.046919394 0.027944503 -0.007158622 0.001003782 -0.000058195 -0.152040353 
0.004213289 -0.002741161 0.001548389 -0.000470576 0.000069645 -0.000003745 -0.001656758 
0.071001583 -0.033396672 0.020617472 0.014379987 -0.003837687 0.000553945 -0.000032567 -0.066991338 
0.005405042 -0.004076000 0.002473313 -0.000830899 0.000142346 -0.000009572 -0.002073723 
0.003487733 0.000580103 0.002795092 -0.001085878 0.000558573 -0.000120778 0.000009755 -0.003905758 
0.003985812 -0.002672258 0.001485013 -0.000430662 0.000059644 -0.000002887 -0.001338090 
0.029896879 -0.015071907 0.008248005 0.006794530 -0.001817298 0.000254421 -0.000013859 -0.025920514 
0.007954726 -0.006475899 0.003807871 -0.001203579 0.000189239 -0.000011450 -0.003140232 
0.002739978 -0.000130959 0.002241665 -0.000328606 0.000261334 -0.000069872 0.000006668 -0.002341313 
0.002465733 -0.002056877 0.001545589 -0.000586074 0.000106962 -0.000007353 -0.000606290 
0.066680422 -0.034195386 0.017069995 0.015443072 -0.004205366 0.000606600 -0.000034987 -0.058988315 
-0.000094780 0.001264187 -0.001098722 0.000509437 -0.000114334 0.000009847 0.000451596 
0.059778417 -0.028431157 0.016024194 0.011643283 -0.002789724 0.000338705 -0.000014994 -0.054155349 
0.000067594 0.001020212 -0.000704128 0.000271722 -0.000052641 0.000004027 0.000364212 
0.099433165 -0.050410939 0.025596842 0.022819158 -0.006360930 0.000957048 -0.000058779 -0.089622789 
-0.004690249 0.006573777 -0.004719873 0.001806027 -0.000341545 0.000025051 0.002396719 
0.160722755 -0.078383018 0.043463483 0.034402793 -0.009390252 0.001391919 -0.000084763 -0.149767460 
-0.006394597 0.008774227 -0.006452093 0.002531334 -0.000490602 0.000036745 0.003126577 
0.267848635 -0.126128893 0.075945565 0.053845445 -0.014404921 0.002102566 -0.000126745 -0.256635652 
-0.000560629 0.000932570 -0.000835124 0.000336370 -0.000061686 0.000004178 -0.000557774 
0.115407924 -0.047072482 0.037612139 0.017468731 -0.004012053 0.000497486 -0.000025072 -0.116958837 
0.000967667 -0.001221606 0.000635383 -0.000169939 0.000021925 -0.000000937 -0.001016665 
0.026946076 -0.008101832 0.011020422 0.002048788 -0.000202861 -0.000014129 0.000003448 -0.028904749 
0.006240999 -0.007902940 0.005698765 -0.002153978 0.000401014 -0.000028749 -0.003135056 
0.027603249 -0.010980242 0.008899929 0.003871738 -0.000762871 0.000069630 -0.000001363 -0.025901895 
0.003302815 -0.004850647 0.003585343 -0.001358305 0.000249296 -0.000017266 -0.001800856 
0.004170141 0.000825047 0.002927543 -0.001555846 0.000825857 -0.000187981 0.000016136 -0.004264290 
0.005950976 -0.007728446 0.005480521 -0.002035313 0.000371569 -0.000025958 -0.003022375 
0.037180552 -0.015616298 0.011099015 0.005431361 -0.000953577 0.000048789 0.000003629 -0.034418087 
0.014682677 -0.016555393 0.011484843 -0.004277557 0.000794611 -0.000057198 -0.006674626 
0.045308217 -0.018925098 0.013627886 0.007048353 -0.001577701 0.000186237 -0.000008226 -0.042871449 
0.010962532 -0.012471048 0.008515308 -0.003107771 0.000564192 -0.000039551 -0.005086253 
0.006151602 0.003935376 0.005013122 -0.004714625 0.002133186 -0.000439158 0.000034533 -0.009385771 
0.008343650 -0.009800911 0.006758791 -0.002509344 0.000465278 -0.000033356 -0.004034629 
0.007493238 0.005340617 0.006438643 -0.006242724 0.002780161 -0.000564664 0.000043652 -0.012625161 
0.001888348 -0.003247351 0.002395091 -0.000935119 0.000181455 -0.000013541 -0.001268565 
0.067202009 -0.023144538 0.023228845 0.006261606 -0.000724962 -0.000021429 0.000008355 -0.070202302 
0.001941054 -0.003834771 0.003103600 -0.001299082 0.000264536 -0.000020545 -0.001276179 
0.147235228 -0.059162005 0.047940421 0.021552117 -0.004939043 0.000624721 -0.000032982 -0.150581220 
-2.397598443 3.041931993 -1.459367092 0.105057967 0.067098172 -0.010467300 1.478114932 
-15.890588998 9.842225347 -2.854113394 -5.112765876 1.605471434 -0.265313221 0.017626855 13.736873689 
-2.291865942 2.592760799 -1.178548115 0.097965189 0.045765950 -0.007350541 1.524151596 
1.315322084 0.151034514 1.125450849 -0.281948490 0.132396076 -0.026298102 0.001917249 -1.362750214 
-0.436323376 0.646372823 0.058896290 -0.276491491 0.097233518 -0.009820160 0.674790954 
11.703612763 -5.235738396 3.688605344 2.219940600 -0.594523350 0.087886785 -0.005365086 -10.803340548 
0.104600515 0.297507028 0.119278605 -0.207488142 0.068352489 -0.006805330 0.353856094 
19.016759200 -8.150121065 5.952027953 3.206930331 -0.793388409 0.108915982 -0.006269724 -18.273887488 
1.904249875 -1.159415096 0.847623263 -0.362983110 0.076546087 -0.006063898 -0.592590545 
26.398726777 -11.018011758 8.211533500 4.111855783 -0.943318152 0.117245738 -0.005973226 -25.823536280 
2.084651553 -1.223031891 0.682194407 -0.184555088 0.022593625 -0.000964420 -0.715597844 
44.225838088 -21.854100627 11.872044911 9.809468634 -2.761348247 0.424995180 -0.027013410 -40.635373870 
2.145353953 -0.807771080 0.070082843 0.183675265 -0.070739479 0.007360157 -0.853543830 
27.637321038 -12.082924416 8.472523884 4.825483810 -1.199837868 0.162426574 -0.009051957 -26.740947993 
2.969717913 -1.654419684 0.623766853 0.016438632 -0.047011412 0.006029960 -1.220032155 
12.530276778 -5.173130532 4.143756600 1.980521877 -0.460687916 0.056422161 -0.002688732 -12.008873589 
3.562557994 -2.012700150 0.652548162 0.133460577 -0.093690734 0.011058506 -1.513751892 
1.124220405 0.166901885 1.045638662 -0.182145695 0.056904392 -0.004541248 -0.000238725 -1.131932599 
4.691245156 -3.193448226 1.282923642 0.044964286 -0.107584334 0.014137821 -1.950606616 
-10.972712936 6.621224938 -1.935813136 -3.323078422 1.023673766 -0.167311358 0.011075403 9.838568739 
2.949464618 -1.853746506 2.287400402 -1.407596256 0.365798924 -0.033074857 -0.311351933 
-8.009290937 4.629262648 -1.267503137 -2.190499233 0.640118944 -0.099861762 0.006370501 7.381101097 
-0.276312180 2.005162011 -0.919506773 0.037012764 0.052411444 -0.007572201 1.019013384 
9.861195170 -4.099180681 3.484891630 1.642623614 -0.414011556 0.057338462 -0.003249955 -9.453889527 
0.605395187 0.746781804 -0.097418877 -0.191552206 0.077499098 -0.008168179 0.634778782 
22.710734420 -10.649070259 6.653525879 4.554954155 -1.206776856 0.172828222 -0.010090904 -21.146705005 
1.280010806 0.088374861 0.177458989 -0.201825468 0.062984208 -0.006147845 0.218269087 
40.343015161 -18.867267171 11.493222083 7.976673290 -2.105649666 0.303274725 -0.018055621 -38.040033103 
2.397474707 -0.945099955 0.678998322 -0.287997274 0.060481226 -0.004781529 -0.434560297 
50.299228318 -24.191070441 13.805492217 10.448946830 -2.806458044 0.409340370 -0.024556060 -46.869857005 
2.748773725 -1.090883271 0.540956967 -0.107110743 0.003093262 0.000820526 -0.596318604 
58.024171552 -27.684083212 15.922827310 11.864304238 -3.177666638 0.465929009 -0.028384941 -54.284704395 
4.009154285 -2.342845853 1.236714564 -0.283847989 0.021033129 0.000462993 -1.261958964 
35.061165244 -15.260581847 10.669361747 5.995584937 -1.469594660 0.197557692 -0.011062122 -34.081092403 
4.077649583 -2.491175911 1.237484951 -0.213713914 -0.005192980 0.003150039 -1.338805913 
33.015500883 -15.385747302 9.569697383 6.521041285 -1.724245358 0.247967502 -0.014675854 -31.134761593 
4.186266968 -2.720190589 1.265187930 -0.120186326 -0.043707795 0.007326416 -1.390721842 
34.496231674 -16.941115416 9.440496107 7.499922014 -2.054818830 0.303918140 -0.018351301 -31.630298525 
5.326537684 -4.487420052 2.621821407 -0.600413998 0.036665531 0.002161954 -1.798147054 
1.862609575 0.224728258 1.398283677 -0.557491632 0.287641703 -0.061266725 0.004764989 -2.036497247 
0.034272396 -0.031068664 0.019551415 -0.006826262 0.001210150 -0.000084520 -0.016168165 
0.162374579 -0.072215363 0.049366694 0.029514949 -0.007625682 0.001083574 -0.000063934 -0.160094105 
0.018380028 -0.016756022 0.010798794 -0.003840512 0.000690074 -0.000048518 -0.008256426 
0.082948707 -0.038383185 0.024182461 0.016165496 -0.004221523 0.000596681 -0.000034335 -0.078955243 
0.006999984 -0.005525905 0.003354557 -0.001129408 0.000194419 -0.000013246 -0.002841298 
0.029807955 -0.013555153 0.009145053 0.005679413 -0.001449931 0.000200027 -0.000011109 -0.027494546 
0.000856645 0.000439916 -0.000632947 0.000378318 -0.000097806 0.000009102 0.000135090 
0.004253593 0.000760659 0.003153675 -0.001591694 0.000863039 -0.000197863 0.000016879 -0.004890499 
-0.000102281 0.001799143 -0.001857876 0.000920084 -0.000209099 0.000017644 0.000555529 
0.002625336 -0.000073303 0.002359517 -0.000217547 0.000150713 -0.000034258 0.000002933 -0.002436901 
0.001227136 -0.000940048 0.000835009 -0.000329954 0.000059421 -0.000003848 0.000025153 
0.070376952 -0.036357817 0.017929524 0.016602079 -0.004597182 0.000679434 -0.000040683 -0.062213066 
0.000929047 -0.000153908 0.000117635 -0.000044319 0.000009583 -0.000000788 0.000077038 
0.091610662 -0.046994269 0.022990513 0.021166088 -0.005799651 0.000850647 -0.000050681 -0.081378079 
0.000317395 0.001328868 -0.001268417 0.000602013 -0.000134323 0.000011233 0.000120668 
0.116791409 -0.060112397 0.029525935 0.027536100 -0.007751967 0.001173679 -0.000072336 -0.104735080 
0.000771744 0.001502259 -0.001577365 0.000738235 -0.000158473 0.000012687 -0.000245780 
0.164346165 -0.079637503 0.044533273 0.034550508 -0.009270338 0.001343261 -0.000079608 -0.153426973 
0.001867980 0.001439301 -0.001978574 0.000997599 -0.000221136 0.000018000 -0.001005111 
0.272521644 -0.128523132 0.077090190 0.054954322 -0.014741179 0.002160829 -0.000131040 -0.260883722 
-0.001879031 0.001847205 -0.001272944 0.000467234 -0.000085759 0.000006214 0.000178336 
0.113968447 -0.045228771 0.037674653 0.016027738 -0.003412626 0.000374002 -0.000015182 -0.116469825 
-0.000423286 0.000196021 -0.000408143 0.000274619 -0.000075047 0.000007274 -0.000358439 
0.005655836 0.004793339 0.006554865 -0.004769896 0.001982887 -0.000382688 0.000028294 -0.011065689 
0.005356595 -0.007009681 0.005109537 -0.001943416 0.000363289 -0.000026102 -0.002731684 
0.004394319 0.001936799 0.003652891 -0.002364847 0.001056390 -0.000208183 0.000015407 -0.005686368 
0.003363923 -0.004857761 0.003559837 -0.001331877 0.000239696 -0.000016153 -0.001849958 
0.003971783 0.000542430 0.002731763 -0.001248581 0.000701135 -0.000165637 0.000014649 -0.003792095 
0.007916836 -0.009874782 0.007008804 -0.002614508 0.000477633 -0.000033236 -0.003896700 
0.042139143 -0.018270701 0.012232059 0.006628305 -0.001275974 0.000095588 0.000000681 -0.038772913 
0.016085138 -0.017925570 0.012321751 -0.004532201 0.000827940 -0.000058437 -0.007323225 
0.061493728 -0.025824597 0.017881761 0.009037277 -0.001665958 0.000106543 0.000003703 -0.058235578 
0.010852272 -0.012319319 0.008417907 -0.003078729 0.000559837 -0.000039261 -0.005053907 
0.006196495 0.003823218 0.005021585 -0.004583834 0.002066452 -0.000424493 0.000033396 -0.009405720 
0.007162466 -0.008444604 0.005755273 -0.002112452 0.000387687 -0.000027459 -0.003526597 
0.007903949 0.005633646 0.006682856 -0.006685478 0.003007846 -0.000616418 0.000048001 -0.013308837 
0.001047873 -0.002567823 0.002014826 -0.000810943 0.000159158 -0.000011815 -0.000829733 
0.086984139 -0.034342157 0.027648702 0.011849433 -0.002451271 0.000265557 -0.000010997 -0.087334299 
-0.001650622 -0.000355331 0.000826075 -0.000470690 0.000110549 -0.000009187 0.000433977 
0.152641556 -0.062177211 0.049124316 0.023010027 -0.005370105 0.000692501 -0.000037279 -0.155243595 
-0.510681965 1.221628332 -0.293519505 -0.305274936 0.139741490 -0.015482088 0.585183482 
1.219998983 -0.048817611 0.918343067 -0.094446652 0.044263738 -0.005666370 0.000089134 -0.951669359 
-0.637132895 0.909329199 -0.046612516 -0.317704431 0.122370940 -0.012856698 0.760560526 
1.734634037 0.499681669 1.566432614 -0.641007167 0.271106935 -0.050159767 0.003425886 -2.328094841 
0.541002232 -0.279784645 0.632370574 -0.470829506 0.130630803 -0.012101346 0.209734567 
21.899011844 -10.244340867 6.346749787 4.399015830 -1.181046599 0.172633590 -0.010331531 -20.317576031 
0.560961027 -0.179199933 0.431789976 -0.313987056 0.085492011 -0.007806372 0.146336923 
3.125771278 1.748415366 2.867975648 -2.053465232 0.891065268 -0.175150836 0.012908437 -5.359176593 
2.272011637 -1.417008360 0.931474479 -0.359805458 0.069775834 -0.005153456 -0.788507663 
55.373855741 -26.560111901 15.113935846 11.502732272 -3.127730649 0.466805686 -0.028945062 -51.686471201 
2.704925856 -1.892362965 1.150587247 -0.357543766 0.053236684 -0.003001789 -0.990986407 
43.819617016 -20.818029916 12.121705888 8.932239866 -2.400491506 0.354339451 -0.021790480 -40.931039302 
2.642660149 -1.414449841 0.545035795 -0.014384669 -0.029898964 0.004107647 -1.060715312 
19.393892113 -7.334903709 6.714332488 2.484266258 -0.507633244 0.055671351 -0.002545652 -19.739153493 
2.332677789 -0.906120806 0.049737158 0.253700924 -0.095611976 0.009878905 -0.950127130 
16.438789265 -6.939708268 5.222271602 2.673663627 -0.631659293 0.080709812 -0.004256093 -15.773940689 
3.945544821 -2.458607407 0.988473686 -0.005704385 -0.064698160 0.008737099 -1.673785638 
1.773339193 0.652788663 1.571939284 -0.784874911 0.331305038 -0.061271796 0.004157000 -2.412215785 
4.770381152 -3.355181114 1.431492436 -0.018669006 -0.095480497 0.013335073 -1.964538291 
-10.228398162 6.391605394 -1.673410408 -3.287255794 1.035540139 -0.173661143 0.011878312 9.019569535 
3.223291182 -2.238739510 2.632276165 -1.567661196 0.401544295 -0.036138620 -0.417187030 
-12.727213950 7.607443915 -2.248379912 -3.859906886 1.215019153 -0.205159157 0.014132098 11.293410628 
-0.236324276 2.028166139 -0.986375242 0.083026108 0.039900083 -0.006386990 0.989664461 
1.514708484 0.387086462 1.512998316 -0.482541676 0.206499636 -0.039701535 0.002902230 -2.027552233 
0.660912203 0.721427448 -0.100988055 -0.184084139 0.075308080 -0.007969107 0.605222953 
22.764748158 -10.555539458 6.719019839 4.463819317 -1.176355057 0.169459866 -0.010074304 -21.296159194 
1.340062099 0.059371061 0.154976430 -0.170307430 0.051713410 -0.004879550 0.188115853 
50.452358087 -25.430032625 13.404981984 11.622716626 -3.325381973 0.518090030 -0.033214954 -46.124348567 
2.651536388 -1.240075807 0.897533433 -0.375092157 0.077673363 -0.006087062 -0.539566344 
54.893489506 -26.555835065 14.922204264 11.519173395 -3.111855515 0.458358427 -0.027927995 -51.024457849 
2.704731248 -1.177057556 0.701513501 -0.210062162 0.031406733 -0.001947775 -0.551122011 
44.884705198 -20.587246294 12.845888747 8.502620197 -2.194731935 0.310337683 -0.018190917 -42.642689548 
3.653028223 -1.964640309 0.984100374 -0.197393581 0.007587428 0.001134053 -1.103037937 
53.182605757 -25.510657216 14.698934280 11.074171451 -3.019533473 0.451710088 -0.028048093 -49.744302909 
3.192209026 -1.453575108 0.451989259 0.102931069 -0.068039680 0.007951834 -0.960869246 
33.397046210 -15.340416265 9.763166904 6.395075965 -1.665180186 0.236416753 -0.013838997 -31.676506626 
4.886042976 -3.548485878 1.874380666 -0.350900502 -0.001903328 0.004473326 -1.679321515 
20.962147420 -9.289782503 6.461627988 3.796187967 -0.979227258 0.139726953 -0.008301870 -19.986389067 
3.723610792 -2.482019793 0.959171508 0.159859322 -0.139267333 0.018130797 -1.135465778 
1.668217039 0.080180057 1.228357308 -0.376112390 0.201407148 -0.042767669 0.003285927 -1.637688762 
