0.054627954 -0.046217025 0.065346960 0.897747336
0.048337718 -0.041813861 -0.106965012 1.018365714
0.048060739 -0.041564580 -0.037325612 0.955690256
-0.057043263 0.074049826 -0.043419019 0.962393004
-0.007595089 0.009767202 -0.077599269 1.006827327
-0.023167377 0.033125633 -0.031785361 0.938106466
0.028133710 -0.054086217 -0.055776258 0.978890992
0.026336848 -0.050672179 0.149895304 0.588115028
-0.036691842 0.081688064 -0.023638004 0.952534960
0.366703836 -0.846121977 -0.186733261 1.327654042
-0.323237952 0.878732494 -0.015227996 0.898890879
0.106929646 -0.325736759 0.062763080 0.680515871
-0.088833709 0.300705984 -0.123284876 1.275869339
-0.000730404 -0.034086571 0.112813196 0.378696675
0.031800543 -0.022267808 -0.064958338 0.991390826
-0.021736033 0.015207795 -0.075971191 0.999099823
-0.015427921 0.009530494 -0.070213659 0.993918045
0.011051499 -0.019596868 -0.057437738 0.979864532
-0.008893451 0.006331566 -0.080913584 1.010383130
-0.023654575 0.028473252 -0.058829174 0.977256515
-0.076297684 0.117966539 -0.135588098 1.107746690
0.121639283 -0.258113693 0.070315029 0.716530754
-0.060415979 0.124202339 0.055319356 0.748021665
-0.035396852 0.066658350 -0.200042975 1.335355014
0.034172376 -0.107264721 0.022599899 0.778747828
-0.107333222 0.288950948 -0.026268506 0.915579360
0.091310509 -0.346709002 0.111699718 0.474081037
-0.054154048 0.206056307 -0.102802968 1.289191235
-0.021007269 0.013869278 -0.103703445 1.023918006
0.055823176 -0.039912033 -0.047246519 0.984398158
-0.031424171 0.038610577 -0.142478909 1.070107307
-0.085678238 0.098290052 -0.056262930 0.975269729
0.079010841 -0.115805743 -0.060727284 0.981073388
-0.045756999 0.071346017 -0.019029970 0.918527418
0.092975954 -0.164500010 -0.237734105 1.290324456
-0.071340997 0.147702194 0.026891837 0.787535173
0.068058509 -0.145036756 0.066140576 0.705112825
-0.060944985 0.151671273 -0.091092565 1.066749042
-0.069547003 0.173176318 0.043424375 0.730456693
0.149181291 -0.439262894 -0.102952247 1.140311227
-0.193673813 0.657873455 -0.023317241 0.885479205
0.000058915 -0.078310903 -0.157861272 1.396746515
-0.083894623 0.054545540 -0.053445998 0.991527887
0.046859954 -0.036982663 -0.128671535 1.044185761
0.003014600 0.002478156 -0.050977754 0.974261361
-0.057620159 0.069176392 -0.076395003 1.002220335
0.023513886 -0.036297863 -0.079583209 1.006365003
0.027834961 -0.042779475 -0.045418430 0.955117835
-0.155713178 0.269252370 -0.127448187 1.094568426
0.130028000 -0.273655862 0.130165266 0.605102871
-0.071210539 0.148945050 -0.249807179 1.403044969
-0.015066989 0.019814888 -0.345991171 1.624268147
0.110548808 -0.294224604 0.278234923 0.063702910
-0.088530050 0.263196189 -0.068048074 1.033295285
-0.116344920 0.352203774 0.039184894 0.690149782
0.346348325 -1.406030534 0.030434655 0.723400692
-0.064708115 0.048772334 -0.127614446 1.037809286
0.043195163 -0.026759959 -0.094907885 1.014914694
-0.035373567 0.043951896 -0.111324463 1.029689613
-0.072078747 0.084327594 0.036028040 0.867601856
0.008305761 -0.020172262 -0.156327449 1.117663983
-0.016630763 0.017232524 0.054758178 0.801035543
-0.021440329 0.025408787 -0.060346744 0.996713916
-0.197661697 0.360229381 0.032579314 0.820154407
0.019576806 -0.095971453 -0.004126429 0.897236464
-0.200580702 0.410390803 -0.219680615 1.393011081
0.051058589 -0.218707423 -0.080760929 1.045711867
0.110808110 -0.386006079 -0.097037829 1.091287186
0.015810864 -0.082014889 -0.024309162 0.858555450
0.009987642 -0.059886647 0.081190919 0.457655147
-0.016888121 0.011180522 -0.087214714 1.016621652
0.025962800 -0.018815122 -0.055284503 0.994270505
0.020753292 -0.014126565 -0.131291120 1.062676458
-0.013679804 0.023749841 -0.083580345 1.010194605
-0.015216577 0.025747646 -0.032954804 0.944381404
0.002045623 -0.000145654 0.012310442 0.876483534
-0.062039140 0.108798445 -0.055862387 0.992377348
-0.136421125 0.250124216 -0.029528152 0.942342301
0.196883337 -0.449815122 -0.059247003 1.004751885
-0.078865852 0.184407999 -0.045346309 0.972780290
0.024781703 -0.074710888 0.000767509 0.857495745
0.076413649 -0.219280334 -0.090617516 1.113373811
-0.103606362 0.356783710 -0.070471179 1.048905531
-0.043538090 0.128524277 -0.294553283 1.900417515
-0.000948765 0.000737837 -0.065761809 0.992389144
-0.022700853 0.015964299 -0.030648412 0.967809767
0.046167805 -0.046017492 -0.089525261 1.020798930
-0.048606115 0.058233822 -0.060728214 0.989122178
0.008582899 -0.016111893 -0.128831833 1.077656879
-0.051254543 0.073644270 -0.034951261 0.936836022
-0.047652566 0.067520909 0.061911367 0.772169549
0.239196990 -0.477493240 0.003593565 0.882973371
-0.223630269 0.494443959 -0.049563933 0.994604111
0.087413872 -0.220957550 -0.130068629 1.179764909
-0.012198342 0.028072985 -0.134752812 1.191475365
-0.040532266 0.107407971 -0.059481100 0.980714577
0.022592828 -0.094592332 -0.054517993 0.964832634
-0.076321175 0.281280872 -0.105765766 1.159574170
0.029309744 -0.020431447 -0.030081274 0.973855079
0.003331587 -0.002246737 -0.098540789 1.021776739
0.000918062 -0.000074565 -0.065038487 0.991624668
-0.036774252 0.041386982 -0.130674290 1.063824052
-0.001772411 -0.004115410 -0.078786593 0.996370049
-0.074339084 0.104734599 -0.020310874 0.908656471
0.117825616 -0.221945399 -0.012791459 0.895873466
-0.006602017 0.014467099 -0.140522471 1.138562384
0.165032996 -0.345966411 0.049998152 0.738469094
-0.119105265 0.307551576 -0.273783142 1.483166055
-0.048464214 0.130948948 0.010872882 0.771525995
0.071536133 -0.205052017 -0.070395900 0.999078581
-0.038999854 0.148663147 -0.139401875 1.219897705
-0.081328607 0.309512406 -0.084940871 1.012945891
0.003542509 -0.005749597 0.049355331 0.923000662
0.030648026 -0.024723459 -0.098015374 1.026160154
0.040814518 -0.033873301 -0.057758675 0.989929126
-0.118603944 0.141487011 -0.190365681 1.135796835
0.091253367 -0.131327484 -0.049703407 0.952935886
-0.008030413 0.017598186 -0.070955736 0.984814380
-0.076995685 0.134839151 -0.094517801 1.024869891
0.147762552 -0.292201492 -0.189311572 1.204978054
0.001539336 0.014867246 -0.029694431 0.869782072
-0.459137422 1.074423767 0.121622653 0.521752788
0.085913540 -0.288203637 0.060398390 0.674813445
-0.062780393 0.128139369 -0.028944903 0.924974659
0.018101126 -0.130681497 0.050683030 0.670165272
-0.023759633 0.028389385 0.106240145 0.459048237
0.081428657 -0.057147925 0.163149843 0.841292496
0.053805838 -0.037811952 -0.025063755 0.973042012
-0.065820610 0.069851848 -0.097744740 1.038454897
-0.063659726 0.067474876 -0.103739537 1.045049174
0.010335438 -0.028718834 -0.115543576 1.060394425
-0.033654102 0.037265475 0.054569827 0.805224319
-0.067301258 0.094465644 -0.011360947 0.917306639
0.173217513 -0.362520016 0.035291029 0.828667886
-0.374628441 0.787956436 -0.102866267 1.118798195
0.258115012 -0.667353477 0.006188749 0.867971662
-0.109896932 0.252676383 -0.112406431 1.164459611
-0.005986046 -0.038274091 -0.069822503 1.045224617
-0.009299878 -0.027669829 0.026357973 0.737447088
0.127369974 -0.547015261 0.041531997 0.679785796
0.020873665 -0.016842197 0.064553920 0.925137250
0.041552865 -0.031317637 -0.046603682 1.002947570
-0.030418287 0.033456398 0.020731385 0.942346012
0.012320056 -0.013555781 -0.142185739 1.121554851
-0.001084232 0.003869793 0.062524661 0.855431341
-0.033047624 0.051814882 -0.075064582 1.061815205
0.151066441 -0.261179037 0.039925292 0.866332415
-0.214493985 0.433385762 -0.144491247 1.216723835
0.171546104 -0.377298386 -0.091081538 1.104563450
0.127387138 -0.275732766 0.160579047 0.525744117
-0.088898765 0.264981989 -0.086566025 1.143606796
0.006356894 -0.001733852 -0.019727792 0.956459747
-0.004389054 0.032653183 0.052533953 0.725222161
0.105086194 -0.383352754 -0.129747995 1.417893552
0.043456444 -0.021327988 -0.021543802 0.990526051
-0.059070640 0.050440970 -0.102872259 1.047455970
-0.016347459 0.011990108 -0.055267202 1.004611419
-0.011897946 0.007095643 -0.080197184 1.032034401
0.016088803 -0.029287129 0.005658268 0.920422318
0.083028426 -0.129696563 0.011179743 0.912140105
0.038952175 -0.054766935 -0.080037742 1.067209833
-0.129496471 0.265285490 0.096502637 0.731783118
0.020624754 -0.049969069 -0.149407649 1.248194695
0.108767006 -0.252696245 -0.033713273 0.982097635
-0.092479865 0.250420933 0.014111203 0.862536445
0.143280468 -0.409707988 -0.139686581 1.293170233
-0.089653539 0.335680845 0.001833439 0.840306162
-0.089158603 0.333800090 -0.000267774 0.848290771
-0.000104329 0.004241228 -0.007350743 0.983370036
-0.024590379 0.021381463 -0.089362567 1.040778312
-0.017914165 0.015372870 -0.059575424 1.013969884
0.029265073 -0.036524293 -0.004014672 0.952853055
0.025422190 -0.031528546 -0.040425947 1.000187710
-0.063816785 0.102329917 0.043986429 0.873569147
0.056710243 -0.102566035 -0.077121285 1.079452267
0.043376432 -0.077231795 -0.088685187 1.101423679
-0.020842720 0.057628417 -0.015632804 0.948013684
0.008093852 -0.008925698 -0.115443143 1.177577457
0.085890136 -0.203416406 -0.076236538 1.079560946
0.026146977 -0.036135565 0.034493349 0.769517268
-0.016584281 0.100604464 -0.044004129 1.020709201
0.046746850 -0.140053831 -0.214017195 1.666758844
-0.029036910 0.021686090 -0.057142976 1.019544246
-0.021329838 0.016291140 -0.154972384 1.088024829
-0.017363581 0.012721509 -0.022696847 0.968976850
-0.010606082 0.005288260 -0.023290523 0.969629893
0.037583147 -0.057357736 -0.067782088 1.027468925
-0.061093821 0.090657717 0.007341204 0.914783987
0.022865267 -0.052072738 -0.049849766 1.012008640
0.038043028 -0.080910483 -0.007236901 0.931044196
-0.125555944 0.262647343 -0.028004044 0.974655194
0.033338872 -0.102810727 -0.282695822 1.560446273
0.100679085 -0.271161258 0.231797136 0.274213878
0.005406634 -0.004398400 -0.183738575 1.437713849
-0.065742028 0.223277319 -0.046954460 1.000004675
0.087352961 -0.358483631 0.165049965 0.194387868
-0.022874745 0.013829011 -0.055437985 1.016948553
-0.006469398 0.002345268 -0.110251612 1.055318091
0.026104015 -0.026970802 -0.086277107 1.033741036
-0.016469183 0.019859717 -0.039783432 0.982597994
0.088853222 -0.117059405 -0.077216905 1.031261506
-0.116892841 0.191559690 0.008341668 0.902923647
0.052056652 -0.095654457 0.018719143 0.885281938
0.093145150 -0.173722602 -0.061868153 1.038397800
-0.113370862 0.259961003 0.137843755 0.619002812
0.008982954 -0.021452768 -0.385863093 1.823528537
0.039601974 -0.098000317 0.226529078 0.292548109
0.042085770 -0.104954946 0.020814533 0.868548825
-0.024908349 0.109426238 -0.083417310 1.202090727
0.065077700 -0.232520742 -0.189208623 1.604097713
-0.060520777 0.040717872 0.006610155 0.973046064
0.041253130 -0.030523862 -0.131329008 1.069603477
0.011806897 -0.004022253 -0.015668865 0.965509351
-0.088010927 0.105777356 -0.043041721 0.995619494
0.069381019 -0.098832167 -0.006904302 0.948640851
0.035841186 -0.048522418 -0.035043648 0.990849870
-0.170751974 0.302685964 0.083206624 0.789824401
-0.102688102 0.173364609 -0.120399935 1.176676859
0.095751244 -0.243357998 -0.008194743 0.941045965
0.133283942 -0.329683202 -0.340607085 1.705594337
-0.038238793 0.099123637 0.038451956 0.757946734
0.043439589 -0.129575831 -0.106593494 1.164073987
-0.072428201 0.241201105 0.007885398 0.797741528
0.281994248 -1.105604185 -0.120201342 1.284471131
0.015928676 -0.011251742 -0.041544738 1.007550330
0.038304690 -0.026914951 -0.082616811 1.036300781
-0.051632522 0.054028537 -0.038556447 0.996646455
-0.002063214 -0.000497702 -0.141327134 1.109694212
0.014524913 -0.022062267 0.055936264 0.853251805
-0.037188147 0.055507323 -0.005503594 0.945411591
-0.068082245 0.108027291 -0.008053484 0.949746405
0.069180049 -0.152771063 -0.152673478 1.224524389
-0.060806805 0.120201316 0.071455521 0.753853513
-0.091837967 0.191572989 -0.198694122 1.375197680
0.274602790 -0.724528904 0.032375261 0.797524221
0.058703260 -0.120010230 0.116070332 0.563178026
-0.076077059 0.311286795 -0.081516219 1.195455000
0.252718279 -0.938135474 -0.016487614 0.948346305
-0.024787520 0.018259861 -0.092108255 1.025769117
-0.045446355 0.032721046 -0.054945651 0.999755295
-0.014321829 0.004708972 -0.010188220 0.959473607
0.012325649 -0.024603254 -0.074116316 1.029794515
0.025645049 -0.041918474 -0.160082242 1.141550215
-0.018704125 0.024605288 0.054985868 0.818948050
-0.028253652 0.040839485 -0.041602567 0.983148393
0.016293131 -0.043799403 0.126303480 0.664126909
0.048395506 -0.111214387 -0.026068383 0.984107807
-0.111429442 0.256382987 -0.160957834 1.294353538
0.189117347 -0.494983988 -0.066442898 1.058066196
-0.067989978 0.224916510 0.151671135 0.447346915
-0.055743303 0.185727152 -0.006602805 0.953823530
0.234879116 -0.918638026 0.045182261 0.757040284
-0.006870214 0.006164855 0.016302467 0.950414717
0.003827214 -0.001323344 -0.068307821 1.009641918
-0.022473701 0.022347479 -0.035885862 0.980462155
0.014958668 -0.018828128 -0.134240437 1.088652190
0.015124927 -0.019044265 -0.003849565 0.919144063
-0.091756931 0.141278522 0.089300850 0.779418441
-0.056156112 0.080757129 -0.134806383 1.160400747
0.050258599 -0.121430819 0.079872339 0.752511181
-0.183824182 0.370142999 -0.166666468 1.270242651
0.265838470 -0.664081081 -0.024339253 0.942890063
-0.096827501 0.242583847 0.044434078 0.770956737
0.061008895 -0.199358054 -0.076795798 1.110400383
0.038934727 -0.128720717 0.050668724 0.702513905
-0.073125297 0.297107370 -0.023257287 0.983432744
0.027303374 -0.017702391 0.098856097 0.889934775
-0.067772125 0.048850457 -0.057272020 0.999224456
0.085475238 -0.089072166 -0.072894973 1.013285113
-0.029817017 0.037749317 -0.081417590 1.022659991
0.000580165 -0.001767018 0.008337496 0.905978385
-0.034066192 0.050202518 -0.049512375 0.992753190
0.087173917 -0.155905674 -0.056239983 1.004190124
-0.202632959 0.394727384 0.012521748 0.873542837
-0.020985244 0.013267201 -0.025700921 0.953810438
0.119378995 -0.309570542 -0.172206718 1.290773766
0.126737438 -0.327966652 -0.098911341 1.107535322
-0.115216487 0.349504327 -0.081230085 1.058027805
0.132243918 -0.442368980 0.200134647 0.157660651
-0.101554062 0.446063334 0.029013606 0.807920600
-0.025831835 -0.041874475 0.007162095 1.112995744
0.200290506 -0.200160111 0.486932426 0.777156517
-0.011730620 -0.009341103 -0.026445979 1.239197069
-0.001137024 -0.020994058 0.014789706 1.193837815
0.032423215 -0.064622367 -0.040382137 1.265561209
-0.234590825 0.335898692 0.002434849 1.201335729
0.188678943 -0.383659934 0.332562446 0.640118798
-0.193245592 0.341996674 -0.154072697 1.564725560
-0.117360363 0.182637700 0.088087895 1.056188338
0.556155283 -1.366448253 0.399286652 0.340431213
-0.406719765 1.040739368 -0.314644625 2.125259405
0.383429585 -1.171678775 -0.147419239 1.657028331
-0.059884833 0.246927384 0.297819423 0.232264591
0.253257459 -0.943013313 -0.471911086 3.157240490
-0.006170348 -0.039523341 -0.021864773 1.132205904
0.043096042 -0.074009813 0.386065268 0.846654880
-0.008803418 -0.027300300 0.131106345 1.076117904
0.080369535 -0.125390550 0.087924631 1.123617791
-0.071972480 0.072654061 0.067824705 1.149747694
-0.054597227 0.046591182 -0.166681369 1.501506805
-0.033802439 0.011240043 0.587122054 0.220040950
-0.163349922 0.257380255 -0.406713631 2.108328728
0.046570662 -0.183452951 0.299498367 0.625283599
0.317269660 -0.806060633 -0.140513744 1.637311434
-0.193382871 0.470570695 0.006805262 1.269013919
-0.006802863 -0.051853319 -0.284017257 2.083316957
0.337709192 -1.154291912 0.108082709 0.828597048
-0.100116410 0.509445355 -0.182013224 1.930961582
0.015756936 -0.045928978 -0.013243557 1.121775568
0.002839063 -0.036886467 0.501157671 0.761694714
0.024652587 -0.056518638 0.007087587 1.206357779
-0.133725490 0.117697250 -0.005426409 1.220123174
0.048070036 -0.118636924 0.017887350 1.189815289
0.153535288 -0.276834804 0.035962454 1.162702633
-0.150958130 0.240804022 0.342528943 0.641539588
-0.247458848 0.424155384 -0.134414483 1.547732084
0.330281607 -0.789099517 -0.118981571 1.515322972
-0.103657947 0.208961438 0.052931892 1.119922014
0.037413804 -0.143717941 -0.180441567 1.703355662
-0.190009979 0.493068641 0.576366049 -0.415705626
0.068338239 -0.333645667 -0.434812376 2.820065383
0.306134522 -1.237271531 -0.290094855 2.270138807
-0.057002477 -0.015036948 -0.034019353 1.120031179
0.152472257 -0.161669260 0.590456163 0.682898325
-0.115364343 0.079383675 0.053797947 1.165890706
0.020789064 -0.070385077 -0.117877168 1.354733337
-0.096126101 0.081604633 0.114761564 1.052302998
-0.018447596 -0.034913126 0.090361812 1.088902625
-0.099750234 0.103301363 -0.186713405 1.559930507
0.331922600 -0.716877010 0.315554851 0.605620833
-0.233939467 0.471433276 -0.308806227 1.916779036
0.110979911 -0.321881277 0.489029172 0.081757658
0.005794268 -0.058917170 -0.380691350 2.256058963
-0.165286565 0.420109154 0.205928634 0.613523035
0.249218657 -0.906307578 0.541911807 -0.461623136
-0.420269749 1.637748335 -0.653356800 4.080397514
-0.073640714 0.005846410 0.019431711 1.111517488
-0.000080317 -0.045645867 0.529418619 0.754526659
-0.005597545 -0.040680361 0.052430021 1.183816386
-0.000307560 -0.046499345 -0.072320726 1.321042210
0.031813618 -0.088256875 -0.045953382 1.286764665
-0.119628915 0.138906924 0.106111144 1.058667877
0.020567354 -0.099426739 0.242992130 0.825970192
-0.033971624 0.004197316 -0.461278127 2.164083664
-0.022637354 -0.019604648 0.260592637 0.648155129
-0.041674999 0.024181933 0.252470314 0.666836472
0.037071711 -0.172684841 -0.148958786 1.670409222
-0.012377237 -0.034227790 -0.138468411 1.641036173
0.115267195 -0.442689977 0.158586130 0.690461627
-0.164336368 0.619803549 -0.082970863 1.608378187
-0.020600912 -0.023687476 -0.005401969 1.121427119
-0.021302739 -0.023196197 0.521153839 0.752838060
-0.059872889 0.011516937 -0.048447836 1.265479553
0.016620836 -0.072626162 0.144533567 1.053200006
0.033431678 -0.094480257 -0.049930799 1.306003672
0.034812755 -0.096551872 0.057759867 1.144467673
-0.001946260 -0.034061544 0.060820005 1.139265438
0.094439971 -0.217195380 -0.069119955 1.386151359
-0.345754159 0.707212250 -0.266829665 1.801341732
0.021541672 -0.137568144 0.599571920 -0.191381872
0.428833732 -1.155798293 -0.034862762 1.394704833
-0.337752191 0.990642254 -0.256867049 2.016316826
0.022067319 -0.160780196 0.096381521 0.885921385
0.120827502 -0.536068887 -0.313749183 2.444418039
0.092254044 -0.095293806 0.007552505 1.113410771
-0.015291871 -0.020011667 0.622245110 0.683125954
-0.097071766 0.053590237 -0.031520121 1.271514647
0.015664125 -0.070419245 -0.054327269 1.296602510
0.060455133 -0.128647554 0.093328334 1.104650233
-0.158585850 0.199913920 0.003497600 1.239396335
0.162920805 -0.346647409 -0.007836225 1.258663838
0.251985734 -0.515870771 0.008475187 1.227672154
-0.348616406 0.745393666 0.189591005 0.847328955
0.113711051 -0.317959463 -0.096639968 1.505660178
-0.098183407 0.211776681 0.041693853 1.159825626
0.002038562 -0.068844827 0.131428508 0.908568595
0.251428270 -0.866891905 -0.084569468 1.599762129
0.327270060 -1.155090702 -0.478528245 3.096805464
0.083125639 -0.082508465 -0.065632466 1.167159142
-0.181155709 0.102488476 0.601884163 0.699897510
0.021998374 -0.080350194 -0.096643544 1.328572429
-0.001494047 -0.054508531 0.088405641 1.125018321
-0.061321914 0.023267694 0.091303565 1.121251020
0.016535293 -0.093518117 -0.078161936 1.375449272
0.074240778 -0.191617444 0.011025075 1.223831348
-0.067701178 0.078072268 0.167801440 0.925956258
0.174802202 -0.431184806 -0.187785581 1.672688968
0.158974362 -0.394780776 -0.172024924 1.636439459
-0.276981526 0.695108945 0.262770695 0.549450412
0.281779606 -0.869422197 -0.081081669 1.512237014
0.037327874 -0.087176644 -0.192918609 1.870115229
-0.209777396 0.851823369 0.041833075 0.978058837
0.088026408 -0.085488913 -0.078312759 1.170594516
-0.187003745 0.107032190 0.608727968 0.689666015
0.048188984 -0.104641260 0.053064810 1.189762843
-0.054834300 0.008684354 -0.085735948 1.342443681
-0.010866595 -0.048473660 0.135971275 1.054224301
0.096266563 -0.209173397 -0.018455978 1.285865181
-0.140297184 0.192984984 0.062285088 1.148605365
0.074804098 -0.215707446 -0.142675093 1.538029705
-0.264393680 0.496607856 0.068816526 1.093897324
0.521424223 -1.310773284 0.095985509 1.031408665
-0.142515467 0.349075941 -0.031283701 1.349581691
-0.010604865 -0.020273738 -0.091906168 1.519324595
0.016323057 -0.106443091 0.302686143 0.256629179
0.694516268 -2.683577259 -0.821045686 4.526810078
0.043406880 -0.064081299 -0.124658950 1.189266387
-0.193244063 0.101574358 0.666879455 0.635189513
0.059945830 -0.126296539 0.076843482 1.166221875
0.030542809 -0.093953216 -0.052257199 1.308232627
-0.140066598 0.127839005 0.054944145 1.168870886
0.173300091 -0.342211028 -0.049305546 1.325245422
-0.013713748 -0.024287492 0.012595658 1.220013372
-0.126295340 0.189617528 0.030343543 1.186292390
0.122278490 -0.332387490 0.077317935 1.087646173
-0.128720596 0.244910394 -0.316026135 1.992337515
0.079407928 -0.275410915 0.358662265 0.305616514
0.079205604 -0.274844407 -0.126008063 1.662693410
-0.151109179 0.462162910 -0.116917311 1.633603002
0.224078153 -0.963548933 0.283779817 0.110953936
0.035936294 -0.070457592 0.047827366 1.068501411
0.016761013 -0.057034895 0.682346265 0.624338189
-0.008364448 -0.034421981 -0.048630822 1.282217551
-0.067828229 0.030988180 -0.009097460 1.238730852
0.070553312 -0.148907817 0.102790570 1.093276418
-0.204697203 0.263967955 0.207821677 0.935729757
0.273589413 -0.549119314 -0.312649719 1.820531156
-0.040713479 0.048056174 0.123528882 0.991791823
0.235448270 -0.531883473 0.071734769 1.100559456
-0.534379220 1.238719716 0.202181291 0.800532462
-0.259348245 0.551142279 -0.247100234 1.923736273
0.302324409 -1.021541126 0.070670528 1.033978155
-0.103439929 0.276904775 0.173044232 0.706382298
0.074979234 -0.401088036 -0.506650761 3.289223240
0.021359102 -0.062679697 0.034298899 1.089230060
0.002920013 -0.049772335 0.551828775 0.726959152
-0.084354783 0.028774979 0.000029802 1.223578215
0.034023275 -0.101440887 -0.035514844 1.262677327
0.049566428 -0.121646986 0.096863485 1.090585505
-0.180274205 0.223113964 -0.000320673 1.236361742
0.085281984 -0.228331570 -0.076075820 1.365145495
0.009418282 -0.084190539 0.272188284 0.703443706
0.302133358 -0.698892169 -0.211704323 1.719618135
-0.226039162 0.515904601 0.006273387 1.218269411
-0.027156464 0.018697856 0.010866326 1.206787065
0.188650751 -0.585562336 0.113407942 0.919670544
-0.063547850 0.221473199 -0.107146320 1.625444194
-0.476009758 1.788828429 -0.446178120 2.913765018
-0.003840234 -0.040960552 -0.020398499 1.118519486
0.036142526 -0.068948484 0.624501742 0.667089324
0.018996741 -0.053517277 -0.016661282 1.244136031
-0.068125172 0.042316828 0.121609016 1.092038700
-0.030197047 -0.006989732 0.022547240 1.220819004
-0.041223550 0.009550022 -0.048069942 1.326744778
0.172365677 -0.353551673 0.011225943 1.225941770
-0.009836642 -0.007367272 -0.029900681 1.304082354
-0.402038560 0.816256719 0.201827836 0.817452491
-0.048347626 0.002767586 -0.081530194 1.469175946
0.356889346 -1.010324843 -0.056537399 1.406693958
-0.061872370 0.162207943 0.085841695 1.008032503
-0.069025064 0.185096564 -0.016698244 1.336160311
0.135145116 -0.590750112 0.590748673 -0.972137944
-0.004594680 -0.042681077 -0.030903222 1.124454201
0.041910655 -0.075234811 0.677511136 0.628564159
-0.098174768 0.050842066 -0.090706923 1.319960394
0.019413556 -0.078505094 0.230264150 0.966892206
0.030895222 -0.093431259 -0.026901358 1.301207354
0.046374600 -0.116650326 -0.088269689 1.393259851
-0.199174971 0.300783957 0.016487247 1.215173055
0.063235708 -0.197796327 -0.071212079 1.381801771
0.339989978 -0.778980268 -0.097755766 1.437543513
-0.601742260 1.387003836 0.102351880 0.977295937
0.176085038 -0.557564411 0.238209603 0.637651627
0.040461123 -0.177817454 0.061115906 1.133513971
0.008120650 -0.074327939 -0.090214028 1.617769768
0.229132874 -0.914174379 -0.028022827 1.381443208
-0.007930287 -0.037224095 -0.061478022 1.153371157
-0.112119435 0.035708308 0.588002240 0.698734981
0.075967424 -0.133569861 0.070794208 1.164222198
-0.016652463 -0.031687983 -0.005469324 1.248112085
-0.000201277 -0.053074524 -0.029972785 1.279966582
-0.055768681 0.030276582 0.097160912 1.089266037
0.070642370 -0.184622211 0.019050843 1.222053158
-0.233168760 0.392618928 -0.165190756 1.572112192
0.005934759 -0.109498438 0.160520635 0.888118303
0.485755607 -1.213086367 0.209662864 0.775091177
-0.079505286 0.200065867 -0.045828429 1.413819411
-0.237776892 0.643226357 0.029035502 1.204200408
-0.145784925 0.348852057 0.131887616 0.875073638
0.200207576 -0.965919431 -0.116920925 1.820546082
0.057865031 -0.079728905 -0.015869738 1.108539761
-0.008668751 -0.033155258 0.449665216 0.782665299
-0.083247720 0.033965812 0.255706249 0.957228364
0.031731382 -0.092511203 0.064051174 1.168048951
-0.025923395 -0.017559996 -0.110474203 1.394931933
0.039126938 -0.115135496 0.128743022 1.036106096
-0.124100957 0.162351934 -0.148418003 1.507279851
-0.262358953 0.425042123 0.031777036 1.164909282
0.274283895 -0.701907807 0.135405627 0.947289250
-0.072206800 0.095020776 0.099753118 1.029290020
0.194215079 -0.571033922 0.057735452 1.134334184
-0.221624019 0.593315532 -0.085845271 1.536360202
0.198854888 -0.752216991 0.402588908 -0.026629195
-0.117070312 0.448298754 -0.704244641 4.179338238
0.008414481 -0.040822050 0.021545292 1.092362940
-0.078230766 0.019829622 0.362752698 0.853517760
-0.017347276 -0.034965517 0.302814769 0.907461894
0.018391169 -0.074277807 -0.013270383 1.255155569
-0.004577133 -0.044419016 -0.035980931 1.284679281
-0.121744395 0.131331877 0.224138445 0.894500217
-0.005776921 -0.065812834 -0.057702085 1.373629131
0.139571106 -0.341974082 0.114848059 1.045783862
-0.164651794 0.296893979 0.046196569 1.189951984
0.204012140 -0.551033053 -0.248764694 1.868362875
-0.016372355 -0.000071813 0.173695115 0.812213352
0.015932830 -0.090526331 -0.092364826 1.557181173
0.039394309 -0.165603064 -0.111177184 1.617380721
0.122923856 -0.483015340 -0.116123117 1.636175266
-0.001493972 -0.031616179 -0.013653637 1.115689576
-0.117232006 0.049400443 0.384764098 0.836797166
-0.066131841 0.003410296 0.262187657 0.947115961
0.073915039 -0.150641275 -0.011727814 1.248422985
0.021652630 -0.082700146 -0.158317647 1.438989761
-0.180320231 0.220259146 0.259866653 0.811713312
0.136508171 -0.318349153 -0.026013860 1.297710197
-0.043707021 0.024059708 0.065975809 1.122929828
0.297490609 -0.692455283 -0.118218036 1.509736885
-0.396551605 0.903841776 0.017372962 1.197877596
0.015745091 -0.126899964 0.282439833 0.535210418
0.044860997 -0.208424499 -0.211828301 1.919161168
-0.078468025 0.186228376 0.097659842 0.928799098
0.408943450 -1.665935206 -0.479302286 3.121255156
-0.023963863 -0.020013779 -0.023275615 1.115627886
-0.123499844 0.049661407 0.402384424 0.817665863
0.012930927 -0.073126283 0.354688083 0.860592569
-0.017648755 -0.039488632 -0.055900236 1.312239730
-0.086476782 0.049987799 0.125477284 1.076448962
0.132604210 -0.278633689 -0.100483870 1.415390694
-0.253759713 0.378184999 0.121516629 1.037989835
0.217932373 -0.518029954 -0.136076857 1.527417451
0.343590688 -0.781912403 0.062912688 1.109539427
-0.438536338 1.016979720 -0.472516901 2.341027455
-0.149002397 0.293144866 0.297042576 0.417128763
0.177692589 -0.621601078 0.110413108 0.939691265
-0.234384133 0.697044452 -0.120257556 1.677837399
0.158443740 -0.795701446 0.011094660 1.178698985
0.007399712 -0.039514231 -0.002239943 1.109425426
-0.200544254 0.106046543 0.336308499 0.872441520
-0.022960933 -0.053778442 0.353609835 0.856870318
-0.032603752 -0.043171340 -0.091510448 1.346502640
0.084284114 -0.195125561 0.057551251 1.152722439
0.000235960 -0.069053329 -0.048111070 1.311215920
0.076366895 -0.198475923 0.119395299 1.026455086
-0.012220782 -0.030159339 -0.128895686 1.498207952
-0.384067746 0.750719249 0.409344933 0.367902702
0.293856752 -0.808507062 -0.310050175 2.022511417
-0.126010796 0.241161806 0.157682921 0.853178677
0.099316495 -0.389754597 0.041696717 1.177940041
0.108020764 -0.417608257 -0.078637612 1.563009902
0.464330292 -1.771584448 0.046871754 1.086074314
-0.035757760 0.049565931 0.053205493 0.913424013
-0.083581470 0.083042528 -0.073691611 1.002251985
-0.022213159 0.027811049 -0.131309001 1.054107635
0.062318782 -0.065174088 -0.029725741 0.942366046
-0.014534007 0.034734534 -0.025322729 0.936642131
-0.199758721 0.312571605 -0.071068985 1.005261515
0.016798784 -0.055576163 0.014485424 0.859819015
0.037652575 -0.095198366 -0.125090227 1.125012748
0.018071905 -0.054078962 -0.011008677 0.885441505
0.062297480 -0.155797783 -0.093061902 1.074163918
-0.118878832 0.297142999 -0.110478419 1.117705210
0.294562769 -0.860493464 -0.003822743 0.819069323
-0.220904801 0.789002785 0.043287383 0.668316916
0.120609871 -0.508752953 0.202832905 0.062043943
-0.054776402 0.043817992 -0.080125635 0.999336096
-0.038190352 0.032207758 -0.068685715 0.991328152
0.016704776 -0.017197856 -0.102054154 1.021359747
-0.047625678 0.053565645 -0.036182417 0.948900834
0.000177114 -0.008577983 -0.101421451 1.033711576
-0.010396435 0.007282341 0.009921787 0.866696719
0.099029553 -0.178741845 0.067558909 0.768713609
-0.087767601 0.176172743 -0.092292163 1.072430641
0.209101733 -0.447252830 -0.020944173 0.922599869
-0.193947435 0.479760239 -0.078103524 1.054066373
-0.106234342 0.260477506 -0.253925960 1.493622464
0.024370871 -0.105217085 0.131792544 0.413610672
0.147002636 -0.497638738 -0.148731990 1.311289195
0.207020769 -0.725707642 0.137435951 0.223851030
-0.025023911 0.013884526 -0.064273182 0.995861979
0.021166930 -0.018449062 -0.079223518 1.006327214
0.007072938 -0.005764469 -0.087957361 1.014187673
-0.097084205 0.108808390 -0.100949741 1.028479290
0.167429016 -0.235058784 -0.071282072 0.989911322
-0.134414612 0.217706658 0.014231500 0.861640965
0.053142919 -0.101141154 -0.072451260 1.009001660
-0.147513418 0.280105881 -0.060295186 0.985905121
-0.108559469 0.198302593 -0.276482337 1.439898117
0.010914781 -0.076488177 0.143013562 0.475057568
0.163563070 -0.458108899 -0.197369289 1.326014697
-0.120329876 0.336791335 -0.024335081 0.841518921
0.252461834 -0.856142152 0.088393901 0.480786175
-0.282184806 1.175515052 -0.012142063 0.862822833
0.002915110 -0.006327031 -0.106194026 1.025759342
-0.000598198 -0.003867716 -0.093864208 1.017128470
0.032744692 -0.033876316 -0.071941597 0.997398121
-0.065032731 0.073678853 -0.066331351 0.991226850
0.027714614 -0.046892692 -0.064966067 0.989451981
-0.011154685 0.011411257 0.012994107 0.872511719
0.074865449 -0.134822976 -0.112773220 1.086316183
-0.263766077 0.508576916 0.035221589 0.805126048
0.033973149 -0.116675431 0.054487573 0.764667484
-0.053162804 0.083737258 -0.301717448 1.583939015
-0.099150542 0.198706602 -0.018006367 0.874661314
0.144456949 -0.483394361 -0.014462468 0.864738394
-0.016590741 0.031958256 -0.302506038 1.786477833
0.085666841 -0.356620553 0.184624355 -0.064617637
-0.001154994 -0.008799281 -0.073172752 1.005761894
0.029786509 -0.030458333 -0.153399715 1.061920767
-0.007964609 0.003517673 -0.035206965 0.955547295
-0.052376532 0.052370788 -0.083265632 1.008411830
0.022818101 -0.045382230 -0.028493696 0.937208314
-0.065096727 0.086490011 -0.126548379 1.084290340
0.096931364 -0.188957751 -0.000118613 0.869359732
-0.097050024 0.179606882 -0.039007380 0.943248387
-0.213516192 0.424185823 -0.118815871 1.110846210
0.111675906 -0.323755987 -0.149757528 1.182012022
0.013511407 -0.078344738 0.140025241 0.457555099
0.022820089 -0.104409049 -0.271430249 1.609630450
-0.173175617 0.522777220 -0.040020651 0.869119726
-0.144155183 0.412499573 0.192933765 -0.016107042
0.018113010 -0.009447167 -0.033818783 0.983092816
-0.065739080 0.049249295 -0.086315279 1.019840362
0.011301550 -0.020087270 -0.101675069 1.033664172
-0.017498663 0.011592965 -0.043177620 0.969316977
0.067094693 -0.098378394 -0.063922092 0.996284790
-0.087991247 0.134250517 -0.004547535 0.907222955
-0.003957675 -0.008606560 -0.075123039 1.027201314
0.184397391 -0.366481181 0.032117080 0.823445090
-0.179374487 0.397439728 0.116105350 0.647069732
0.072177386 -0.181129567 -0.279701285 1.557424975
-0.171268567 0.427485314 -0.135421973 1.196726694
0.086190838 -0.293401008 -0.048433531 0.953159059
0.069532759 -0.240095155 -0.136199019 1.234008626
-0.133941223 0.533105970 -0.013960452 0.769502076
0.016268193 -0.008917428 -0.090942090 1.010797414
-0.064030035 0.047291330 -0.020899178 0.961767376
0.021594611 -0.029770849 -0.115029188 1.046484383
0.018327054 -0.026176536 -0.046151595 0.970719029
0.037154502 -0.050652218 -0.089197436 1.026678620
-0.093910967 0.145945986 0.041823377 0.830147401
0.175787534 -0.312541479 -0.134264279 1.129496424
0.054444644 -0.081989990 -0.023943194 0.919886366
-0.093748137 0.229214836 0.026119643 0.814754412
0.096842493 -0.209143605 -0.399176979 1.792936624
-0.071182883 0.210919836 -0.035791204 0.884472186
0.012375635 -0.023044011 0.270469720 0.026941612
-0.071736387 0.246114463 -0.146754010 1.362057569
0.163513348 -0.647834518 -0.010030866 0.842509629
0.019310483 -0.009644539 0.005967617 0.960313082
-0.042214532 0.033422971 -0.083848243 1.023184183
0.026055736 -0.028020270 -0.142608549 1.076068457
-0.039535114 0.044129668 -0.097036694 1.025939416
-0.002323666 -0.004245214 -0.160880348 1.108936163
0.086696998 -0.137776209 0.030266337 0.822216134
-0.151068753 0.266425578 -0.110959152 1.062299473
0.052040946 -0.119482844 -0.028481792 0.905592490
0.187735019 -0.404440385 0.037887385 0.766217225
-0.035566577 0.109153275 -0.044890929 0.956607345
-0.126175100 0.335674582 -0.052880256 0.976580661
-0.048957195 0.119464452 0.233315025 0.175233889
-0.075459430 0.204271607 -0.026734873 1.007393574
-0.254692162 0.885355978 -0.429941292 2.539577948
0.022312270 -0.007375840 0.038117471 0.932352035
-0.024857183 0.025642776 -0.099794573 1.028890464
0.026458910 -0.020541706 -0.062910601 0.995694891
-0.052632155 0.066458468 -0.243735401 1.194602174
-0.085728505 0.109483721 -0.056468533 0.951155255
-0.071378557 0.087958798 0.030626945 0.820512038
0.220968220 -0.409030736 -0.076088038 1.001927515
-0.160260402 0.315303637 -0.133754957 1.111494659
-0.076540988 0.139492876 0.049572873 0.726506233
-0.264717426 0.572298674 0.264033910 0.233245858
0.179420552 -0.538046271 -0.141822718 1.247887429
-0.156701235 0.403094716 -0.136048761 1.231720350
-0.075990098 0.144819073 0.005953710 0.777312434
0.112697475 -0.572193694 0.346032253 -0.514986011
-0.051364086 0.035619003 0.175583373 0.831154818
-0.028898858 0.019893344 -0.030123891 0.975149901
0.065402573 -0.064977942 -0.072889311 1.013638777
-0.032561511 0.042782553 -0.095082853 1.038051675
-0.046249981 0.060577564 -0.069608076 1.004934465
-0.104470475 0.147908304 -0.184954361 1.177953892
-0.148079886 0.222044305 0.161197839 0.589495136
0.148131314 -0.340756967 -0.162493049 1.204507815
-0.118110608 0.218351043 0.106834446 0.638920103
0.292597949 -0.726278618 -0.146280194 1.221083762
-0.189002714 0.477723039 0.078662050 0.658728151
-0.051545908 0.092843987 -0.002728998 0.886623083
0.085336306 -0.345179104 0.009115836 0.848719612
0.217390222 -0.846983978 0.335503688 -0.391554207
-0.002091781 0.000458355 0.065931384 0.923427967
0.025071080 -0.018555647 -0.081340675 1.026518407
0.007069417 -0.002354150 -0.021131630 0.972330267
-0.060861652 0.072370026 -0.083081454 1.040475075
-0.028164264 0.029863423 -0.008957384 0.944113788
0.091990807 -0.150369182 -0.116152140 1.104905921
-0.145716538 0.253733315 0.055207034 0.813595318
-0.008759250 -0.006485528 0.029791604 0.861884634
0.064104897 -0.159500230 -0.099788284 1.134002388
0.097829006 -0.237065679 -0.198806775 1.361744911
0.090788484 -0.219464374 -0.122291068 1.170455643
0.070281068 -0.162043611 0.092473753 0.569114155
0.129097025 -0.350254677 -0.046414343 1.013556069
0.177961710 -0.535940478 0.108460194 0.425032835
-0.004253153 0.003182066 -0.060426298 1.012935551
-0.043246638 0.030477504 -0.053117874 1.007819654
0.010068701 -0.017506299 -0.069831891 1.022862269
-0.057710302 0.057050605 -0.035953237 0.985595748
0.040662884 -0.070834532 -0.025724464 0.972298345
0.022079166 -0.042958955 0.074602348 0.821808126
0.084323485 -0.148774299 0.070162441 0.829355969
-0.224025302 0.437088388 -0.055388232 1.067902244
0.089853059 -0.222056139 -0.122831435 1.209532963
-0.319561538 0.719597413 -0.032656483 1.002130578
0.155910477 -0.469082624 -0.127246599 1.238605868
0.105582385 -0.328163969 -0.269690986 1.637450145
0.103027148 -0.319987209 0.240485607 0.004885023
0.340578129 -1.222680928 0.271690281 -0.113692735
0.042043646 -0.017394117 0.038014951 0.956605582
-0.038160419 0.038748728 -0.123587854 1.069727544
-0.018145644 0.020735431 -0.076026600 1.026922416
-0.040580723 0.045414018 0.027972768 0.912523109
-0.007468735 0.002368436 -0.137256053 1.127320568
-0.003569973 -0.003479707 0.011245606 0.904568080
0.043763757 -0.083947050 0.080045192 0.787608780
-0.020942669 0.038995157 0.054289420 0.836544746
0.114189897 -0.244783218 -0.187555805 1.344419695
0.214057029 -0.474477618 -0.513048944 2.093053899
0.047278921 -0.057532347 -0.005015136 0.822969379
-0.188740125 0.603320970 -0.234492663 1.465506446
0.013639729 -0.044294572 0.245685318 -0.071063119
0.033732592 -0.120647452 -0.119346611 1.316058195
-0.017130199 0.017883936 -0.103834278 1.049025300
-0.042949689 0.035957578 -0.136578389 1.071946178
0.028841836 -0.028654792 -0.003228485 0.951931267
-0.039895613 0.046956402 -0.025118002 0.976009737
-0.142272300 0.180046091 -0.132029919 1.114995224
0.121119953 -0.215042288 0.072581453 0.808078166
-0.073993102 0.116649915 -0.012098257 0.952033677
0.124928038 -0.261300248 -0.093303058 1.106322797
-0.037067570 0.078890514 -0.023418957 0.959566192
-0.239552549 0.544605957 -0.162439308 1.279312991
0.145314691 -0.417562144 -0.034416721 0.959256524
0.057587754 -0.171926725 0.124352396 0.514703005
-0.086042319 0.287689516 -0.069807779 1.136015573
-0.067808991 0.218402870 -0.029011594 0.980990072
-0.015327077 0.009011459 -0.075679128 1.028214248
0.009624268 -0.008454483 -0.078670685 1.030308338
-0.004984500 0.004693408 -0.117427083 1.065189095
0.004699770 -0.005959289 0.022102602 0.911706438
0.053586692 -0.069512286 -0.161584279 1.150499375
-0.041065968 0.072466705 -0.053145873 0.987841766
0.052634485 -0.086824069 0.144544296 0.651768470
-0.092862503 0.189620204 -0.113884549 1.142783269
-0.026079245 0.049375368 -0.256983875 1.443291839
-0.151892152 0.338745049 -0.112051043 1.109946333
0.077044399 -0.233596328 0.204024745 0.319756864
0.065306591 -0.200730467 -0.157533101 1.332118816
0.153475695 -0.482871604 0.138369721 0.385229769
0.374579992 -1.323067922 0.196145487 0.165681864
-0.008638704 0.008076379 -0.099699801 1.036706421
0.021292688 -0.012875595 -0.054658059 1.005177201
-0.075551107 0.074283818 0.043244054 0.917065303
0.025701595 -0.037094156 -0.169262947 1.150823008
-0.032797986 0.038955296 0.081252138 0.825153410
0.065440103 -0.108401837 -0.078590196 1.064916910
-0.065494396 0.114186818 -0.143849007 1.175856893
-0.076186386 0.134501598 -0.191017160 1.265476382
0.075093150 -0.183185413 0.074994844 0.706851199
0.359829183 -0.838078275 -0.248079837 1.449922950
-0.437616614 1.155536217 0.019269787 0.781548890
0.468866192 -1.382615596 -0.157866738 1.277531153
-0.317675733 1.134318600 0.237651108 0.011874027
0.528325451 -2.080485859 0.357282034 -0.442723487
-0.017286280 0.013303489 0.051938298 0.949465631
0.038315361 -0.025617659 -0.142273911 1.085414175
-0.074130363 0.075583490 -0.054772781 1.006663160
-0.028585788 0.025484456 -0.085333020 1.040279424
0.149638436 -0.206207026 -0.025581413 0.962602338
-0.144228077 0.234592742 0.018718536 0.896152414
0.059715818 -0.112111888 0.061308465 0.823749532
-0.119040458 0.227525032 0.000625551 0.939047068
0.004160645 -0.031197273 -0.065836593 1.078617563
0.028244213 -0.086589478 -0.497499288 2.071441741
0.298257660 -0.761623096 0.166445798 0.411579026
-0.076979315 0.289040417 -0.200800252 1.439867949
0.176649476 -0.522571725 0.250465711 -0.004183154
0.048172272 -0.034358357 0.088168686 0.612545534
-0.049513349 0.031097408 -0.016289652 0.983439178
-0.036728768 0.022148202 -0.104410357 1.045123670
-0.032897910 0.018700429 0.010083911 0.942078831
0.028940384 -0.049321696 -0.070015515 1.030188202
0.018703034 -0.036013142 -0.082546155 1.046478033
-0.037058443 0.047629075 -0.022332365 0.956157349
0.102413401 -0.189473067 -0.065673315 1.029836966
-0.055421715 0.110413650 0.014099484 0.878268650
-0.018154360 0.032152207 0.148192609 0.596673100
0.062108810 -0.152453079 -0.701278877 2.550457477
0.030988039 -0.074651152 -0.023746693 0.856627017
0.319144510 -0.881489257 0.303101020 -0.058546565
-0.247253607 0.930984744 -0.061880261 1.109393552
0.032346521 -0.131495727 0.178287561 0.196755839
-0.028656203 0.014219800 -0.042371752 0.987106205
0.050806083 -0.041403800 -0.001302958 0.958358049
0.013084439 -0.007454321 -0.002009868 0.958994269
0.001399336 0.005399292 -0.159469006 1.132199324
-0.033521735 0.050796683 -0.058404789 1.000815847
0.022979210 -0.033954735 -0.016790326 0.938394153
-0.090416244 0.158817542 0.114598911 0.715032443
-0.028762562 0.041675549 -0.083670050 1.091743464
-0.124507340 0.242739572 0.092191078 0.722435112
-0.278852460 0.597733341 -0.082370917 1.123927693
0.243194533 -0.707384141 0.052324343 0.787189542
0.138910552 -0.415388999 -0.200914842 1.496259248
-0.233735330 0.777077842 0.006073516 0.833896495
0.124468499 -0.584096691 0.312513057 -0.330573749
0.009455754 -0.011396750 0.132136651 0.875117328
-0.073917240 0.046964345 -0.103595263 1.040129665
-0.008166933 -0.012210930 -0.084586421 1.023021708
0.061053264 -0.088353149 -0.018723912 0.950572946
-0.014353573 0.009675736 -0.047673572 0.988207502
-0.000279276 -0.011435710 -0.221088476 1.248329858
-0.179113777 0.292582951 0.275789598 0.403637109
0.168290357 -0.367484895 -0.097850894 1.113554035
0.102609397 -0.229554886 0.035821489 0.832842044
0.215962927 -0.490268000 -0.562221870 2.208341740
0.017385510 0.006175542 0.052710780 0.671010116
-0.138917605 0.443824257 -0.061517939 0.990850524
0.045437607 -0.146112431 -0.036756104 0.911612650
0.171170017 -0.623895580 0.086074402 0.444856733
0.007234663 -0.057011035 -0.006162525 1.116270006
0.158033148 -0.162569972 0.492622286 0.767120645
-0.045365494 0.020488801 0.046203125 1.168897878
-0.039983173 0.014568248 -0.022696861 1.244687865
0.042929816 -0.093218634 0.252966820 0.886325092
-0.293367891 0.411227927 -0.053271043 1.345681887
0.348366009 -0.679719734 0.108077565 1.071389247
-0.432312997 0.803570358 -0.172221126 1.603956753
0.371026597 -0.883442713 0.384696034 0.434430769
0.101900812 -0.264453420 -0.010904667 1.344312363
-0.150308546 0.366069975 -0.272452875 1.998182882
-0.074824692 0.154715186 0.023514325 1.169474738
0.287162918 -1.003645182 0.105036712 0.908603093
-0.419840624 1.682968243 -0.268869863 2.329448063
-0.055281244 -0.017445203 -0.073722605 1.156131389
0.152963698 -0.163216660 0.557067427 0.714578374
-0.118130836 0.080768415 -0.134433476 1.336929170
-0.007111954 -0.041352358 0.117470664 1.059834610
0.051716312 -0.117829101 -0.011074540 1.226943370
-0.044848592 0.027018253 0.015268322 1.187429076
0.105920863 -0.229289827 0.110979716 1.024719702
0.182892960 -0.375536809 0.187681980 0.878985401
-0.212467942 0.454721048 -0.267951425 1.835815508
-0.085873695 0.163554286 0.235834662 0.677107534
0.005748074 -0.065500138 -0.186340441 1.732545291
-0.503280453 1.359779713 -0.022128815 1.272752746
0.339238549 -1.336281131 0.167151517 0.667055673
0.145642589 -0.600616494 0.099346793 0.924713624
0.040630160 -0.077063653 0.010420085 1.118461132
0.044804237 -0.079985506 0.406690860 0.841071594
-0.045622241 0.001398322 0.072670562 1.141689854
0.008906595 -0.058583399 -0.061199091 1.288946475
0.075463709 -0.145107645 0.130870907 1.039255487
-0.145469422 0.186292052 0.176284271 0.971135441
-0.164465516 0.218585413 0.003916623 1.264160452
0.194244920 -0.462964407 -0.014914876 1.299940298
-0.203806169 0.372942842 -0.034237496 1.340517799
-0.177182140 0.311707577 0.017595883 1.221301030
0.253346826 -0.764614839 0.332779143 0.433342881
0.381585455 -1.123682993 -0.184916512 1.882890688
-0.262017385 0.935846124 -0.058507531 1.478381944
-0.569080386 2.102685513 -0.378644936 2.694904067
0.012755451 -0.069228752 0.066437129 1.066119371
0.120322507 -0.144525690 0.497288734 0.764523253
-0.033692225 -0.005912435 0.007845161 1.205022456
-0.067651575 0.031442851 0.116837663 1.085130702
-0.003338940 -0.052163572 0.038455716 1.187027230
0.102689875 -0.211206794 0.174062211 0.983617487
0.008569791 -0.051202647 0.318835492 0.737502902
-0.188205645 0.322670676 -0.242931930 1.804860990
-0.179555448 0.304505264 -0.011318919 1.318473690
0.516526595 -1.296483401 -0.011047718 1.317849928
-0.422771305 1.051761348 -0.285098598 2.002977127
-0.280436099 0.653222778 -0.048755396 1.341216172
0.323788116 -1.280294738 0.170120425 0.640813534
-0.212893732 0.759096256 -0.113736100 1.719468316
0.102711922 -0.106418825 -0.086410051 1.166150811
-0.091021681 0.029194695 0.571610962 0.705536110
-0.049147855 -0.008491748 0.104928588 1.125550235
0.006074330 -0.069236153 -0.012226705 1.254421060
0.104092540 -0.196659820 0.104104256 1.103190817
-0.088784711 0.092656055 0.225534385 0.921045622
-0.048651750 0.024430020 -0.391211054 1.969512898
0.052159131 -0.167110651 0.072070386 1.089278174
-0.289393911 0.550150704 0.103087401 1.024142446
-0.406752691 0.820075892 0.133927433 0.953210374
0.296129631 -0.937129913 0.111407457 1.009510314
0.120706492 -0.445945132 -0.157247148 1.761743195
-0.181637733 0.521556404 0.033060914 1.152757388
0.288195511 -1.263809901 -0.367294423 2.674107647
0.034507124 -0.071819919 0.023581983 1.110110640
-0.065581560 -0.001757841 0.520135791 0.762522980
-0.008806789 -0.052855134 0.049104679 1.186450970
0.103689711 -0.176601287 0.063289427 1.170847747
-0.053221980 0.027383904 -0.143436159 1.439590999
0.136548593 -0.257271955 0.254087388 0.843305679
-0.230746044 0.367128945 -0.128655480 1.493968571
-0.005503709 -0.060831487 0.264982676 0.746056085
0.310414909 -0.724260554 -0.302506613 1.937783538
-0.702570537 1.605605924 0.166246255 0.859651963
0.378131666 -1.096149584 0.046507128 1.158999782
-0.406794926 1.101644836 0.154663586 0.856161705
0.065849533 -0.410817456 -0.126159609 1.754795939
0.074800611 -0.444831552 0.472882865 -0.521565432
0.062564317 -0.091837669 0.040525796 1.093713580
-0.090198075 0.015096004 0.521730216 0.756870493
0.071107058 -0.130078612 0.159652195 1.082740703
-0.022197187 -0.027443940 -0.067306185 1.332394926
-0.021773627 -0.027994568 -0.121158929 1.402403490
0.064316768 -0.157130161 0.375978261 0.656697706
-0.219898452 0.326035726 -0.271620848 1.757616221
0.136883755 -0.351850458 0.213700609 0.835505465
-0.083336848 0.110612786 -0.259048281 1.828278089
0.198452761 -0.537503299 -0.360284362 2.061121070
0.114594575 -0.327857835 0.405740802 0.146058160
0.051965954 -0.152497699 -0.327466648 2.199038987
-0.007794347 0.038735266 -0.086781396 1.428846169
-0.312199809 1.195476008 0.196079325 0.353975440
0.112499573 -0.109596253 -0.093848115 1.179772320
-0.178919324 0.094396972 0.652116576 0.657597046
0.008601693 -0.074371939 -0.027638071 1.269376212
-0.032885161 -0.028736399 0.001469851 1.237357497
0.118593694 -0.225658903 -0.120832295 1.396350281
-0.097816153 0.098955868 0.137137142 1.009396125
-0.089428867 0.084697480 0.204203202 0.895383820
0.244827190 -0.550389020 -0.176146093 1.618047472
0.062551185 -0.167609427 -0.024307364 1.299186156
-0.111703772 0.233176966 0.291871359 0.571975107
-0.140506263 0.305183193 0.044178970 1.191206080
0.239024194 -0.757502066 -0.185986415 1.835669146
0.024984663 -0.072575558 -0.178233612 1.810860177
0.120635922 -0.436050338 0.665131549 -1.393927395
0.115318398 -0.115616062 -0.075556640 1.165976348
-0.155691924 0.074091160 0.679946582 0.637124101
-0.033607028 -0.035785243 0.017710920 1.233136181
-0.029697019 -0.040086253 -0.163405000 1.432363698
0.026381606 -0.112988463 0.168862303 1.000416220
0.148070922 -0.295522438 -0.024483198 1.290434471
-0.252758672 0.385887891 0.198268365 0.911756803
0.185966093 -0.447689150 -0.226733766 1.719260841
-0.124181163 0.203620056 -0.036475054 1.319717564
-0.092230194 0.130132829 -0.074559432 1.407311633
0.022181202 -0.155895659 -0.125046194 1.533528537
0.310493261 -0.963169412 0.089262405 0.933464472
0.003058222 0.020622729 0.072924308 0.985746383
0.010203585 -0.006529651 0.224006785 0.411632975
0.082819951 -0.095551933 -0.188038956 1.231738990
-0.193504013 0.097874839 0.826826145 0.521333431
-0.036294712 -0.043613528 0.095264889 1.179738544
-0.003003479 -0.080233886 -0.065448904 1.356523720
0.037048785 -0.132301828 -0.102266645 1.404386782
0.087941473 -0.208640859 -0.180265264 1.521384711
0.112820532 -0.250935260 -0.012080674 1.235470899
-0.064534624 0.086039531 -0.139883807 1.478296848
-0.011274626 -0.025806460 0.408522389 0.326643889
-0.300571698 0.639576792 -0.407477520 2.203443642
0.116587995 -0.403322440 0.097202078 0.941744647
0.111102547 -0.387963186 0.165969690 0.749195337
-0.049207951 0.125030416 -0.401235287 2.564251288
-0.350686975 1.270650694 0.333503505 -0.227756083
-0.062554836 -0.007732611 0.013716222 1.090648889
0.030269736 -0.072709811 0.673695843 0.628663162
-0.045236748 -0.004753977 -0.104520296 1.329057669
-0.058048277 0.009338705 0.111599604 1.091325773
0.037876861 -0.115363970 0.060167298 1.158187769
-0.046245650 0.010819797 0.175560075 0.985098604
0.101919937 -0.241061708 -0.077326921 1.415006509
-0.002205987 -0.043222454 0.058149716 1.157600901
0.120033696 -0.299925776 -0.335524598 1.984316924
-0.225744855 0.495364873 0.356184159 0.393386815
0.068664239 -0.240657861 -0.067234050 1.451932338
-0.309352708 0.817789572 0.355020975 0.269618288
0.113343540 -0.534838441 0.156075185 0.906244827
0.024681223 -0.197921642 -0.188480478 2.215556327
0.028718563 -0.078988128 0.031708481 1.094189524
-0.029891582 -0.037961028 0.567197237 0.719347400
0.003249235 -0.067787762 -0.001240968 1.230941772
-0.035770176 -0.024866410 -0.028916608 1.261384976
0.015316267 -0.091278782 0.012084243 1.208083872
0.002005621 -0.071312814 0.209882209 0.911386923
-0.177934159 0.234584821 -0.153486784 1.529114228
0.008945766 -0.120487033 0.027754317 1.184756142
0.429891152 -1.004472303 -0.526634329 2.348972245
-0.358588070 0.809029870 0.865988525 -0.854060253
0.105533430 -0.351273880 0.121661047 1.006758443
-0.212702915 0.539787871 -0.249986291 2.047370970
0.278150462 -1.030942957 -0.047675776 1.399977313
0.654010176 -2.459209854 0.477252780 -0.594751175
0.011985582 -0.055885652 0.045558217 1.075453638
0.028247444 -0.067268955 0.576038991 0.704117102
0.001302641 -0.043018633 0.092176773 1.139593087
-0.117538464 0.087706585 -0.083351165 1.332673823
0.007620154 -0.074999613 0.034882418 1.178970171
0.099755092 -0.213202020 -0.019252892 1.260173135
-0.114290904 0.150676184 0.154134090 0.965415257
0.079533747 -0.217590649 0.045636313 1.171561032
-0.139504526 0.242389704 0.308369921 0.619820481
0.079115797 -0.260437028 -0.188611701 1.762878186
-0.061180353 0.090303346 -0.175749886 1.730723650
-0.079513881 0.141637224 -0.003798603 1.249260065
0.239496791 -0.879196941 0.197298161 0.605750411
-0.008276757 0.062342530 -0.189558130 2.075804297
-0.025349708 -0.027672227 -0.157201896 1.207455223
-0.044709968 -0.014120045 0.694218319 0.611461082
-0.018475312 -0.037731235 -0.009086726 1.244435606
0.038357950 -0.100247824 0.043373719 1.186729115
0.093204990 -0.171548974 0.072075707 1.149416532
-0.072733277 0.077358427 -0.156932436 1.492928747
0.033179403 -0.102693134 0.351522691 0.628555008
-0.187905666 0.317368491 -0.079421429 1.447348826
0.287797215 -0.681607513 -0.313376710 1.938654892
-0.162010005 0.352949072 0.490035894 0.090805942
-0.077225789 0.140988532 -0.217262541 1.859052029
-0.135208280 0.303339504 -0.150114560 1.671037686
-0.369963307 1.054555602 0.283533380 0.283364257
0.105573541 -0.752484400 0.100009149 0.980756325
0.046042002 -0.065871085 -0.026392938 1.130305410
-0.153867034 0.074065237 0.583444869 0.703418953
0.012743749 -0.075884464 -0.055618273 1.278575765
-0.004168694 -0.057280775 0.059229157 1.152243589
-0.103683037 0.072087865 -0.176135856 1.458218094
0.138150290 -0.290662126 0.547809470 0.372300106
0.178435350 -0.359146730 -0.299632060 1.812950748
-0.286222063 0.523702344 0.093578730 1.065850256
-0.218939356 0.382408667 -0.028955333 1.323171777
0.086688006 -0.320534252 0.196078969 0.805592892
-0.241005037 0.498698355 -0.004027685 1.305859528
0.100181489 -0.456623900 -0.087613741 1.539900479
-0.201898448 0.510031912 -0.106008864 1.598764876
-0.063953068 -0.014160525 0.204780710 0.417764508
0.052626471 -0.079513499 -0.064091090 1.150328578
-0.089495094 0.019971595 0.658050219 0.644829671
0.027106826 -0.084970131 0.127268999 1.122532756
0.029633466 -0.087749434 -0.131615447 1.407305653
-0.086710227 0.063497361 0.137417284 1.057563116
0.012169515 -0.084822252 0.040530553 1.202893212
-0.201477257 0.278377270 -0.164322912 1.551144112
-0.007762986 -0.089679840 -0.158748683 1.540553078
0.386340722 -0.917297588 0.016002651 1.173575292
-0.799452593 1.810026978 0.270432169 0.588387412
0.573002514 -1.621110789 0.001501640 1.260713736
-0.256972624 0.702819558 0.520089443 -0.191332087
0.054731924 -0.294635011 -0.534013793 3.181798318
-0.347587720 1.234179617 0.352462700 -0.186812315
0.038080665 -0.077343953 0.049608949 1.084793566
-0.080283755 0.005511139 0.404973054 0.836038697
0.006410254 -0.072513467 0.116512748 1.095652966
0.051957145 -0.122615048 0.133289742 1.077198271
-0.118884807 0.099479482 -0.108551357 1.391591689
0.036367169 -0.133398483 0.127254694 1.037882612
0.000187755 -0.071893476 0.081942707 1.114912993
-0.096383241 0.111591413 0.013321643 1.245293012
0.565597718 -1.278568537 -0.258061228 1.815197016
-0.767775954 1.788190845 -0.435112015 2.222413817
-0.188740969 0.340603382 0.607181089 -0.383318944
0.063490517 -0.365644767 0.087047497 1.073055091
0.353103597 -1.292406636 -0.250500083 2.153207362
0.086889179 -0.280791861 -0.026516916 1.302071338
0.116016238 -0.114775270 0.015488268 1.103860080
-0.162232379 0.079998759 0.353241584 0.867432763
-0.040303459 -0.029737266 0.267292197 0.944787208
0.044415535 -0.122928161 0.159953294 1.062860005
-0.062062688 0.015493523 0.027289384 1.235323081
-0.132335505 0.120902748 -0.156012140 1.510275368
0.035405470 -0.164256916 0.136265207 1.013403863
0.310816205 -0.687537308 0.136804034 1.012380093
-0.056895004 0.084656197 0.252358853 0.769714983
-0.212958851 0.443603039 -0.947727335 3.529913159
0.205657055 -0.602936728 0.215569371 0.621671392
-0.154699395 0.406061315 0.152176284 0.799172033
0.143756294 -0.548996904 -0.086146011 1.561803389
0.182102538 -0.694712628 0.009012521 1.200200973
0.081211222 -0.087261687 -0.000913739 1.108136952
-0.193871998 0.105296564 0.363923333 0.852751006
0.039389832 -0.104639077 0.495188714 0.734612166
-0.069003689 0.014593798 -0.096692477 1.385681491
0.107513883 -0.214879037 -0.034106366 1.304319548
-0.335549725 0.449716375 0.277741485 0.836547772
0.437117804 -0.863818461 -0.404867675 1.996983376
-0.154228321 0.259739163 0.499212920 0.279230267
-0.251169592 0.463315821 -0.378874450 2.123213661
0.081789064 -0.302489072 0.362048063 0.419091917
0.053359428 -0.231414980 -0.190263619 1.799871123
-0.246349701 0.607770565 -0.183983997 1.782288181
0.092691546 -0.477161439 0.151785438 0.707825974
-0.508588471 1.807702595 -0.304566491 2.441963280
-0.071147070 0.005336009 -0.068213348 1.157242956
-0.218431609 0.108435185 0.382733368 0.841580260
0.033869214 -0.118635550 0.280453496 0.933632143
0.128815425 -0.223076384 0.053889175 1.182852901
-0.207561633 0.214213776 0.080048423 1.148845880
0.257130092 -0.482823813 -0.174063999 1.530014512
-0.276772516 0.424810647 -0.087553294 1.382946310
0.200982501 -0.482923874 0.055899044 1.110386871
-0.167772544 0.291461684 0.531610124 0.111393649
0.290375972 -0.762279879 -0.542933811 2.582844649
-0.098078229 0.208855623 0.024592483 1.164028913
0.385899545 -1.146282121 -0.022867018 1.296915515
0.003252936 0.078187044 -0.189813207 1.831143326
0.044629875 -0.079045319 -0.051638636 1.306079963
