0.000619928 0.001346076 -0.001268602 0.000544675 -0.000109506 0.000008333 -0.000264065 
0.146778531 -0.064711156 0.045112188 0.026236022 -0.006712876 0.000942453 -0.000054779 -0.145282271 
0.003315019 -0.002030492 0.001178625 -0.000371983 0.000058621 -0.000003515 -0.001189162 
0.074558424 -0.034973835 0.021561565 0.014926095 -0.003936581 0.000560808 -0.000032570 -0.070396549 
0.003929804 -0.002401506 0.001227534 -0.000328095 0.000041417 -0.000001739 -0.001435375 
0.003150856 0.000212631 0.002510424 -0.000681426 0.000387378 -0.000088631 0.000007490 -0.003213984 
0.004576536 -0.003308744 0.001943434 -0.000613072 0.000096568 -0.000005866 -0.001604247 
0.023489866 -0.011789849 0.006702680 0.005332231 -0.001430462 0.000203662 -0.000011613 -0.020161995 
0.007311373 -0.005701819 0.003294456 -0.001051106 0.000173078 -0.000011393 -0.002894617 
0.003252632 0.000193164 0.002604784 -0.000788523 0.000481955 -0.000116681 0.000010262 -0.003292832 
0.002641023 -0.002440588 0.001951712 -0.000797050 0.000158758 -0.000012099 -0.000640181 
0.062288279 -0.032367734 0.015896565 0.014880434 -0.004141805 0.000614665 -0.000036898 -0.054799202 
0.000638293 0.000294834 -0.000288959 0.000150536 -0.000036156 0.000003303 0.000164431 
0.069816450 -0.035241436 0.017872653 0.015567831 -0.004150450 0.000588979 -0.000033742 -0.062061368 
-0.000696927 0.001922628 -0.001378489 0.000538381 -0.000103890 0.000007753 0.000682991 
0.087104433 -0.042703296 0.023117386 0.018565835 -0.004913599 0.000693719 -0.000039499 -0.079505050 
-0.004739661 0.006666647 -0.004803525 0.001844732 -0.000350239 0.000025810 0.002404122 
0.160560702 -0.078540101 0.043372286 0.034590498 -0.009471823 0.001407267 -0.000085824 -0.149505988 
-0.004424488 0.006610021 -0.004847890 0.001880367 -0.000358754 0.000026396 0.002242009 
0.266902185 -0.125924599 0.075674808 0.053926227 -0.014480062 0.002121234 -0.000128316 -0.255675521 
-0.002615389 0.002800658 -0.001971045 0.000726155 -0.000131759 0.000009314 0.000441938 
0.134372304 -0.058331388 0.041638738 0.023318037 -0.005880380 0.000816652 -0.000047155 -0.133009210 
-0.001171023 0.001062446 -0.000982741 0.000463348 -0.000103311 0.000008740 -0.000057774 
0.005214156 0.004017401 0.006075077 -0.003908360 0.001596164 -0.000303751 0.000022236 -0.009959155 
0.005693693 -0.007245071 0.005200447 -0.001952844 0.000360916 -0.000025684 -0.002906722 
0.037514730 -0.017426949 0.010774774 0.007388919 -0.001903012 0.000262896 -0.000014444 -0.033839021 
0.003885492 -0.005361968 0.003890570 -0.001463241 0.000268782 -0.000018824 -0.002086876 
0.004032100 0.000680602 0.002857329 -0.001377536 0.000746831 -0.000173260 0.000015184 -0.004065899 
0.006235820 -0.008044277 0.005746810 -0.002158875 0.000399565 -0.000028420 -0.003163670 
0.004880943 0.000519898 0.002810949 -0.001755164 0.001036857 -0.000248391 0.000021628 -0.004533110 
0.013653073 -0.015107856 0.010227345 -0.003702381 0.000666341 -0.000046365 -0.006286280 
0.052623314 -0.023003232 0.015213714 0.008875883 -0.002034811 0.000240975 -0.000010594 -0.049171485 
0.009579423 -0.010898125 0.007376587 -0.002669447 0.000481991 -0.000033803 -0.004499899 
0.005543720 0.003037569 0.004451657 -0.003688682 0.001663066 -0.000338790 0.000026229 -0.008023343 
0.007220521 -0.008652286 0.005999949 -0.002233006 0.000412930 -0.000029317 -0.003529374 
0.006815294 0.004625590 0.005922250 -0.005346523 0.002352474 -0.000471441 0.000035985 -0.011318231 
0.000211878 -0.001366844 0.001009221 -0.000378634 0.000069263 -0.000004740 -0.000537099 
0.067788473 -0.024462308 0.023046132 0.007363639 -0.001169643 0.000063474 0.000002188 -0.070077470 
0.001667733 -0.003643949 0.003013328 -0.001278220 0.000262678 -0.000020503 -0.001118189 
0.153521407 -0.063137350 0.049245186 0.023710480 -0.005642228 0.000746427 -0.000041598 -0.155808347 
-2.447473110 2.829659285 -1.359854152 0.094562996 0.062685044 -0.009653435 1.363419265 
0.798594195 -0.311121425 0.506350659 0.266862732 -0.108560198 0.021506501 -0.001614809 0.006656124 
-1.594979055 1.504157447 -0.410068690 -0.188724026 0.097979845 -0.010988513 1.091739087 
1.383281271 0.102976005 0.986402955 -0.243281033 0.130926179 -0.030440979 0.002640919 -1.174316047 
-0.382447336 0.271690007 0.320400465 -0.373640813 0.115115523 -0.011134616 0.520724108 
1.103179696 0.034368709 0.845321844 -0.056791713 0.016764520 -0.001444703 0.000041246 -0.779296703 
-0.445059821 0.633386700 -0.169368519 -0.071336414 0.036648948 -0.004008477 0.452694755 
1.639007716 0.293123635 1.161104336 -0.471504709 0.224960718 -0.046483951 0.003530825 -1.641365966 
0.748555163 -0.327482972 0.347171223 -0.204280713 0.051870301 -0.004573696 -0.200744680 
1.086126523 -0.054525957 0.732087632 0.007385233 -0.003923089 0.002113761 -0.000256878 -0.621378898 
1.887098318 -1.292871344 0.718215921 -0.191270210 0.022239774 -0.000824414 -0.760483854 
0.860782867 -0.183728141 0.562060460 0.183992281 -0.095292940 0.024605054 -0.002337343 -0.198353689 
1.171022580 -0.075925990 -0.413894256 0.354621789 -0.100625397 0.009390637 -0.562602177 
1.419739875 0.248789331 1.114766999 -0.327327615 0.143131641 -0.027344258 0.001934570 -1.408567973 
2.764987626 -1.673130601 0.597370755 0.043448008 -0.056019782 0.007056014 -1.280731305 
1.181636341 0.215196003 0.986625682 -0.216492074 0.080741617 -0.013291268 0.000837301 -1.068447309 
2.645530005 -1.236731676 0.075760666 0.357616082 -0.136287705 0.014198916 -1.271753592 
0.988337943 -0.090379255 0.715210821 0.085764444 -0.045634489 0.012108254 -0.001156024 -0.486636133 
4.738517330 -3.620017765 1.677794167 -0.155568130 -0.058501196 0.009696090 -2.105982650 
0.727089327 -0.418400091 0.468725214 0.435237537 -0.188740312 0.038363694 -0.002966102 0.132317941 
-0.415032705 2.085171027 -0.906173353 -0.053814236 0.087047538 -0.011219324 0.956143596 
1.451224997 -0.045327327 0.987874459 -0.178317354 0.126200565 -0.032847917 0.003019075 -1.124655493 
0.161177920 1.086087308 -0.207471420 -0.248681998 0.107908487 -0.011681888 0.732383972 
0.776992422 -0.099418462 0.778415948 0.180081794 -0.107360647 0.027619853 -0.002509296 -0.385858463 
0.260493370 0.768921398 -0.097727498 -0.191395284 0.076963752 -0.008110162 0.673637975 
1.196915599 0.007533997 0.973175481 -0.065836337 0.029503416 -0.004934167 0.000293787 -0.965442785 
0.197893596 0.921523180 -0.412675390 0.032842178 0.015666110 -0.002436892 0.578823876 
1.615608029 0.231864529 1.252581537 -0.368508386 0.163377352 -0.031426396 0.002270688 -1.688774808 
1.168626803 -0.114162478 0.214567464 -0.150844428 0.040772688 -0.003719705 0.022667642 
14.770991438 -7.234279434 4.091294426 3.260467158 -0.899438084 0.132986497 -0.007963747 -12.951734006 
0.079189423 1.538501768 -1.300676333 0.572031419 -0.119357663 0.009322592 0.444348681 
1.315231142 0.029173247 0.959468049 -0.116951077 0.053402660 -0.009523951 0.000599482 -1.047007302 
2.761226552 -1.452646331 0.726356754 -0.134185362 0.001230861 0.001274168 -0.812363148 
14.063086635 -6.322152047 4.247854020 2.662856697 -0.699040818 0.100908392 -0.006084202 -12.855511865 
2.280456304 -0.866367986 0.114404954 0.206387496 -0.083803925 0.008883963 -0.678688798 
14.000117933 -6.668191851 4.072408751 2.992049117 -0.840383023 0.129835431 -0.008336024 -12.489669596 
3.360912298 -2.167736363 0.910503975 0.005530337 -0.066725840 0.009045130 -1.155239986 
18.462137715 -9.289637500 4.955289469 4.265070365 -1.201898725 0.182603928 -0.011359210 -16.170859624 
3.909447676 -3.082562239 1.506605753 -0.127526684 -0.061367885 0.009896528 -1.343769914 
-3.559905327 2.320108803 -0.286147942 -1.100911581 0.326831853 -0.052070765 0.003392290 3.562076667 
0.032459983 -0.028608018 0.017532110 -0.005958583 0.001027654 -0.000069757 -0.015501909 
0.150023871 -0.065559386 0.046228466 0.026146641 -0.006531605 0.000889491 -0.000049924 -0.148835949 
0.018602753 -0.016709741 0.010591071 -0.003704255 0.000656021 -0.000045640 -0.008422577 
0.064249079 -0.029272461 0.019432263 0.012327466 -0.003237960 0.000462809 -0.000027050 -0.061668710 
0.006297137 -0.004557947 0.002502882 -0.000743194 0.000110331 -0.000006275 -0.002561221 
0.032971512 -0.015832024 0.009614499 0.006913969 -0.001812711 0.000249531 -0.000013376 -0.029795825 
0.000129011 0.001054986 -0.000952291 0.000439349 -0.000094037 0.000007495 0.000508868 
0.045692982 -0.024028031 0.011948953 0.011352430 -0.003268419 0.000506573 -0.000032087 -0.039835238 
0.001286203 -0.000152787 -0.000257854 0.000238568 -0.000067604 0.000006393 0.000074646 
0.003143564 0.000069618 0.002593567 -0.000640308 0.000424287 -0.000106902 0.000009561 -0.003146105 
0.001979776 -0.001801769 0.001530605 -0.000643612 0.000129991 -0.000009908 -0.000318350 
0.046200413 -0.022796682 0.012488493 0.009927090 -0.002587738 0.000357605 -0.000019863 -0.041233436 
0.000370415 0.000476234 -0.000343162 0.000137711 -0.000025154 0.000001614 0.000312637 
0.081323463 -0.042117616 0.020334236 0.019200234 -0.005336430 0.000796382 -0.000048432 -0.071792167 
-0.000746193 0.002206886 -0.001660199 0.000653128 -0.000124480 0.000009098 0.000639109 
0.066196909 -0.031756641 0.018171129 0.013659483 -0.003596431 0.000508215 -0.000028942 -0.060834383 
-0.002614372 0.004734653 -0.003607044 0.001431467 -0.000277046 0.000020597 0.001353291 
0.182971765 -0.090422253 0.048686383 0.040120285 -0.011067046 0.001656922 -0.000101889 -0.169511981 
-0.000665186 0.003253680 -0.002790609 0.001175150 -0.000235361 0.000017858 0.000365443 
0.264204944 -0.124249319 0.075112923 0.053028501 -0.014191601 0.002072543 -0.000125021 -0.253432669 
0.001509010 -0.000765696 0.000109478 0.000046745 -0.000018083 0.000001732 -0.001630380 
0.139433880 -0.061056221 0.042838510 0.024637599 -0.006292898 0.000889861 -0.000052637 -0.137517655 
0.001701665 -0.001726651 0.000891071 -0.000252696 0.000037551 -0.000002216 -0.001429636 
0.003751804 0.003322657 0.005268006 -0.002712803 0.000961969 -0.000157257 0.000009894 -0.007695256 
0.007347992 -0.009123040 0.006588057 -0.002501421 0.000466874 -0.000033498 -0.003622532 
0.004409484 0.001210294 0.003280438 -0.001909762 0.000969047 -0.000213376 0.000017617 -0.005013954 
0.003223002 -0.004831817 0.003642165 -0.001417694 0.000270660 -0.000019842 -0.001753277 
0.003388115 0.000212930 0.002360041 -0.000771280 0.000452744 -0.000106904 0.000009383 -0.002830630 
0.006527698 -0.008547152 0.006148704 -0.002308964 0.000424355 -0.000029843 -0.003222082 
0.004067318 0.000576279 0.002798808 -0.001325590 0.000718623 -0.000161887 0.000013520 -0.003962366 
0.014005126 -0.015809597 0.010945125 -0.004063506 0.000751723 -0.000053836 -0.006378214 
0.051030093 -0.022074378 0.014942513 0.008466712 -0.001922144 0.000221342 -0.000008943 -0.047922066 
0.009600698 -0.011035573 0.007539965 -0.002751844 0.000499634 -0.000035023 -0.004483540 
0.004956582 0.002785784 0.004157322 -0.003187339 0.001373533 -0.000267535 0.000019947 -0.007165722 
0.006513502 -0.007726392 0.005247274 -0.001915467 0.000348618 -0.000024445 -0.003252749 
0.006968181 0.004361181 0.005827222 -0.005229109 0.002348589 -0.000478255 0.000036923 -0.011218962 
0.000967400 -0.002079779 0.001443332 -0.000510394 0.000085886 -0.000005225 -0.000899560 
0.066772352 -0.023704936 0.022895386 0.006948273 -0.001047566 0.000045173 0.000003460 -0.069352132 
0.003549238 -0.005441675 0.004204280 -0.001718530 0.000344783 -0.000026464 -0.002028446 
0.166087103 -0.069774786 0.052192620 0.026688673 -0.006432127 0.000854019 -0.000047241 -0.166974305 
0.017937314 0.407374979 0.246663199 -0.502389470 0.177090925 -0.018401787 0.201789710 
1.381700150 0.042664878 0.924463439 -0.210746184 0.116698844 -0.026256219 0.002169964 -1.050267215 
0.002290573 -0.119108040 0.713367264 -0.623960725 0.183658848 -0.017601700 0.347650121 
1.657408552 0.316894235 1.202409453 -0.502516403 0.244281431 -0.052925176 0.004339823 -1.706143010 
0.281824787 -0.203433373 0.515140323 -0.403692892 0.113564162 -0.010521854 0.167496808 
2.424996140 0.668442576 1.641894598 -1.108915128 0.571068553 -0.129647784 0.010873784 -2.910764389 
0.014461976 0.160983552 0.167163250 -0.206925130 0.064271647 -0.006185270 0.238282963 
2.034178211 0.609629501 1.501504746 -0.856485998 0.402848758 -0.084572430 0.006617892 -2.450433056 
1.032391543 -0.567941721 0.481962475 -0.246350756 0.058268790 -0.004911475 -0.345599377 
1.296829947 0.244358494 0.975431293 -0.310529211 0.131182617 -0.023811696 0.001565398 -1.164089667 
1.743761782 -1.213539046 0.717277517 -0.209879375 0.028650669 -0.001427418 -0.685292498 
0.912402514 -0.265461908 0.561542431 0.232215476 -0.092692176 0.016622626 -0.001026046 -0.213149414 
1.959749812 -0.964804724 0.245315070 0.085186729 -0.044868471 0.004897433 -0.902607029 
1.211323202 0.087148082 0.928968580 -0.174726346 0.100392078 -0.024790410 0.002230126 -0.966510264 
3.397033348 -2.566054171 1.392032663 -0.326809609 0.027082668 0.000088641 -1.521769300 
1.787662488 0.349184817 1.259389522 -0.581316851 0.295580583 -0.065566342 0.005351346 -1.881714414 
3.277390359 -2.004498145 0.668776939 0.113644372 -0.086722255 0.010308252 -1.532340832 
0.997092705 -0.130736969 0.691884189 0.097570034 -0.037218947 0.008187625 -0.000794804 -0.449477292 
3.093870157 -1.666628516 0.188213137 0.445622105 -0.176140910 0.018399617 -1.414877348 
0.785754950 -0.421662528 0.473907245 0.394063388 -0.153436330 0.027699712 -0.001894072 0.088437988 
-0.566460530 2.143723596 -0.883801896 -0.082504944 0.095649318 -0.012076840 1.046270959 
1.009398928 -0.162840840 0.781794895 0.099163716 -0.033813573 0.006734297 -0.000549135 -0.512188279 
-0.544701458 1.932850925 -0.876478251 0.035478642 0.048501431 -0.006927061 1.033237249 
10.725982866 -5.719648587 3.013384214 2.974690510 -0.960657876 0.166157538 -0.011544012 -9.017207909 
-0.247642142 1.364679186 -0.543440174 -0.017676241 0.044686623 -0.005869660 0.889150635 
1.657679687 0.241306937 1.271195329 -0.414729934 0.199846330 -0.041891783 0.003265223 -1.745048752 
0.350966847 0.595912358 -0.065133601 -0.143737016 0.056958106 -0.005991765 0.540373084 
1.929864827 0.319402923 1.433422412 -0.557743500 0.271718732 -0.057611068 0.004517010 -2.165409580 
1.381023567 -0.438743833 0.510870437 -0.285586094 0.069417760 -0.005986854 -0.054700794 
19.836565155 -10.010968504 5.277944651 4.631859508 -1.322588469 0.203052828 -0.012642582 -17.439568429 
0.300094334 1.274190984 -1.130954840 0.529372558 -0.116599972 0.009483268 0.356391046 
1.649817890 0.261547529 1.201522554 -0.454113586 0.221758784 -0.046283671 0.003529135 -1.655264214 
1.991698472 -0.435643571 -0.127212140 0.245528126 -0.081128974 0.008058031 -0.507605109 
1.990177173 0.563787977 1.587163765 -0.752299872 0.329519460 -0.063472280 0.004568520 -2.467250396 
3.219043330 -1.911853890 0.890376935 -0.110254618 -0.018831215 0.003716794 -1.090362994 
2.657045092 0.537134281 1.762981247 -1.081451049 0.580542553 -0.134363017 0.011432966 -3.144818442 
3.938728398 -2.789719592 1.364221838 -0.181156157 -0.027199826 0.005737335 -1.411852389 
1.515591981 0.168853072 1.181037508 -0.292081316 0.129961311 -0.023754646 0.001542975 -1.493665357 
4.153982661 -3.384271879 1.779581947 -0.261712999 -0.030188514 0.007270810 -1.453314681 
1.045694163 -0.175921288 0.780642558 0.092960520 -0.032592883 0.007775951 -0.000807018 -0.503513041 
