0.000794167 0.000249582 -0.009709098 0.009785462
0.000351672 0.000559329 -0.002893103 0.005014265
0.000097305 0.000788259 -0.001253156 0.003538313
0.000024768 0.000868050 -0.001029788 0.003292609
0.000147934 0.000707934 -0.000456308 0.002547085
-0.000057124 0.001015522 -0.000347984 0.002384598
-0.000061590 0.001023114 -0.000303874 0.002309612
0.000181314 0.000561595 -0.000176913 0.002068385
-0.000251593 0.001470700 0.000042345 0.001607944
0.000071955 0.000726540 -0.000178384 0.002115620
0.000138562 0.000560023 0.000056801 0.001527659
-0.000116217 0.001273402 -0.000094498 0.001951296
-0.000088152 0.001183596 0.000058479 0.001461770
0.000121098 0.000388446 0.000142865 0.001141103
0.000431935 0.000646996 -0.005427701 0.006593275
0.000027978 0.000929766 -0.002243588 0.004364396
-0.000006997 0.000961244 -0.001191299 0.003417336
-0.000024108 0.000980066 -0.000762450 0.002945602
0.000111966 0.000803169 -0.000492448 0.002594601
0.000042339 0.000907610 -0.000395473 0.002449137
-0.000010788 0.000997926 -0.000114606 0.001971664
0.000018063 0.000943109 -0.000192700 0.002120042
-0.000026789 0.001037298 0.000012584 0.001688946
0.000151394 0.000627478 -0.000314485 0.002441206
-0.000118122 0.001301269 0.000172003 0.001224985
0.000180684 0.000464611 -0.000209787 0.002293996
0.000069877 0.000819195 0.000244684 0.000839689
-0.000206140 0.001868057 0.000533960 -0.000259559
0.000292647 0.000823526 -0.003887594 0.005494194
0.000008973 0.001022097 -0.002010551 0.004180263
-0.000046965 0.001072442 -0.001199944 0.003450717
-0.000094990 0.001125269 -0.000865618 0.003082959
0.000060169 0.000923563 -0.000527304 0.002643150
-0.000052778 0.001092983 -0.000480746 0.002573314
0.000064464 0.000893671 0.000022504 0.001717788
0.000004241 0.001008095 -0.000215249 0.002169519
-0.000312067 0.001672341 -0.000171837 0.002078354
0.000199516 0.000495701 -0.000170406 0.002075062
0.000117471 0.000700813 0.000069470 0.001475371
-0.000041530 0.001146017 0.000016369 0.001624056
0.000079101 0.000759997 0.000018734 0.001616488
0.000104441 0.000663706 0.000644963 -0.000763185
0.000153891 0.000991081 -0.003914276 0.005562514
-0.000118845 0.001181996 -0.001997756 0.004220950
-0.000031340 0.001103241 -0.001237824 0.003537011
-0.000085692 0.001163028 -0.000927344 0.003195483
0.000090505 0.000933972 -0.000619991 0.002795924
-0.000099257 0.001218616 -0.000295429 0.002309081
0.000059910 0.000948032 -0.000201873 0.002150036
-0.000076356 0.001206937 -0.000000324 0.001767094
-0.000114323 0.001286668 -0.000201103 0.002188730
0.000260601 0.000424341 -0.000402402 0.002651716
-0.000183717 0.001535137 0.000080703 0.001443955
-0.000007104 0.001040620 -0.000028338 0.001749270
0.000328119 -0.000032094 0.000245750 0.000872186
0.000056189 0.001001242 0.000307174 0.000638778
0.000381913 0.000875394 -0.004224234 0.005841694
-0.000130014 0.001233743 -0.002153422 0.004392125
-0.000244700 0.001336961 -0.001343187 0.003662914
-0.000071288 0.001146206 -0.000867286 0.003139423
-0.000001882 0.001055979 -0.000653498 0.002861499
-0.000052851 0.001132433 -0.000369099 0.002434900
-0.000070091 0.001161740 -0.000438380 0.002552677
0.000141831 0.000759090 0.000140779 0.001452276
-0.000204450 0.001486280 -0.000472681 0.002740542
0.000292978 0.000342194 0.000274080 0.001022991
0.000043398 0.000966143 -0.000110489 0.001984415
-0.000114416 0.001408023 0.000164195 0.001215299
0.000095340 0.000736805 -0.000102545 0.002068866
-0.000163752 0.001721355 0.000321938 0.000455830
-0.000044726 0.000911529 -0.003918886 0.005520279
-0.000141014 0.000978931 -0.001837587 0.004063370
0.000035804 0.000819795 -0.001291914 0.003572265
-0.000067398 0.000933317 -0.000853822 0.003090363
0.000165545 0.000630491 -0.000465667 0.002585762
-0.000027375 0.000919870 -0.000381396 0.002459356
0.000051072 0.000786510 -0.000215811 0.002177861
-0.000026321 0.000933557 -0.000316817 0.002369772
0.000122856 0.000620286 0.000107374 0.001478970
0.000187872 0.000470748 0.000028707 0.001659906
-0.000179035 0.001388016 0.000040251 0.001631045
-0.000028957 0.000967799 -0.000091725 0.002000579
0.000118047 0.000497384 0.000019311 0.001645263
0.000338599 -0.000340711 0.000132466 0.001215273
-0.000144226 0.001037891 -0.003745710 0.005412629
-0.000087265 0.000998018 -0.001774144 0.004032533
0.000025713 0.000896338 -0.001269966 0.003578773
-0.000110146 0.001045782 -0.000773210 0.003032341
-0.000036212 0.000949669 -0.000618450 0.002831153
0.000164552 0.000648522 -0.000474300 0.002614927
-0.000048273 0.001010326 -0.000219219 0.002181291
0.000137673 0.000657028 -0.000157025 0.002063120
-0.000101664 0.001159636 -0.000069794 0.001879937
0.000155787 0.000567499 -0.000055698 0.001847515
0.000091182 0.000729011 0.000117892 0.001413541
0.000004575 0.000971511 0.000059941 0.001575804
0.000092618 0.000689771 0.000045134 0.001623185
0.000188518 0.000325350 0.000693512 -0.000840649
-0.000094423 0.001021551 -0.004242989 0.005693298
0.000017952 0.000942889 -0.001611544 0.003851286
0.000066065 0.000899587 -0.001198948 0.003479950
0.000038562 0.000929840 -0.000701073 0.002932287
0.000105016 0.000843450 -0.000592405 0.002791019
-0.000022325 0.001034462 -0.000392299 0.002490859
-0.000088744 0.001147374 -0.000045584 0.001901444
0.000225609 0.000550103 -0.000206030 0.002206291
0.000183600 0.000638323 -0.000084141 0.001950326
-0.000045098 0.001164328 0.000083072 0.001565736
-0.000030207 0.001127100 0.000072990 0.001590939
-0.000089155 0.001292155 0.000030282 0.001710521
0.000109941 0.000655045 0.000256706 0.000985965
0.000122472 0.000607428 0.000069220 0.001698413
-0.000219937 0.001167874 -0.006613031 0.007450035
0.000112494 0.000935172 -0.002063193 0.004265149
0.000149739 0.000901652 -0.001124528 0.003420350
-0.000072279 0.001145872 -0.000974720 0.003255562
0.000052550 0.000983593 -0.000484262 0.002617966
-0.000043596 0.001127813 -0.000336848 0.002396846
0.000108464 0.000869311 -0.000179932 0.002130088
-0.000032206 0.001136584 -0.000209797 0.002186832
-0.000014235 0.001098845 0.000123834 0.001486207
0.000076823 0.000889411 -0.000077952 0.001950313
0.000055039 0.000943871 0.000039870 0.001655758
0.000147272 0.000685618 -0.000081948 0.001996849
-0.000029817 0.001252304 0.000163878 0.001210207
0.000249323 0.000191570 0.000713335 -0.000877732
-0.000490748 0.001423963 -0.011753013 0.011414606
0.000273217 0.000889188 -0.003218684 0.005440575
0.000123403 0.001024020 -0.001590718 0.003975407
-0.000072346 0.001239344 -0.000961298 0.003283044
-0.000068698 0.001234603 -0.000648748 0.002876729
0.000076570 0.001016699 -0.000365424 0.002451743
-0.000133725 0.001374201 -0.000284187 0.002313641
0.000206269 0.000728212 -0.000135170 0.002030508
0.000022706 0.001113695 -0.000112746 0.001983418
0.000121797 0.000885787 0.000183005 0.001303190
-0.000227944 0.001760140 -0.000102395 0.002016690
0.000147320 0.000709398 0.000193200 0.001189024
-0.000004195 0.001194249 0.000093826 0.001507021
-0.000015213 0.001236115 0.000081477 0.001553948
0.000624226 -0.001310240 -0.009344267 0.010106254
0.000552248 -0.001259856 -0.002952385 0.005631936
0.000354008 -0.001081440 -0.001450295 0.004280055
0.000108382 -0.000811251 -0.001002386 0.003787356
0.000076790 -0.000770181 -0.000581235 0.003239859
0.000296745 -0.001100114 -0.000489047 0.003101577
0.000089008 -0.000746962 -0.000165092 0.002550854
0.000108595 -0.000784177 -0.000048172 0.002328705
-0.000107447 -0.000330489 -0.000063992 0.002361928
0.000089704 -0.000783935 0.000009622 0.002192616
0.000027314 -0.000627961 0.000128044 0.001896559
-0.000037266 -0.000447137 -0.000207597 0.002836355
0.000225371 -0.001287574 0.000093724 0.001872128
-0.000204050 0.000344223 0.000797891 -0.000803705
0.000291473 -0.001055157 -0.005557122 0.007187761
0.000318895 -0.001074352 -0.002373639 0.004959323
0.000208242 -0.000974764 -0.001084339 0.003798953
0.000065871 -0.000818156 -0.000763167 0.003445664
0.000088625 -0.000847736 -0.000712803 0.003380190
0.000115550 -0.000888124 -0.000336453 0.002815666
0.000120898 -0.000897216 -0.000102954 0.002418718
0.000196392 -0.001040655 -0.000120946 0.002452903
-0.000155537 -0.000301602 0.000049759 0.002094421
-0.000017335 -0.000619468 -0.000139623 0.002530000
0.000107412 -0.000931335 0.000097568 0.001937024
-0.000036712 -0.000527787 0.000281412 0.001422260
0.000073001 -0.000878871 0.000058100 0.002136858
0.000051756 -0.000798140 0.000711693 -0.000346797
0.000413267 -0.001161079 -0.004140545 0.006134568
-0.000033283 -0.000848494 -0.002027244 0.004655257
0.000122513 -0.000988710 -0.001178597 0.003891474
0.000138443 -0.001006234 -0.000922826 0.003610126
0.000072058 -0.000919934 -0.000639891 0.003242311
0.000268581 -0.001214717 -0.000455852 0.002966253
-0.000003909 -0.000751485 -0.000008621 0.002205959
0.000315208 -0.001357807 -0.000304346 0.002767837
0.000080750 -0.000865445 -0.000179843 0.002506381
-0.000169667 -0.000289486 0.000166725 0.001709274
0.000097279 -0.000956851 -0.000169447 0.002549705
0.000009002 -0.000709676 0.000181971 0.001565734
0.000082083 -0.000943536 0.000608869 0.000199660
0.000278582 -0.001690230 0.000053891 0.002308578
0.000188313 -0.001028192 -0.003981135 0.005993157
0.000075619 -0.000949306 -0.002037207 0.004632407
0.000106735 -0.000977311 -0.001182413 0.003863093
0.000045951 -0.000910448 -0.000966021 0.003625061
0.000148735 -0.001044068 -0.000675403 0.003247259
0.000043643 -0.000886430 -0.000367855 0.002785936
0.000199042 -0.001150608 -0.000258009 0.002599199
0.000187626 -0.001128917 -0.000228344 0.002542835
-0.000023422 -0.000685717 -0.000196035 0.002474986
-0.000039598 -0.000648511 0.000050922 0.001906984
0.000031969 -0.000827430 0.000136957 0.001691897
0.000238548 -0.001405850 -0.000049807 0.002214835
0.000050489 -0.000804062 0.000292154 0.001120562
0.000198793 -0.001367616 0.000140890 0.001695363
0.000361629 -0.001256779 -0.004133116 0.006116770
0.000015129 -0.001014229 -0.002027541 0.004642867
-0.000018934 -0.000983573 -0.001264666 0.003956280
0.000094451 -0.001108297 -0.000868277 0.003520252
0.000093039 -0.001106460 -0.000819501 0.003456843
0.000096776 -0.001112066 -0.000397776 0.002824256
0.000208002 -0.001301150 -0.000144367 0.002393460
-0.000207324 -0.000512030 -0.000352536 0.002788982
0.000330701 -0.001641883 -0.000147887 0.002359219
0.000176736 -0.001287764 0.000008343 0.001999889
0.000016169 -0.000886346 0.000239225 0.001422685
0.000142649 -0.001240492 -0.000289002 0.002901719
0.000035040 -0.000896142 0.000119951 0.001593070
0.000236376 -0.001661220 0.001005562 -0.001772252
0.000642697 -0.000986600 -0.004014090 0.005920027
-0.000162834 -0.000422728 -0.001692822 0.004295139
-0.000264367 -0.000331349 -0.001057459 0.003723313
0.000096917 -0.000728761 -0.000802983 0.003443389
0.000112108 -0.000748509 -0.000670847 0.003271611
0.000049435 -0.000654499 -0.000350062 0.002790434
0.000042778 -0.000643182 -0.000281000 0.002673029
0.000036888 -0.000631991 0.000054771 0.002035064
-0.000069008 -0.000409610 -0.000314445 0.002810417
-0.000026788 -0.000506716 0.000073811 0.001917429
0.000302575 -0.001330123 0.000130413 0.001775924
0.000155105 -0.000917209 0.000164516 0.001680436
0.000217175 -0.001115830 0.000145998 0.001739694
0.000146268 -0.000846386 0.000554725 0.000186531
0.000396631 -0.000891849 -0.003774831 0.005688790
-0.000178631 -0.000489166 -0.001790848 0.004300002
-0.000151994 -0.000513140 -0.000842111 0.003446138
0.000049064 -0.000734302 -0.000902562 0.003512635
0.000041878 -0.000724962 -0.000531911 0.003030788
0.000095387 -0.000805225 -0.000511325 0.002999909
0.000274792 -0.001110214 -0.000086286 0.002277343
-0.000388573 0.000150180 -0.000122143 0.002345471
0.000121987 -0.000921995 -0.000125151 0.002351788
0.000150168 -0.000986811 -0.000391104 0.002963480
0.000154257 -0.000997035 0.000162719 0.001578922
-0.000012474 -0.000530188 0.000018908 0.001981594
-0.000015418 -0.000520767 0.000322056 0.001011519
0.000707435 -0.003267609 0.001225216 -0.002420490
0.000303557 -0.000994299 -0.004107907 0.005886758
-0.000117525 -0.000699542 -0.001835518 0.004296085
-0.000067758 -0.000744332 -0.000923554 0.003475318
0.000022184 -0.000843268 -0.000777439 0.003314591
0.000127601 -0.000980310 -0.000679241 0.003186934
0.000048522 -0.000861692 -0.000268987 0.002571552
-0.000016605 -0.000750975 -0.000491070 0.002949094
-0.000143163 -0.000510516 0.000040500 0.001939111
0.000138120 -0.001101211 0.000146659 0.001716177
0.000292821 -0.001457022 -0.000235423 0.002594966
0.000041581 -0.000828924 -0.000119904 0.002306168
0.000162660 -0.001167943 0.000150118 0.001550106
0.000311926 -0.001645595 0.000050261 0.001869649
-0.000108684 -0.000047278 0.000746977 -0.000777871
0.000074321 -0.001053951 -0.006081073 0.007254024
0.000016463 -0.001013451 -0.002015600 0.004408192
-0.000012188 -0.000987665 -0.000929204 0.003430435
0.000096034 -0.001106709 -0.000790941 0.003278347
0.000107293 -0.001121345 -0.000603325 0.003034445
-0.000038079 -0.000903288 -0.000490321 0.002864940
0.000136002 -0.001199226 -0.000067533 0.002146199
0.000137465 -0.001202005 -0.000291453 0.002571648
0.000206703 -0.001347405 -0.000003523 0.001966995
-0.000074983 -0.000699527 -0.000116010 0.002225716
0.000018879 -0.000934182 0.000062013 0.001780658
-0.000130950 -0.000514661 0.000072709 0.001750709
0.000302512 -0.001901738 0.000240684 0.001213190
0.000362752 -0.002130653 0.000230235 0.001252894
0.000055333 -0.001158658 -0.010573483 0.010660383
-0.000073245 -0.001068654 -0.002987792 0.005350400
0.000045298 -0.001175342 -0.001109756 0.003660167
0.000202933 -0.001348741 -0.000961165 0.003496717
0.000222656 -0.001374381 -0.000545226 0.002955997
-0.000128733 -0.000847297 -0.000378272 0.002705565
-0.000004666 -0.001058211 -0.000537574 0.002976378
0.000158778 -0.001368755 -0.000046436 0.002043217
-0.000189842 -0.000636653 0.000044553 0.001852140
0.000283915 -0.001726295 -0.000188810 0.002388875
0.000038799 -0.001113504 -0.000107253 0.002184983
-0.000042969 -0.000884554 0.000281033 0.001097782
0.000115020 -0.001390118 -0.000015638 0.002047130
0.000209449 -0.001748949 0.000298030 0.000855192
0.113133199 -0.603284780 -1.217513157 3.003853119
-0.164366672 -0.409034873 -0.611860789 2.579896468
-0.006999968 -0.550664903 -0.210072944 2.218287418
-0.132079470 -0.413077448 -0.204985811 2.212691571
-0.141413178 -0.400943628 -0.239395442 2.257424090
-0.804151999 0.593164603 -0.020494456 1.929072611
-0.553822715 0.167604810 -0.221967777 2.271577265
-0.377762751 -0.166909119 0.087165864 1.684223356
0.189962044 -1.359131134 -0.489393952 2.894998914
-1.239118281 1.927753544 0.131061642 1.467951078
0.251923840 -1.799851756 -0.114309806 2.081379697
-0.234098975 -0.438987899 0.009298620 1.735276110
-0.219651496 -0.485219833 0.036833491 1.647164523
-0.051705095 -1.123416146 0.266085283 0.776007724
-0.061540607 -0.517143784 -1.094459361 2.898972902
-0.183004152 -0.432119304 -0.467077522 2.459805622
-0.035743705 -0.564653703 -0.397022272 2.396755899
-0.092843804 -0.501843593 -0.124543950 2.097029738
-0.077063423 -0.522358087 -0.275512272 2.293288550
-0.409994624 -0.022961286 -0.074566585 1.991870019
-0.515828317 0.156955998 -0.234333361 2.263473545
-0.213577824 -0.417319933 -0.218308646 2.233026588
-0.237182918 -0.367749236 0.294032027 1.157111224
-0.149812365 -0.568701506 -0.636444536 3.297207274
-0.069255443 -0.770093811 0.082018388 1.501049963
-0.194458021 -0.419526597 0.091180482 1.475396102
-0.128017684 -0.632135678 -0.083020343 2.032838748
0.174774538 -1.782746108 0.192127686 0.987276252
-0.038805904 -0.568417041 -1.009078086 2.853954584
-0.088197594 -0.533842859 -0.534113677 2.521479503
-0.054521250 -0.564151568 -0.367475660 2.371505292
-0.054650922 -0.564008928 -0.198575925 2.185715579
-0.041019609 -0.581729635 0.009006856 1.915857974
-0.344700433 -0.126208399 -0.299141336 2.378080261
-0.194931994 -0.380814752 -0.317776913 2.409760743
-0.409012583 0.025938362 0.059111139 1.693673453
0.042833378 -0.922938113 0.045701850 1.721832958
0.082788150 -1.014834086 0.072286708 1.660687788
-0.119370440 -0.509437613 -0.115019896 2.128954297
-0.093519367 -0.581820614 -0.260301468 2.535742693
-0.009364984 -0.851114645 0.345724081 0.596460905
-0.075468500 -0.599921288 -0.826413532 5.050583779
0.052035454 -0.675252737 -1.175739835 2.947075879
-0.074092750 -0.586962996 -0.521495373 2.489104763
0.051611054 -0.700096416 -0.283960632 2.275323502
-0.034843398 -0.604996518 -0.191682050 2.173817059
-0.055632876 -0.577970197 -0.174588519 2.151595470
-0.111204061 -0.494613419 -0.146000947 2.108714111
-0.074104991 -0.557681840 -0.003330709 1.866174700
-0.259828660 -0.204806873 -0.211585836 2.261859436
0.045348991 -0.845679912 -0.101959085 2.031643270
-0.125474602 -0.452785656 -0.010674593 1.821688944
-0.026825671 -0.699407984 -0.003704628 1.804264030
0.078724455 -0.994948331 0.164689084 1.332761644
-0.225371754 -0.021840447 -0.210938090 2.534768619
0.536131891 -2.915554262 0.333495160 0.465922296
0.297602135 -0.892308393 -1.056619946 2.848112972
0.071132485 -0.733779641 -0.536001953 2.483680383
0.016002353 -0.684162524 -0.299172926 2.270534265
0.058088025 -0.730456764 -0.202380491 2.164062584
-0.004087090 -0.649629118 0.026433462 1.866604457
0.067197962 -0.756556696 -0.315151139 2.378981358
-0.058011433 -0.543700717 -0.031088602 1.896075031
-0.228763603 -0.219271599 0.141536048 1.568088200
-0.016924437 -0.664133827 -0.317518039 2.532101740
0.101608610 -0.936759829 0.343364395 1.012072172
-0.230077740 -0.107543953 -0.084862325 2.082638973
0.231645201 -1.400368167 -0.033748142 1.939519262
-0.472772793 0.853769446 -0.165369140 2.360706461
0.628157295 -3.329764836 0.135324307 1.218071377
0.352393112 -0.948606591 -1.031763615 2.839864046
0.129462786 -0.792555366 -0.542638334 2.497476356
0.133677391 -0.796348510 -0.217592664 2.204935260
0.013217931 -0.663843101 -0.261646603 2.253394594
-0.057842122 -0.571465036 -0.127265423 2.078699066
0.144795741 -0.875421830 -0.167490204 2.139036238
0.124048337 -0.840151242 -0.054710527 1.947310782
-0.165254533 -0.290475797 -0.249884814 2.318141922
0.229409878 -1.119271022 0.091475823 1.601284618
-0.235127751 -0.050834498 -0.138048497 2.129190541
0.014662546 -0.675310240 -0.042741305 1.890922563
-0.104032581 -0.342963889 0.266014274 1.026406955
0.287720706 -1.596574427 -0.247031092 2.668152152
-0.175754885 0.164632799 -0.050061348 1.919667134
0.460170237 -1.072502537 -1.224938704 2.983216203
0.254879013 -0.928798683 -0.525041850 2.493288413
0.095354296 -0.785226442 -0.282931260 2.275388889
0.126544580 -0.819535755 -0.264834856 2.255482844
-0.046257068 -0.594893621 -0.029256933 1.949231555
0.150684380 -0.890305793 -0.125057667 2.092932656
0.171510937 -0.925710940 -0.087935360 2.029824732
0.221088012 -1.019907381 -0.084171921 2.022674199
0.136222807 -0.841690459 -0.118949385 2.095706869
-0.052064943 -0.408628644 0.077279788 1.644379781
0.426562993 -1.605198483 -0.248467167 2.458747168
-0.046705965 -0.280045424 -0.177366691 2.259665839
-0.188299249 0.173053091 -0.105398711 2.029368300
0.071156476 -0.812878651 0.319273938 0.415612253
0.546642276 -1.113662229 -1.181895803 2.961830651
0.293878334 -0.936727473 -0.542352232 2.514150159
0.151659810 -0.808730805 -0.260834036 2.260783789
0.165901541 -0.824396709 -0.283978087 2.286242246
0.097379959 -0.735318656 -0.106193994 2.055122934
0.379586427 -1.158628358 -0.089911201 2.030698744
0.155401583 -0.777514113 -0.171766343 2.169852489
0.325813708 -1.101297145 -0.050247330 1.938966367
0.022937352 -0.465256826 0.252492368 1.303213032
0.167799701 -0.798440222 -0.341233530 2.668782567
0.094029521 -0.614014772 -0.085297439 2.028942341
0.061100036 -0.521812216 0.035039476 1.691998984
-0.206551535 0.334672824 0.249785821 1.004810671
0.201787216 -1.217014408 0.057504032 1.735481461
0.678614418 -1.176388344 -1.122980185 2.932013784
0.311019439 -0.919071862 -0.568802391 2.544089334
0.246497930 -0.861002506 -0.292972256 2.295842220
0.049224215 -0.644001415 -0.249982566 2.248553559
0.173769552 -0.805910346 -0.212088773 2.199291630
0.650928163 -1.521648264 0.010638234 1.865201119
0.264634734 -0.864949415 -0.110490362 2.071119739
0.410238502 -1.141596571 -0.091891322 2.035781563
0.337513605 -0.988874294 0.030285709 1.779209811
-0.269496079 0.407247949 -0.057388530 1.980860557
0.312047352 -1.046610628 -0.339002266 2.684894895
0.243097430 -0.853550849 0.141673948 1.339001518
-0.030234871 0.021112526 0.044890451 1.648708716
0.174950130 -0.758590465 0.195490133 1.076429928
0.593003964 -1.083245921 -1.111859149 2.940303716
0.378351532 -0.932989221 -0.581911837 2.569340604
0.180453019 -0.754880564 -0.348753846 2.359498418
0.080858200 -0.645326261 -0.233057225 2.232232131
0.318573935 -0.954356705 -0.091192105 2.047807482
0.639951226 -1.436422641 -0.176075059 2.175131914
0.480333440 -1.165072398 -0.126752899 2.091284239
0.817133518 -1.804992537 -0.315461868 2.449831275
0.347782039 -0.819354477 0.240687074 1.281918550
0.010285664 -0.043112830 0.195438815 1.385989544
0.456131496 -1.157727410 -0.189632605 2.348668094
-0.028158792 0.198285373 -0.094034053 2.080992155
0.120760830 -0.278257425 0.237342356 1.020587630
-0.001381729 0.185884293 -0.438416477 3.588471163
0.129630871 0.603076484 -1.311248619 3.082894007
-0.056113902 0.733097823 -0.603957212 2.587790030
-0.091940143 0.765341439 -0.386683253 2.392243472
-0.043081359 0.711596775 -0.278179745 2.272889611
-0.160683653 0.864479753 -0.271441276 2.264129601
-0.639896240 1.583298633 -0.127021044 2.047499254
-0.695452045 1.677743503 0.051464457 1.744073894
-0.333380967 0.989808465 -0.110193530 2.051224066
-0.534909538 1.413018444 -0.029839270 1.882480127
0.007840021 0.164694485 -0.232951586 2.349638442
-0.105410185 0.447820000 -0.154680038 2.153959574
-0.284749369 0.949969706 0.240471604 1.047534995
-0.054928108 0.214541660 -0.006606580 1.838185195
0.365305079 -1.382344430 0.083079939 1.497376427
0.024345817 0.554823308 -1.302915889 3.052425543
-0.049165192 0.606281014 -0.611949003 2.568748731
-0.036761454 0.595117650 -0.300578999 2.288515735
-0.119261188 0.685867359 -0.243772355 2.226028425
-0.084723512 0.640968382 -0.136209694 2.086196970
-0.333732436 1.014481768 -0.156199299 2.116181377
-0.699392956 1.636104670 -0.208950713 2.205858785
-0.200550926 0.688304824 -0.002307297 1.813236298
-0.339679265 0.980474322 0.016748305 1.773219536
-0.304964932 0.900631358 0.161376557 1.440574563
0.056369165 -0.002703883 0.064574888 1.682578737
0.097003407 -0.116479760 -0.664112112 3.722902300
-0.235676753 0.948096769 0.222750342 0.884942408
-0.092882631 0.405479112 0.335757901 0.455513686
-0.123070188 0.545143519 -1.355764947 3.091669838
-0.200400811 0.599274954 -0.572415624 2.543325322
0.012407151 0.407747793 -0.385400561 2.375011769
0.001120717 0.420162871 -0.286686523 2.266426325
-0.009562073 0.434050497 -0.084890107 2.004090994
-0.240707042 0.780767951 -0.136066643 2.080855798
-0.430743252 1.103829517 -0.229624592 2.239904316
-0.345865835 0.942562427 -0.010081533 1.822772510
-0.127997964 0.485039918 0.044968117 1.707168248
0.152866133 -0.160947493 -0.337796131 2.587526001
-0.179246246 0.669333455 0.031318272 1.664739994
-0.130768797 0.533596601 -0.271024937 2.511300966
0.099018629 -0.201723174 0.189711084 1.036945675
0.000607949 0.172237407 -0.202989888 2.529209352
-0.065685962 0.329624729 -1.285103636 3.041256824
-0.061923418 0.326990949 -0.549129280 2.526074783
0.038762679 0.236373464 -0.380196481 2.374035268
0.024822810 0.251707320 -0.248464435 2.229130014
-0.105926667 0.421681634 -0.120789976 2.063153224
-0.076378640 0.377359594 -0.262005267 2.274976160
-0.260193366 0.689844637 -0.022589572 1.867969468
-0.066221604 0.321298292 0.053666253 1.723083401
-0.363641257 0.945879537 0.118440957 1.587056529
0.174680124 -0.292259615 -0.627308934 3.302281244
-0.039312101 0.242720947 0.037856903 1.639366651
0.115950899 -0.192015446 -0.067892058 1.935463738
-0.232339526 0.922513932 0.263214948 0.875921302
0.117190497 -0.405700136 -0.392063730 3.365980248
0.024473594 0.102670617 -1.210794521 2.970018185
0.040600004 0.091382130 -0.545618567 2.504395024
0.033060975 0.098167256 -0.358134423 2.335659299
0.040245816 0.090263931 -0.215777236 2.179066390
-0.031232752 0.183186065 -0.196596337 2.154131223
-0.140342418 0.346850565 -0.183050589 2.133812600
-0.030506041 0.160128718 -0.119607491 2.025959332
0.161826780 -0.205303637 0.086270602 1.634790960
0.029518523 0.072543691 -0.125474304 2.079455241
-0.315300598 0.865627652 -0.292416145 2.463421468
0.070572383 -0.099054799 -0.076446148 1.923496475
-0.090168572 0.351019866 0.272655720 0.946011261
0.212018952 -0.615980225 -0.380037289 3.034628921
-0.011945703 0.235085452 -0.355092755 2.939839695
0.093778899 0.108562400 -1.212849689 2.984985626
0.026005359 0.156003877 -0.580955778 2.542659896
0.019560154 0.161804562 -0.255251466 2.249526023
0.117808026 0.053731899 -0.274977186 2.271224315
-0.078394692 0.308795424 -0.240991654 2.227043125
0.161199084 -0.050595241 -0.163909754 2.111420275
0.123832717 0.012927585 -0.022302874 1.870688572
0.049081164 0.154955534 -0.140661052 2.095569107
0.180236058 -0.120469731 0.060170875 1.673822081
-0.066719635 0.447528352 -0.050427306 1.928197890
-0.159646099 0.679844512 -0.467226977 2.970197069
0.025392616 0.161736119 0.263153252 0.925132463
0.216819678 -0.450830491 0.104152775 1.433933995
-0.252133884 1.331193023 -0.091918861 2.179006206
0.248498782 -0.164230261 -1.365846477 3.097827594
0.093477225 -0.055715173 -0.507078201 2.496689812
0.133087659 -0.091364562 -0.426188606 2.423889178
0.008108842 0.046112139 -0.254612060 2.235154973
0.003624073 0.051942339 -0.154648982 2.105202977
0.373478853 -0.502839830 -0.050060737 1.948320609
0.050065312 0.046963204 -0.310793630 2.391566540
0.184174171 -0.207843626 -0.146228723 2.078893221
0.074396786 0.022688873 -0.112016770 2.007048123
0.027789243 0.129886219 0.035324088 1.668164155
0.014196041 0.163869226 0.165263441 1.343315774
-0.050638716 0.345406541 -0.015419122 1.849226941
0.110222839 -0.169350442 -0.164870249 2.327470553
0.010257699 0.210517084 -0.391947501 3.190364103
0.297390687 -0.316575149 -1.343112072 3.083600561
0.170151862 -0.227507973 -0.519025357 2.506739870
0.096225753 -0.160974476 -0.435193077 2.431290821
-0.016716632 -0.036737850 -0.219419677 2.193940075
0.089815908 -0.175230147 -0.089644172 2.025231925
0.442936557 -0.704911120 -0.312154815 2.358997889
0.319032634 -0.494274445 -0.066453838 1.941306217
0.000444092 0.111043777 -0.115454238 2.034406976
0.085209960 -0.066964538 0.175005752 1.424441025
0.478258913 -0.970977111 -0.408058665 2.765489156
0.119814693 -0.074866561 -0.088053161 1.965475396
0.169926990 -0.215180991 0.222086257 1.097085039
-0.095223154 0.633299483 -0.308663298 2.795483642
-0.065992739 0.522223909 0.209113521 0.827931754
0.275838243 -0.375927784 -1.210358215 3.015456474
0.166077028 -0.299094935 -0.687612336 2.649534365
0.021062414 -0.168581786 -0.396529342 2.387559677
0.083657757 -0.237436665 -0.154766496 2.121620541
0.180542240 -0.363386488 -0.305861758 2.318044374
0.403571359 -0.697930167 -0.107186411 2.020031354
0.698539054 -1.199375263 0.016126638 1.810399164
0.203577949 -0.258949175 -0.195323895 2.212155172
-0.209343532 0.608185897 0.000775456 1.800346554
0.723820007 -1.538090200 0.069158061 1.643066567
0.019274655 0.223273180 -0.222454106 2.372096985
0.280706070 -0.508734771 -0.341898419 2.706541055
-0.280456165 1.286984411 0.350697891 0.490232829
0.168670482 -0.419696827 -0.607009119 4.129519422
0.074278568 -0.304235952 -1.308413822 3.094178835
0.111644498 -0.330392103 -0.585558449 2.588180083
0.079892035 -0.301814887 -0.438447490 2.455780223
0.005657675 -0.220157089 -0.315821284 2.320891393
0.159649736 -0.420346762 -0.152771437 2.108926599
0.760437227 -1.321527998 -0.127250522 2.070645227
0.517187927 -0.908004177 0.009930137 1.837438100
0.562756375 -0.994584225 -0.134813834 2.112451642
0.456742759 -0.771955643 -0.329021137 2.520286960
0.148162359 -0.062220738 -0.043576349 1.863763962
0.245339611 -0.305163868 0.073359422 1.571424535
-0.099270693 0.659744967 0.042797913 1.656996758
0.268203063 -0.516171068 -0.164961245 2.321826073
-0.150514142 1.074954291 -0.161616812 2.309117227
0.002693590 -0.001182229 -0.009501365 0.009632245
0.000716920 0.000201440 -0.002872226 0.004991847
0.000136520 0.000723800 -0.001361842 0.003632502
0.000150499 0.000708423 -0.000825238 0.003042238
-0.000016486 0.000925503 -0.000502635 0.002622853
-0.000017266 0.000926674 -0.000468105 0.002571059
0.000223081 0.000518084 -0.000298229 0.002282270
-0.000065367 0.001066134 0.000017074 0.001683193
0.000015798 0.000895689 -0.000206172 0.002152010
0.000159637 0.000564858 0.000137739 0.001361016
-0.000088389 0.001184923 -0.000033528 0.001789181
0.000158235 0.000494376 0.000135977 0.001314570
-0.000104115 0.001333898 -0.000014954 0.001797547
0.000274973 -0.000106637 0.000989638 -0.002019902
0.001152718 0.000098221 -0.005466752 0.006623080
0.000306911 0.000690286 -0.002149134 0.004300748
-0.000034757 0.000997787 -0.001226429 0.003470313
-0.000071559 0.001038270 -0.000778531 0.002977625
0.000246758 0.000624458 -0.000604403 0.002751258
-0.000217524 0.001320880 -0.000344618 0.002361582
0.000110858 0.000762631 -0.000252901 0.002205663
0.000171823 0.000646799 -0.000107635 0.001929657
-0.000091350 0.001199462 0.000146957 0.001395013
-0.000138378 0.001307627 -0.000242303 0.002290312
0.000196127 0.000471364 0.000029649 0.001610433
-0.000054492 0.001173097 -0.000028621 0.001773588
0.000047688 0.000846120 0.000033918 0.001573463
0.000372336 -0.000387543 0.001323447 -0.003326748
0.000394632 0.000767398 -0.004103901 0.005650742
0.000067879 0.000996125 -0.002059441 0.004219620
-0.000088896 0.001137223 -0.001127906 0.003381238
-0.000181398 0.001238976 -0.000788041 0.003007387
0.000012625 0.000986746 -0.000563968 0.002716092
0.000062089 0.000912549 -0.000518021 0.002647171
-0.000059171 0.001118691 -0.000150778 0.002022859
0.000155616 0.000710595 -0.000146190 0.002014141
-0.000069470 0.001183276 -0.000029476 0.001769041
0.000095898 0.000802930 -0.000125808 0.001990605
-0.000004672 0.001054355 0.000072323 0.001495278
-0.000154789 0.001474684 0.000101938 0.001412356
0.000083194 0.000713136 0.000008332 0.001711896
0.000163856 0.000406623 0.000316749 0.000539913
-0.000169732 0.001264635 -0.004018528 0.005638036
-0.000194696 0.001282110 -0.002006610 0.004229694
-0.000156814 0.001248016 -0.001211284 0.003513900
0.000007309 0.001067481 -0.000950164 0.003226668
-0.000045661 0.001136342 -0.000526987 0.002676538
-0.000133465 0.001268048 -0.000502281 0.002639479
0.000065424 0.000929937 -0.000170639 0.002075687
-0.000216051 0.001464739 -0.000223235 0.002175619
0.000202712 0.000585336 -0.000081809 0.001878626
0.000019833 0.001005959 -0.000180828 0.002106369
0.000035220 0.000967490 -0.000044518 0.001765595
0.000033378 0.000972649 0.000386005 0.000560129
0.000052072 0.000912827 -0.000196487 0.002424104
0.000102154 0.000722516 0.000476416 -0.000132927
-0.000180116 0.001337173 -0.004278231 0.005875138
-0.000207515 0.001356352 -0.002148752 0.004384503
-0.000356589 0.001490519 -0.001299374 0.003620062
-0.000076683 0.001182622 -0.000914127 0.003196291
-0.000163832 0.001295917 -0.000443883 0.002584973
-0.000131138 0.001246876 -0.000460623 0.002610084
0.000172087 0.000731393 -0.000568438 0.002793369
-0.000158171 0.001358882 0.000055939 0.001607052
0.000215166 0.000574876 -0.000263802 0.002278508
0.000042474 0.000972066 -0.000026703 0.001733181
-0.000301401 0.001831755 0.000009098 0.001643679
0.000482946 -0.000364417 0.000348401 0.000693630
0.000097457 0.000869146 -0.000140147 0.002256985
-0.000003576 0.001253071 0.000390333 0.000241158
-0.000309426 0.001124178 -0.003986794 0.005577793
-0.000191477 0.001041613 -0.001899374 0.004116599
0.000051503 0.000822931 -0.001345614 0.003618214
-0.000008631 0.000889079 -0.000754076 0.002967522
-0.000105152 0.001014555 -0.000520704 0.002664139
0.000209585 0.000542451 -0.000515064 0.002655679
0.000004889 0.000890435 -0.000077318 0.001911511
-0.000237498 0.001350969 -0.000060106 0.001878809
-0.000196071 0.001263972 -0.000155129 0.002078356
0.000732569 -0.000871899 0.000031201 0.001649797
-0.000320137 0.001759864 -0.000165548 0.002141670
0.000190961 0.000328792 0.000194330 0.001134012
0.000023975 0.000863147 0.000117926 0.001378505
0.000327218 -0.000289176 0.000571877 -0.000346509
-0.000210562 0.001103591 -0.003757099 0.005437935
-0.000175071 0.001078747 -0.001882950 0.004126032
0.000111241 0.000821067 -0.001194201 0.003506157
-0.000201590 0.001165181 -0.000848138 0.003125488
-0.000046859 0.000964031 -0.000646517 0.002863381
-0.000008521 0.000906523 -0.000423933 0.002529505
0.000117637 0.000692056 -0.000188504 0.002129275
-0.000002000 0.000919366 -0.000044318 0.001855322
0.000172010 0.000553943 -0.000168235 0.002115547
-0.000016215 0.000986862 -0.000041141 0.001823232
-0.000096089 0.001186547 0.000032872 0.001638198
0.000359403 -0.000088830 0.000149018 0.001312989
-0.000207363 0.001724819 -0.000092781 0.002086745
0.000563909 -0.001206015 0.000909686 -0.001722629
0.000199940 0.000795669 -0.004309406 0.005738472
0.000186131 0.000805336 -0.001770442 0.003961197
0.000062512 0.000916593 -0.000938149 0.003212134
-0.000008359 0.000994551 -0.000839058 0.003103134
0.000015698 0.000963276 -0.000443693 0.002589159
0.000097064 0.000841227 -0.000431730 0.002571215
0.000121293 0.000800038 -0.000166365 0.002120093
0.000156448 0.000733243 0.000075803 0.001659976
-0.000361819 0.001821604 -0.000343911 0.002541375
0.000235960 0.000446712 -0.000156628 0.002110623
-0.000036552 0.001127993 -0.000003567 0.001727970
-0.000073601 0.001231730 -0.000015815 0.001762265
0.000289499 0.000069810 0.000057556 0.001527480
0.000258743 0.000186682 0.000606065 -0.000556856
0.000519150 0.000581425 -0.006548806 0.007400460
0.000393378 0.000669466 -0.001985181 0.004205923
0.000209742 0.000834738 -0.001154546 0.003458352
0.000011552 0.001052746 -0.000993788 0.003281518
-0.000108195 0.001208418 -0.000332905 0.002422370
0.000111569 0.000878772 -0.000356462 0.002457706
0.000138625 0.000832778 -0.000369172 0.002479313
0.000020803 0.001056638 -0.000207382 0.002171912
-0.000372841 0.001883291 0.000164177 0.001391637
0.000102362 0.000790324 -0.000002317 0.001774574
0.000353112 0.000163450 -0.000246112 0.002384060
-0.000025114 0.001222483 0.000053452 0.001545283
-0.000013906 0.001186617 0.000264324 0.000870490
0.000315183 -0.000063920 0.000274666 0.000831193
0.001158253 0.000166311 -0.011688527 0.011354737
0.000672540 0.000506310 -0.003183276 0.005401061
0.000141371 0.000984361 -0.001461064 0.003851071
-0.000112600 0.001263730 -0.001142567 0.003500723
-0.000017872 0.001140584 -0.000519617 0.002690889
0.000053564 0.001033429 -0.000492583 0.002650337
0.000336920 0.000551724 -0.000079023 0.001947286
-0.000091086 0.001364935 -0.000361534 0.002484057
-0.000011073 0.001196908 0.000057421 0.001604250
-0.000161914 0.001543844 0.000140229 0.001413792
-0.000271797 0.001818551 -0.000051948 0.001894234
0.000336631 0.000114952 -0.000005360 0.001763789
-0.000115836 0.001562845 0.000224415 0.001028510
-0.000284028 0.002201975 0.000360876 0.000509955
0.001269755 -0.001800521 -0.009333820 0.010120823
0.000672567 -0.001382489 -0.003039977 0.005715132
0.000356737 -0.001098242 -0.001331555 0.004177552
0.000239793 -0.000969604 -0.001086875 0.003908405
0.000119096 -0.000812698 -0.000648697 0.003338774
0.000138273 -0.000841464 -0.000314622 0.002837660
-0.000029620 -0.000556045 -0.000452897 0.003072728
0.000248982 -0.001085390 -0.000213783 0.002618412
-0.000158231 -0.000230242 0.000176979 0.001797811
0.000208415 -0.001073527 -0.000209208 0.002686041
0.000064289 -0.000713213 0.000093145 0.001930158
-0.000099183 -0.000255492 0.000026706 0.002116190
-0.000032450 -0.000469035 0.000005713 0.002183367
0.000062925 -0.000831461 0.000650877 -0.000268257
0.000636941 -0.001294919 -0.005521746 0.007173555
0.000351618 -0.001095194 -0.002361592 0.004961447
0.000251453 -0.001005045 -0.001170573 0.003889530
-0.000085611 -0.000634274 -0.000892093 0.003583202
0.000151314 -0.000942278 -0.000616356 0.003224744
0.000116460 -0.000889996 -0.000318474 0.002777921
0.000111133 -0.000880941 -0.000284499 0.002720164
0.000066572 -0.000796275 0.000140281 0.001913082
0.000447189 -0.001595571 -0.000514437 0.003287989
-0.000330115 0.000192229 0.000113322 0.001844143
0.000206543 -0.001149416 0.000110482 0.001851243
0.000042617 -0.000690424 0.000273964 0.001393495
0.000088964 -0.000838735 -0.000079579 0.002524832
-0.000054089 -0.000295132 0.000985708 -0.001523261
0.000412114 -0.001179227 -0.004329747 0.006219166
-0.000041710 -0.000861551 -0.001788365 0.004440199
0.000179798 -0.001060907 -0.001113707 0.003833006
0.000180569 -0.001061755 -0.001004108 0.003712448
0.000138255 -0.001006747 -0.000595357 0.003181072
0.000278133 -0.001216564 -0.000339729 0.002797629
0.000006680 -0.000755095 -0.000279594 0.002695399
0.000357296 -0.001421264 -0.000102869 0.002359623
-0.000377255 0.000121293 -0.000009149 0.002162811
0.000162752 -0.001120724 0.000088562 0.001938076
0.000030151 -0.000789221 -0.000055048 0.002297100
0.000539955 -0.002216673 0.000257483 0.001422012
0.000119359 -0.000870766 0.000332174 0.001183001
0.000603098 -0.002708974 0.000961369 -0.001207940
0.000230148 -0.001057010 -0.003905881 0.005961159
0.000084082 -0.000954764 -0.002158124 0.004737729
0.000090828 -0.000960835 -0.001295051 0.003960964
0.000149037 -0.001024865 -0.000939031 0.003569341
0.000123721 -0.000991955 -0.000757526 0.003333385
0.000100501 -0.000957124 -0.000224374 0.002533657
0.000133605 -0.001013401 -0.000076134 0.002281650
0.000282253 -0.001295832 -0.000628864 0.003331836
-0.000368425 0.000070592 0.000299346 0.001382596
0.000458997 -0.001832479 -0.000733662 0.003758513
0.000071866 -0.000864653 0.000580973 0.000471926
0.000311675 -0.001536117 0.000358929 0.001093650
-0.000254624 0.000276041 -0.000374817 0.003441638
0.000129537 -0.001183770 0.000823043 -0.001110233
0.000158547 -0.001105084 -0.004051303 0.006074175
-0.000087543 -0.000932822 -0.002142267 0.004737850
0.000034763 -0.001042897 -0.001306628 0.003985775
0.000092193 -0.001106070 -0.000871847 0.003507516
0.000131556 -0.001157241 -0.000688929 0.003269723
-0.000012991 -0.000940421 -0.000449854 0.002911110
0.000386726 -0.001619940 -0.000411457 0.002845835
0.000363113 -0.001575077 0.000156662 0.001766408
-0.000230813 -0.000327831 -0.000231812 0.002582204
-0.000265057 -0.000249069 0.000393737 0.001143440
0.000394867 -0.001898880 -0.000355379 0.003016231
-0.000095290 -0.000526442 0.000205233 0.001446519
0.000127146 -0.001238236 -0.000117437 0.002479061
0.000479000 -0.002575281 0.000226123 0.001173535
0.000559649 -0.000921364 -0.003904838 0.005860887
-0.000299489 -0.000319967 -0.001853473 0.004424931
-0.000137296 -0.000465942 -0.001058359 0.003709329
0.000310840 -0.000958891 -0.000722269 0.003339630
-0.000235329 -0.000248871 -0.000660077 0.003258780
0.000246013 -0.000970884 -0.000193060 0.002558254
0.000051853 -0.000640812 -0.000326467 0.002785047
-0.000218352 -0.000127422 0.000033184 0.002101709
0.000375458 -0.001374423 -0.000256272 0.002709567
0.000446288 -0.001537333 -0.000157055 0.002481368
-0.000573326 0.001011703 0.000330453 0.001262597
0.000538323 -0.002100916 -0.000229937 0.002831691
0.000308957 -0.001366943 0.000433973 0.000707179
0.000593162 -0.002446922 0.001302275 -0.002592369
0.000352287 -0.000871430 -0.003966624 0.005804186
-0.000064638 -0.000579583 -0.001732367 0.004240206
-0.000187082 -0.000469383 -0.000885250 0.003477800
-0.000063124 -0.000605736 -0.000806084 0.003390718
0.000252771 -0.001016401 -0.000575138 0.003090488
-0.000276723 -0.000222159 -0.000335281 0.002730702
0.000401470 -0.001375087 -0.000223912 0.002541375
-0.000070154 -0.000479001 -0.000240970 0.002573786
0.000064390 -0.000761545 -0.000414903 0.002939044
0.000603935 -0.002002497 0.000681553 0.000417195
-0.000283963 0.000217247 0.000113267 0.001837910
-0.000060793 -0.000407630 -0.000348824 0.003131765
0.000230422 -0.001339516 0.000608595 0.000068026
0.000310470 -0.001643698 0.000328425 0.001132670
0.000377738 -0.001047735 -0.004153047 0.005904780
-0.000149533 -0.000678645 -0.001860984 0.004300336
0.000051825 -0.000859868 -0.000806643 0.003351429
-0.000158916 -0.000628053 -0.000896547 0.003450324
0.000335879 -0.001271286 -0.000527132 0.002970084
-0.000073994 -0.000656477 -0.000448546 0.002852205
0.000030229 -0.000833655 -0.000311319 0.002618919
-0.000294510 -0.000216652 -0.000125013 0.002264937
0.000082618 -0.001008619 -0.000038367 0.002082981
0.000166189 -0.001200834 -0.000341906 0.002781121
0.000220067 -0.001335527 -0.000204626 0.002437921
0.000194409 -0.001263686 0.000474782 0.000535579
0.000221330 -0.001349832 -0.000013074 0.002096719
0.000576521 -0.002699558 0.001316222 -0.002954607
0.000165442 -0.001136276 -0.006134304 0.007288645
0.000103001 -0.001092567 -0.002116950 0.004476497
-0.000020580 -0.000981344 -0.000898515 0.003379905
0.000052985 -0.001062265 -0.000734382 0.003199359
0.000198637 -0.001251613 -0.000563764 0.002977556
-0.000000335 -0.000953155 -0.000532630 0.002930855
0.000123894 -0.001164345 -0.000153180 0.002285790
-0.000228393 -0.000494999 -0.000303272 0.002570964
0.000395398 -0.001804961 0.000030739 0.001869540
0.000440757 -0.001909287 -0.000182143 0.002359169
-0.000062618 -0.000650849 0.000054445 0.001767700
0.000235993 -0.001486960 -0.000080676 0.002146037
0.000094353 -0.001033712 0.000164704 0.001360821
0.000161130 -0.001287462 0.001155400 -0.002403821
0.000398675 -0.001410782 -0.010620863 0.010666015
0.000025222 -0.001149365 -0.002894035 0.005257236
0.000133596 -0.001246902 -0.001168012 0.003703815
0.000073100 -0.001180356 -0.000837581 0.003340341
0.000228236 -0.001382032 -0.000646448 0.003091869
-0.000129341 -0.000845668 -0.000421837 0.002754951
0.000194921 -0.001396913 -0.000298828 0.002545836
-0.000105255 -0.000826579 -0.000041859 0.002057596
-0.000075030 -0.000890052 -0.000545827 0.003115928
-0.000045461 -0.000958060 0.000140908 0.001536438
0.000231588 -0.001650682 0.000198478 0.001392512
0.000070426 -0.001199428 0.000324274 0.001040284
-0.000048639 -0.000818421 -0.000033004 0.002183574
0.000390857 -0.002488505 0.000365845 0.000667946
0.164789269 -0.645298098 -1.174814771 2.986264264
-0.048975351 -0.495662867 -0.541167291 2.542711036
-0.015047189 -0.526198212 -0.278872781 2.306645983
-0.080096452 -0.454644021 -0.316255206 2.347766651
-0.129175453 -0.390841322 -0.148298109 2.129422433
-0.601136839 0.317100757 -0.310706422 2.373034903
-0.945275168 0.902135932 -0.172769489 2.138542110
-0.306809356 -0.310949095 -0.131701874 2.060513642
-0.125325292 -0.692065612 0.162519774 1.442648210
-0.174125391 -0.579825386 -0.216637202 2.314709236
-0.278292144 -0.319408505 -0.125107785 2.085885694
0.189807966 -1.630088790 0.351730203 0.750739349
-0.314382563 -0.016679072 -0.231869059 2.618257016
0.510456220 -3.151066409 0.094055986 1.379741860
-0.034746828 -0.535728841 -1.162701914 2.963007842
-0.118615932 -0.477020469 -0.552059445 2.535558121
0.038796058 -0.618691256 -0.306748675 2.314778434
-0.124289438 -0.439297207 -0.234828079 2.235665777
-0.016891654 -0.578914321 -0.045600523 1.989669962
-0.544629265 0.212692096 -0.083849410 2.047043294
-0.202267242 -0.369323359 -0.046018975 1.982731551
-0.530990850 0.255251488 0.000830293 1.893717944
-0.090944745 -0.668845291 -0.121816964 2.151277171
-0.526966029 0.334003641 -0.616373273 3.288756659
0.138619365 -1.329959845 0.478077806 0.552628963
-0.219546206 -0.327096262 -0.501688897 3.295975684
-0.116311330 -0.657447869 0.168770380 1.150505965
0.219544707 -1.933700794 0.131076582 1.293742395
-0.098890668 -0.531600234 -1.103965110 2.914958868
0.012218655 -0.609376759 -0.522236855 2.507749096
0.006918906 -0.604606984 -0.310870931 2.317519769
-0.087712140 -0.500512832 -0.135825921 2.124970254
-0.139151778 -0.433641305 -0.177436429 2.179063912
-0.052891659 -0.563031484 -0.156421624 2.147541705
-0.304769089 -0.134839842 -0.089787873 2.034264325
-0.176529053 -0.378495905 -0.136212755 2.122471601
-0.209020326 -0.310264235 -0.181732730 2.218063544
-0.341513672 -0.005529548 -0.231859629 2.333355408
0.023596688 -0.918305446 0.027279063 1.685508677
-0.106476818 -0.554099636 -0.062382206 1.936560229
0.076589696 -1.139912489 0.162357714 1.217392473
0.033942016 -0.977851308 0.094946330 1.473555727
-0.007318855 -0.632623076 -1.335123857 3.061307828
0.047204795 -0.670789631 -0.511050255 2.484456316
-0.004666149 -0.624105782 -0.262975034 2.261188623
-0.048870164 -0.575481365 -0.142513565 2.128681004
-0.066768511 -0.552213514 -0.334334294 2.378047943
-0.151264929 -0.425468886 -0.021959538 1.909485809
-0.054900964 -0.589287632 -0.174722734 2.169183250
-0.240575459 -0.236506096 -0.046468990 1.925501139
-0.319735034 -0.070270997 -0.106253003 2.051047560
0.449939561 -1.840522528 -0.138578978 2.125397302
-0.015688342 -0.676452770 0.119165598 1.481035861
0.108392660 -1.023879570 -0.257736681 2.536362225
-0.214569007 0.009597778 0.227719979 0.982900890
-0.060420934 -0.576164890 -0.147323468 2.408065971
0.197829318 -0.813162184 -1.032912793 2.842828781
0.063697103 -0.719269635 -0.537320407 2.495914118
0.146849120 -0.794106448 -0.271094973 2.256311233
-0.077126352 -0.547733424 -0.230681383 2.211856283
0.063174352 -0.730124332 -0.082812886 2.019627243
0.034901193 -0.687714594 -0.304542707 2.352221976
-0.027573715 -0.581507247 0.034563554 1.775741316
0.012084250 -0.656857379 -0.064373635 1.963721973
-0.441365137 0.295386290 -0.334008852 2.529955903
0.548913646 -1.982254863 0.305840300 1.058302883
-0.337066108 0.232694521 -0.223630702 2.381980389
0.260084358 -1.439326756 0.250857711 1.053412855
-0.291294104 0.325084352 -0.159520930 2.366624524
0.585259681 -3.005819992 -0.497865856 3.652335226
0.339667519 -0.922093789 -1.068221394 2.869701060
0.102669007 -0.756194833 -0.492023259 2.466362372
0.080415885 -0.736167024 -0.259939370 2.257486877
0.017279095 -0.666716553 -0.305127611 2.307193943
0.075283927 -0.742122832 -0.169576366 2.130977332
-0.061998055 -0.536199860 -0.097982860 2.023587073
0.378146903 -1.284446309 -0.361785422 2.472051440
-0.235090042 -0.119296128 0.251802892 1.306233658
-0.018422003 -0.574298989 -0.087102631 2.017935224
0.436447457 -1.620498725 0.320862455 1.079615546
-0.266902092 0.137875146 -0.634528499 3.468092932
-0.089960375 -0.357561653 0.047439027 1.558583890
0.129534126 -1.059944066 0.101902104 1.384302043
0.154428789 -1.154543785 -0.277714299 2.826844354
0.500217110 -1.086360887 -1.356144032 3.085907023
0.283596533 -0.934726485 -0.527259143 2.505687610
0.074370188 -0.746422780 -0.286060503 2.288608840
0.037592961 -0.705967829 -0.206611230 2.201214638
0.173679847 -0.882880775 -0.050231206 1.997920614
0.162253639 -0.865741463 -0.355840837 2.456335060
0.172079565 -0.882445538 0.101497806 1.678859346
0.030731570 -0.613884350 0.000149608 1.871420920
0.512221035 -1.625012182 -0.175898629 2.241122201
0.013911125 -0.478899411 0.158811770 1.471288299
-0.270628376 0.232449341 -0.340016340 2.718358572
0.141036775 -0.920213062 0.368072899 0.735708738
0.102250642 -0.796097435 -0.191858044 2.527487782
-0.254378818 0.559094497 -0.137833514 2.322194571
0.549181136 -1.105195658 -1.190490794 2.978822982
0.280262845 -0.916952857 -0.540459188 2.523800866
0.172177512 -0.819676060 -0.315862819 2.321664139
0.086425872 -0.725349254 -0.156564769 2.146436280
-0.011263785 -0.598352705 -0.123573512 2.103547648
0.395382847 -1.208322652 -0.075026733 2.030727479
0.822183337 -1.933883506 -0.257922503 2.341650297
-0.488615658 0.556634553 -0.073009755 1.990316081
0.381966142 -1.271587144 0.190737202 1.436447496
0.321768595 -1.133132787 -0.408339999 2.814325030
0.000180801 -0.329163303 0.087980046 1.573524917
0.239272061 -0.998618819 0.290181568 1.007360666
-0.156709229 0.268521327 -0.272893949 2.809202346
-0.083271344 -0.010542631 -0.361283592 3.145082985
0.561626885 -1.095016466 -1.137486764 2.962496195
0.416780139 -0.993623746 -0.617076195 2.598208803
0.127316683 -0.733106642 -0.308027194 2.320064710
0.161534904 -0.770746686 -0.124224469 2.117881708
0.163123569 -0.772811951 -0.273367697 2.311767898
0.414842417 -1.150390223 -0.014972683 1.924175376
0.452123297 -1.213767721 -0.290019020 2.391754162
0.361243020 -1.041095196 -0.116844815 2.062723177
0.263554913 -0.835950180 -0.066294654 1.956567844
0.147706980 -0.569499941 0.587989548 0.451714211
0.231383678 -0.778691687 -0.418874489 2.968874303
0.015723478 -0.174843136 -0.045143355 1.922427145
-0.030784463 -0.026017723 -0.226579543 2.503022956
0.695320428 -2.785216273 -0.084677493 1.963795170
0.492002695 -1.008528039 -1.132712432 2.950590644
0.390083217 -0.937184405 -0.512050421 2.516127244
0.196073009 -0.762575222 -0.383586196 2.400509445
0.119272513 -0.678094675 -0.285372240 2.292474091
0.197152001 -0.779338006 -0.115956040 2.072233039
0.618175270 -1.410872909 -0.008189080 1.910582599
1.033049446 -2.116159029 -0.105457940 2.075939665
0.188195363 -0.510936290 -0.155196245 2.170442445
0.133898077 -0.396911996 -0.443923368 2.776769373
0.668646962 -1.626834406 0.736047450 0.062836549
0.093373857 -0.188651644 -0.295666901 2.642122426
-0.249333145 0.770927947 0.229528194 1.171576187
0.347271176 -1.138205909 -0.440440049 3.315474596
0.388159272 -1.293580672 -0.493911534 3.518666237
0.263117866 0.527317188 -1.252975539 3.062221326
-0.052483085 0.748237850 -0.646122733 2.637424369
-0.117129358 0.806419494 -0.353836929 2.374367153
-0.067448044 0.751770048 -0.335077167 2.353731414
-0.136020747 0.840914558 -0.150601828 2.113913482
-0.706397127 1.696479128 -0.187404111 2.169116907
-0.678203796 1.648550463 -0.186756320 2.168015662
-0.298248934 0.926636236 -0.211653189 2.215319713
-0.540373569 1.435097946 0.079079848 1.604780363
-0.202122357 0.657120174 0.226752704 1.265132801
-0.185094232 0.614549862 -0.138385715 2.177978849
0.493183261 -1.284627085 -0.063796922 1.969130232
0.033382580 0.186735115 0.391699933 0.511540274
-0.674074593 2.875072339 -0.063199852 2.240159433
-0.058589581 0.625798466 -1.270458774 3.037759819
0.036065283 0.559540062 -0.534313949 2.522458450
-0.118710370 0.698838146 -0.337091604 2.344958344
-0.099158323 0.677330893 -0.252486558 2.251892791
-0.116369995 0.699706066 -0.186862305 2.166581266
-0.185960785 0.804092251 -0.080604534 2.007194609
-0.576772449 1.468472099 -0.148938351 2.123362102
-0.541403189 1.401270506 0.308445206 1.254333353
-0.181242855 0.644933838 0.014422532 1.871780941
0.128355815 -0.067143088 -0.563393697 3.200758241
-0.205449048 0.767369069 0.004614990 1.780736524
-0.201257643 0.755633136 -0.256701647 2.512423093
-0.052762760 0.280449504 0.183713863 1.103093442
0.082295132 -0.232770480 -0.090331441 2.144465582
-0.160997222 0.570376937 -1.359970651 3.101139586
-0.037749114 0.484103264 -0.535874399 2.524272219
-0.093807258 0.534555592 -0.455571900 2.451999973
-0.011267368 0.443761711 -0.113071840 2.075249898
0.031986080 0.387532231 -0.108839844 2.069748303
-0.484978143 1.162978565 -0.245903076 2.275343151
-0.089993211 0.491504162 -0.083217651 1.998777921
-0.295591311 0.882140547 -0.075880316 1.984836986
-0.225319213 0.734569147 -0.489169839 2.852744943
-0.232046266 0.750041369 0.188875749 1.293240123
-0.011653157 0.199058597 -0.185628762 2.229501401
-0.151465927 0.590534348 0.086581984 1.467311325
0.097188729 -0.205160565 -0.358689484 2.892180046
0.347080084 -1.154747701 0.293806362 0.412695862
-0.040667805 0.317062185 -1.186792921 2.994456803
0.063513521 0.244135259 -0.683935921 2.642456910
-0.036670855 0.334301195 -0.233601276 2.237155739
-0.070543314 0.371560901 -0.262268279 2.268689444
-0.129619359 0.448359756 -0.211164901 2.202255054
-0.219531230 0.583227563 -0.065281376 1.983429766
0.003887714 0.203415347 -0.236085142 2.273796177
0.040993780 0.132913823 -0.021216877 1.865546479
-0.241957473 0.727111426 0.110419366 1.589110381
-0.274091856 0.801020507 -0.599428272 3.221759916
0.356066457 -0.774375277 0.635889870 0.133464561
0.195339164 -0.324338863 -0.397667492 3.027425124
-0.170520099 0.846410797 0.151614968 1.269721225
0.274089796 -0.843106785 -0.245472952 2.778655305
0.012612940 0.122430458 -1.168456147 2.949071442
-0.067708906 0.178655749 -0.584323441 2.540178555
0.160055905 -0.026332575 -0.304514693 2.288350688
-0.017253986 0.168708309 -0.279013018 2.260298845
0.092231535 0.026377137 -0.041686287 1.951774105
-0.277406880 0.580834759 -0.428215759 2.531568314
0.012019765 0.088809449 0.011603240 1.783875994
-0.297342533 0.676597809 -0.105397739 2.006177852
0.353701701 -0.690595021 0.165069064 1.438197592
0.159982777 -0.245041506 -0.005570649 1.830668923
0.132555138 -0.176472409 -0.733465868 3.650406970
-0.413363342 1.352099311 0.439433947 0.366287546
0.292240089 -0.905831704 -0.320628734 2.798488160
-0.273426559 1.243701534 0.524876298 -0.414430921
0.016819389 0.163278579 -1.193784546 2.978322899
0.103967270 0.102275063 -0.571143661 2.542474287
-0.057133944 0.247266152 -0.384092835 2.374128548
0.119790999 0.052648710 -0.096858178 2.058170419
-0.038166633 0.257993625 -0.252708136 2.260775357
0.177757325 -0.065892312 -0.080034714 2.001765223
-0.011062999 0.255102247 -0.146114878 2.114101506
0.411262808 -0.547316776 0.154397543 1.543127912
-0.168865432 0.670952473 -0.207903336 2.303959723
0.348749823 -0.519562588 -0.039255610 1.916069961
-0.330478900 1.178509218 -0.237161356 2.410834327
-0.037293910 0.357591260 -0.213021883 2.343243804
0.216646105 -0.455016798 -0.110494115 2.015154940
-0.088835140 0.705811919 0.204356474 0.818722718
0.266974370 -0.160533245 -1.203211618 3.006847537
0.093663080 -0.039215344 -0.672152082 2.635105868
0.052108044 -0.001815813 -0.326606553 2.324114900
0.001215563 0.054165918 -0.273255208 2.265428419
0.151588005 -0.141318250 0.004443525 1.904420079
0.232381691 -0.262508779 -0.383474139 2.486296576
0.182563802 -0.177818366 0.126367257 1.619566179
0.239338588 -0.285690457 -0.295291053 2.420716956
-0.190293893 0.616537711 -0.067206009 1.941738387
0.270269449 -0.442757952 0.427176254 0.804659204
0.148416881 -0.138126532 -0.458718214 3.019395375
-0.039860224 0.389049353 -0.055496381 1.890374263
-0.199596864 0.900206607 -0.003909469 1.725296142
-0.219881119 0.977286777 -0.326583852 2.951458781
0.188566979 -0.236981494 -1.315398295 3.085335294
0.158887552 -0.216205896 -0.651532450 2.620629211
0.123789784 -0.184617905 -0.309451149 2.312756047
-0.048674847 0.005093193 -0.368207825 2.377388393
0.082886590 -0.165936669 -0.123330325 2.059047655
0.492423786 -0.780242463 0.066318496 1.774574423
0.504483407 -0.800743819 -0.415011793 2.592835937
-0.320805873 0.767305793 -0.083119303 1.962240214
-0.124872781 0.355846319 0.111401055 1.553747482
0.744698280 -1.644167080 0.183739618 1.387368789
-0.220672921 0.769260921 -0.269364956 2.520130225
-0.130528125 0.516855497 -0.068067296 1.956496786
0.092491907 -0.196808616 0.073259286 1.504251718
-0.212601999 0.962548215 -0.263154671 2.782624739
0.249673069 -0.350519508 -1.287667828 3.071455755
0.139299639 -0.273258109 -0.634366312 2.614144702
0.122835868 -0.258440715 -0.388578084 2.392935303
0.081051468 -0.212477874 -0.322702046 2.320471660
0.067275933 -0.194569679 -0.164682826 2.115046681
0.502988490 -0.848138515 -0.006850956 1.878298876
0.228154678 -0.380921021 -0.097144877 2.031798546
0.869902981 -1.600242783 -0.291934714 2.401899231
-0.070266707 0.374113473 0.130943029 1.513856012
-0.074408707 0.383640074 0.210919330 1.329910523
0.307816217 -0.571922236 -0.522301280 3.162962048
0.111844886 -0.023202518 0.051493632 1.556336321
-0.127292047 0.742035678 -0.082694901 1.985739635
-0.062274825 0.494970236 -0.374628030 3.095085509
0.085955267 -0.317117276 -1.326600392 3.117242257
0.225275396 -0.414641365 -0.655049125 2.647156377
0.022922525 -0.232523786 -0.461634287 2.473083028
0.075337094 -0.290179813 -0.143517903 2.123154998
0.110245172 -0.335560312 -0.284863642 2.306904452
0.685981926 -1.199165444 -0.142776336 2.093773493
0.755190616 -1.316820221 0.258774254 1.411137471
0.664901524 -1.145270947 -0.179143016 2.243180273
0.013522205 0.222625562 -0.699088407 3.335065544
0.636359003 -1.209899046 -0.380629806 2.602610778
-0.434218515 1.466544751 0.681653926 -0.053098552
-0.100728212 0.532771918 -0.283241800 2.648609436
-0.004276708 0.224127101 0.181849230 1.160318115
0.006425754 0.183457746 -0.384151213 3.311119774
