0.003411222 -0.001320203 0.000351604 0.000019982 -0.000026611 0.000003327 -0.001550995 
0.163607387 -0.072705878 0.049564707 0.029524613 -0.007525334 0.001047045 -0.000060228 -0.161189889 
0.007697888 -0.007090642 0.004943117 -0.001882160 0.000360966 -0.000027075 -0.003048835 
0.005665737 0.002985727 0.005951013 -0.003303833 0.001448350 -0.000296960 0.000023428 -0.010266648 
0.004994861 -0.003862191 0.002458856 -0.000866117 0.000155022 -0.000010860 -0.001845386 
0.003838681 0.000090789 0.002692203 -0.000930587 0.000613199 -0.000157591 0.000014456 -0.003926572 
0.006863885 -0.006529958 0.004737853 -0.001858345 0.000361523 -0.000027016 -0.002478109 
0.084462942 -0.046957753 0.020125214 0.023060716 -0.006876071 0.001090147 -0.000069788 -0.072549542 
0.009305391 -0.008257983 0.005269819 -0.001836405 0.000325809 -0.000022957 -0.003689176 
0.003998508 0.000627297 0.003137493 -0.001398530 0.000761539 -0.000172075 0.000014098 -0.004661802 
0.003271980 -0.002916316 0.002100462 -0.000762654 0.000131372 -0.000008364 -0.000962975 
0.004968673 0.000850527 0.003461215 -0.001893578 0.001027904 -0.000232310 0.000018942 -0.005938159 
0.000068008 0.000909988 -0.000761154 0.000352443 -0.000077536 0.000006445 0.000419668 
0.005856539 0.001638452 0.003960696 -0.002968372 0.001543325 -0.000344315 0.000028322 -0.007416290 
-0.001006077 0.002025732 -0.001375008 0.000534907 -0.000106463 0.000008329 0.000884559 
0.114947494 -0.058533452 0.029396803 0.026568744 -0.007442979 0.001129721 -0.000070530 -0.103720539 
-0.005684094 0.007336593 -0.005115813 0.001921179 -0.000358716 0.000026113 0.002922847 
0.163001094 -0.077544115 0.044926382 0.032916937 -0.008592803 0.001202442 -0.000068261 -0.153559874 
-0.010950869 0.013171026 -0.009199095 0.003448486 -0.000641375 0.000046260 0.005265575 
0.230769452 -0.105340687 0.067983199 0.043882110 -0.011514815 0.001657607 -0.000099094 -0.224972781 
-0.001826116 0.001907403 -0.001280708 0.000430098 -0.000068543 0.000004067 0.000100733 
0.141586052 -0.060539967 0.043749189 0.023119312 -0.005327403 0.000636641 -0.000029129 -0.140384075 
-0.002738044 0.002605131 -0.001888739 0.000739432 -0.000144428 0.000010963 0.000645897 
0.006196059 0.004827142 0.006718055 -0.005101562 0.002217419 -0.000445917 0.000034139 -0.011745587 
0.006152661 -0.007567512 0.005276458 -0.001916374 0.000339879 -0.000023111 -0.003127225 
0.077251670 -0.041856026 0.019027606 0.020564527 -0.006264930 0.001034037 -0.000069611 -0.066987569 
0.001338256 -0.002387220 0.001714092 -0.000627748 0.000112300 -0.000007664 -0.001015181 
0.004362444 0.000967088 0.003145876 -0.001640556 0.000799650 -0.000163642 0.000012279 -0.004819187 
0.004221004 -0.005308569 0.003490374 -0.001210899 0.000209335 -0.000014089 -0.002387235 
0.006725686 0.002215816 0.004579638 -0.003734994 0.001942291 -0.000440584 0.000037020 -0.008644609 
0.015165360 -0.016987248 0.011807449 -0.004428509 0.000830999 -0.000060644 -0.006918696 
0.007334658 0.003925079 0.005616255 -0.005121731 0.002393197 -0.000498343 0.000038790 -0.011035341 
0.009297951 -0.010505968 0.006999034 -0.002462750 0.000425633 -0.000028155 -0.004387695 
0.005816820 0.002981453 0.004545938 -0.003837496 0.001814741 -0.000391114 0.000032223 -0.008373445 
0.007579367 -0.009379564 0.006801021 -0.002669554 0.000525636 -0.000040171 -0.003627050 
0.006464587 0.003908176 0.005445989 -0.004786934 0.002208334 -0.000463013 0.000036668 -0.010273496 
0.001070643 -0.002273495 0.001555650 -0.000526483 0.000083037 -0.000004605 -0.000904455 
0.086058441 -0.035237673 0.027097807 0.012945138 -0.002940929 0.000365588 -0.000018879 -0.085780709 
0.001665195 -0.003699004 0.003059450 -0.001278947 0.000255514 -0.000019227 -0.001105960 
0.132912854 -0.050535592 0.045250616 0.017093396 -0.003525391 0.000385425 -0.000016680 -0.139037332 
-1.426730888 0.881768799 -0.218819220 -0.246476221 0.110231648 -0.012162311 0.368397337 
1.638400317 0.323687371 0.782697142 0.013797302 -0.105186186 0.033168865 -0.002867789 -0.679832676 
-0.884570019 -0.086704251 0.475168808 -0.426044325 0.123170738 -0.011466903 0.218590787 
2.342878229 0.485413099 0.951233887 -0.491015082 0.177574978 -0.030430930 0.002178433 -1.438760508 
-1.268345848 0.519656253 -0.109625040 -0.134806563 0.060448801 -0.006736254 0.327066064 
0.655046485 -0.580977177 -0.139025864 1.135601180 -0.680040480 0.175507235 -0.016403444 1.452126153 
-0.939227846 0.397855159 -0.290581953 0.095839419 -0.019387408 0.001960553 0.108921724 
2.588561272 0.974515564 1.325270198 -1.007584732 0.420928520 -0.082905510 0.006380796 -2.236106029 
1.176277569 -1.505902861 0.790017397 -0.184909132 0.006190588 0.002042753 -0.948350659 
-31.938529883 20.265819623 -6.584231867 -10.594993101 3.386580973 -0.575971571 0.039515108 27.968897145 
1.869811272 -2.479060115 1.761654886 -0.698195394 0.139096546 -0.010715869 -1.247658561 
-33.285162479 21.067996319 -6.827764611 -10.847443847 3.350114970 -0.542947374 0.035210841 29.031440338 
-2.424337661 3.307636073 -3.141715929 1.483409384 -0.324407204 0.026161287 0.387189438 
2.708260099 0.707084082 1.268423900 -0.894238755 0.460346087 -0.113424763 0.010469984 -2.160768539 
0.991087491 -0.717705450 -0.109266716 0.327642517 -0.115031495 0.011870467 -1.046429769 
2.371350282 0.550697531 1.067543836 -0.553456206 0.220698266 -0.041448716 0.003125772 -1.624970983 
1.816125493 -1.211038280 -0.047937128 0.432608748 -0.155073265 0.015976726 -1.471303017 
27.664346470 -14.980589713 6.184387538 7.615010058 -2.353481556 0.382626144 -0.024759380 -22.489256564 
1.522128808 -0.612537757 -0.806469150 0.903262211 -0.275318477 0.026550189 -1.343236127 
1.282031026 -0.387753301 0.232594038 0.719308303 -0.437776083 0.115098905 -0.010839747 0.494360756 
-0.857546037 1.676643826 -0.796128698 -0.013345993 0.060108340 -0.007621181 0.627111361 
2.761164170 0.381393314 1.163310736 -0.616273667 0.300125704 -0.064830038 0.005299651 -1.931480154 
-0.656510605 1.021802688 -0.185366457 -0.278458345 0.121233081 -0.013462584 0.557409377 
3.679101864 1.588786888 1.976877244 -2.180427308 1.128546701 -0.267716615 0.023781756 -3.962666541 
2.211079339 -3.018466026 2.982800369 -1.504136757 0.347222553 -0.029194702 -0.562074106 
43.131654328 -23.352567148 9.954777696 11.698897522 -3.616813823 0.597482963 -0.039972943 -36.387705289 
-1.316840193 1.443617745 -0.716847905 0.122725813 0.002515596 -0.001691495 0.747321683 
60.175897543 -33.590709277 13.506630164 17.088605866 -5.365028772 0.902769240 -0.061660087 -50.664800481 
-0.742924314 0.918120936 -0.524350732 0.129201809 -0.010766575 -0.000054865 0.363758258 
2.436440268 0.831153823 1.186018846 -0.890023764 0.368968768 -0.068039023 0.004390699 -1.894385311 
2.747591945 -2.962012395 2.210487769 -0.861781411 0.166035706 -0.012437233 -1.107637636 
26.975106900 -13.884411304 6.412101042 6.906723872 -2.164645914 0.367122388 -0.025246893 -22.596649385 
2.136313105 -1.925979130 1.129408203 -0.302526441 0.032825063 -0.000793362 -1.032655146 
2.961466097 1.203088980 1.661646709 -1.269049982 0.492135162 -0.081240484 0.004468330 -2.978729278 
1.340898896 -0.745359663 -0.032454817 0.265219644 -0.090749398 0.008842146 -0.818001335 
3.295592820 1.186953717 1.723615575 -1.509540524 0.710001349 -0.153068947 0.012403306 -3.272547917 
2.785078624 -2.335828078 0.851143103 0.095158172 -0.094767154 0.011740391 -1.467904941 
0.866322196 -0.795732060 -0.067271045 1.113352151 -0.559504039 0.125423127 -0.010529848 1.315637125 
1.829084647 -1.520155568 0.188479260 0.429108916 -0.171340628 0.018000439 -1.010814395 
50.510848959 -27.837020803 11.364311646 13.928650157 -4.270191813 0.698793781 -0.046420243 -42.335714910 
0.018772917 -0.015045592 0.008595436 -0.002727663 0.000440646 -0.000028093 -0.009134961 
0.103795533 -0.038729706 0.036093153 0.012481482 -0.002248687 0.000168441 -0.000000321 -0.109308454 
0.009994314 -0.007780429 0.004438991 -0.001376978 0.000212827 -0.000012614 -0.004511637 
0.008886968 0.004693633 0.007804962 -0.006115863 0.002925311 -0.000638197 0.000052569 -0.015381870 
0.004286213 -0.002317636 0.000810463 -0.000034372 -0.000037368 0.000005473 -0.001668401 
0.004214851 0.001340322 0.003587078 -0.001940612 0.000936998 -0.000197664 0.000015467 -0.005713305 
0.002048307 -0.001241735 0.000843597 -0.000309956 0.000058423 -0.000004299 -0.000298694 
0.004717202 0.000891714 0.003440951 -0.001822454 0.000960583 -0.000214196 0.000017530 -0.005704996 
0.005128143 -0.004419577 0.002907254 -0.001055642 0.000198377 -0.000014754 -0.001611501 
0.002954081 0.000830625 0.002925496 -0.001065816 0.000474791 -0.000091400 0.000006593 -0.003727440 
0.000709647 -0.000633885 0.000845626 -0.000428230 0.000094645 -0.000007444 0.000292494 
0.004159570 0.000523915 0.003050939 -0.001356741 0.000776707 -0.000184371 0.000016004 -0.004728425 
-0.002426684 0.003892926 -0.003092395 0.001323268 -0.000277113 0.000022288 0.001487393 
0.005775697 0.001493288 0.003834226 -0.002935833 0.001594373 -0.000369294 0.000031359 -0.007123974 
0.001574411 -0.000355386 0.000175173 -0.000038937 0.000000787 0.000000677 -0.000382792 
0.069397607 -0.032529803 0.019469864 0.013670416 -0.003493345 0.000471046 -0.000025121 -0.064698885 
-0.002588937 0.005302530 -0.004247404 0.001731512 -0.000341506 0.000025874 0.001162386 
0.189539771 -0.094377823 0.050238480 0.042338123 -0.011823504 0.001788991 -0.000110960 -0.175303748 
0.004614647 -0.001418780 0.000015940 0.000227673 -0.000070624 0.000006322 -0.002258471 
0.251247384 -0.115969798 0.072802661 0.048575558 -0.012746751 0.001823659 -0.000107643 -0.243257902 
0.000923214 0.000153461 -0.000680331 0.000396121 -0.000093883 0.000007951 -0.001442055 
0.101125103 -0.037883144 0.034741295 0.012244069 -0.002207700 0.000168345 -0.000001036 -0.105364240 
-0.000700547 0.001254731 -0.001438660 0.000709487 -0.000154800 0.000012293 -0.000441157 
0.006677614 0.004268257 0.006596658 -0.004862226 0.002196298 -0.000457368 0.000036228 -0.011754729 
0.007875997 -0.010119756 0.007628553 -0.003023165 0.000586574 -0.000043382 -0.003784860 
0.104674518 -0.051548165 0.027273404 0.022435427 -0.005954288 0.000846295 -0.000048594 -0.094970658 
0.000452669 -0.001242918 0.000796905 -0.000237271 0.000032942 -0.000001743 -0.000667557 
0.003809470 0.000247787 0.002445089 -0.001167508 0.000738651 -0.000181529 0.000015844 -0.003255866 
0.004003175 -0.005483755 0.003718694 -0.001270513 0.000206790 -0.000012502 -0.002170917 
0.004601529 0.000950435 0.003172652 -0.001940604 0.001058979 -0.000240579 0.000019695 -0.004953942 
0.014738453 -0.016962813 0.012062031 -0.004597643 0.000870017 -0.000063469 -0.006639444 
0.004964424 0.002060925 0.003858053 -0.002811963 0.001401589 -0.000317139 0.000027362 -0.006544868 
0.006849158 -0.007489215 0.004660379 -0.001518713 0.000242982 -0.000014859 -0.003387093 
0.005831434 0.003681835 0.005057508 -0.004221245 0.001843035 -0.000363259 0.000027066 -0.009277042 
0.007466629 -0.009088445 0.006489337 -0.002501915 0.000479992 -0.000035351 -0.003619167 
0.005741290 0.003817090 0.005243970 -0.004311410 0.001907724 -0.000393312 0.000031429 -0.009507747 
0.000309859 -0.001212231 0.000764589 -0.000256972 0.000047531 -0.000003620 -0.000650239 
0.010562764 0.008258044 0.010607037 -0.009010666 0.003894819 -0.000784187 0.000060518 -0.021122185 
0.003035394 -0.004431498 0.003207339 -0.001233618 0.000231653 -0.000016511 -0.001902086 
0.130767786 -0.048327272 0.045203045 0.015631170 -0.003019204 0.000301475 -0.000011394 -0.138029797 
-2.997144497 2.753972575 -1.530255290 0.232886574 0.023088510 -0.005717712 0.998536640 
3.108552497 1.546659703 1.705383224 -1.701578345 0.702852209 -0.129881737 0.008949167 -3.215438263 
-1.660232734 0.775396624 -0.060003764 -0.251154998 0.093315372 -0.009331496 0.538888506 
1.619046419 -0.306220125 0.421985717 0.452318907 -0.209185013 0.038368548 -0.002319469 -0.013010427 
-2.393993484 1.629280838 -0.771774245 0.090910594 0.017471349 -0.003230015 0.833556124 
1.113762937 -0.154457852 0.313338746 0.650809133 -0.432937777 0.109553136 -0.009436518 0.413346123 
-3.759148654 3.628995059 -2.559141966 0.900707156 -0.150729019 0.009485840 1.304646427 
2.961299435 1.775839524 1.936958890 -1.722734545 0.678208255 -0.123323127 0.008497826 -3.518539807 
-0.315387908 -0.087396180 -0.025242184 0.046732666 -0.021212737 0.002901607 -0.249841037 
1.240348017 0.025893394 0.355716106 0.365451046 -0.300868531 0.089856423 -0.009156642 0.214315502 
1.933974045 -2.341182242 1.418299744 -0.443135692 0.064606224 -0.003297135 -1.286136713 
2.922800989 1.365795560 1.443361116 -1.644825612 0.763052914 -0.160741523 0.012545660 -2.709245311 
1.965601213 -2.008094818 0.999734670 -0.220366867 0.017419612 -0.000066660 -1.430037118 
2.807405540 1.279335120 1.692073248 -1.225880863 0.472587445 -0.082385045 0.005258127 -2.949485675 
1.288584994 -0.941483832 -0.022521212 0.302563636 -0.105486302 0.010426582 -1.184560944 
1.111390262 0.336250655 0.553315194 0.207387051 -0.264457077 0.087096733 -0.009198594 -0.018542461 
-1.173816000 2.314488695 -2.752876276 1.554331784 -0.386897464 0.034601830 -0.199425059 
-59.925659517 36.632529247 -12.577126425 -18.884865403 5.927193839 -0.988150029 0.066380090 51.758404055 
0.738572589 0.022019941 -1.123262479 0.997849392 -0.295066196 0.028610441 -0.948236900 
2.384501899 0.252965002 0.842545046 -0.402853727 0.196135222 -0.039154361 0.002450671 -1.226017235 
4.444356296 -4.795821054 4.485231473 -2.381269376 0.589593795 -0.052976277 -1.587023957 
1.779797287 0.206584474 0.706138203 -0.030491857 -0.085878463 0.039943732 -0.004618679 -0.596480228 
-0.499477125 0.879014278 -0.178266719 -0.206314167 0.087712045 -0.009275125 0.509948011 
3.301500963 0.401245224 1.389600181 -0.776883942 0.412247590 -0.095639061 0.008116112 -2.639619802 
-0.698705709 0.712008779 -0.035154380 -0.211252270 0.075088708 -0.007167037 0.610667529 
2.144941474 0.587382447 1.113558580 -0.473606485 0.174643852 -0.036823836 0.003335641 -1.518119642 
-4.303173334 5.528698295 -4.139227981 1.585529968 -0.294355240 0.021090554 1.902059877 
-59.149977872 35.680861101 -12.499301594 -18.039779519 5.506600408 -0.884183204 0.056844499 51.325251521 
-1.559870341 1.661014068 -0.911566562 0.209442507 -0.009921797 -0.001513264 0.751042155 
2.500368027 0.822159174 1.146259921 -1.017649653 0.505790994 -0.120073451 0.010873909 -1.867111583 
0.470525169 -0.216020895 0.054100368 0.049458306 -0.023318483 0.002632511 -0.148600729 
2.330528755 0.292599411 0.894126329 -0.475625538 0.290144303 -0.080901713 0.008028495 -1.270128171 
2.641971775 -2.276647548 1.186185277 -0.245967444 0.010664101 0.001195993 -1.271174784 
0.941089762 -0.433282669 0.125357595 0.791226392 -0.428371269 0.099270044 -0.008469359 0.905846625 
0.937395114 -0.638017523 0.083737198 0.179898029 -0.075275812 0.008128481 -0.566377211 
2.053622384 0.284810372 0.894590952 -0.229812558 0.062670489 -0.003991290 -0.000452669 -1.066232812 
0.955950065 -0.322818771 -0.522859862 0.581902227 -0.177831922 0.017062729 -0.673715413 
1.841268173 -0.143024674 0.555958497 0.107391418 -0.027493469 0.001454545 -0.000002434 -0.339685337 
-0.118571718 1.108627816 -2.069013938 1.482442554 -0.415863958 0.039505090 -0.252265279 
0.224161218 -1.108716456 -0.306737250 1.817537605 -0.993819331 0.236516967 -0.020460332 2.157573082 
