0.000444052 0.000485638 -0.009570290 0.009733926
0.000369581 0.000537768 -0.002909574 0.005071425
0.000110278 0.000771141 -0.001378887 0.003693807
0.000050734 0.000836639 -0.000915551 0.003184137
0.000088697 0.000787287 -0.000599311 0.002773026
-0.000009644 0.000934799 -0.000365521 0.002422340
0.000018161 0.000887529 -0.000228819 0.002189947
-0.000026304 0.000972014 -0.000119737 0.001982691
0.000035092 0.000843082 -0.000098732 0.001938582
-0.000044686 0.001026572 -0.000076637 0.001887762
-0.000006773 0.000931788 0.000068611 0.001524643
0.000054811 0.000759354 0.000026719 0.001641940
0.000036260 0.000818716 0.000148632 0.001251819
-0.000046037 0.001131444 0.000187323 0.001104790
0.000267455 0.000750994 -0.005397084 0.006597558
0.000101195 0.000867376 -0.002171024 0.004339315
0.000019336 0.000941049 -0.001227923 0.003490525
-0.000030159 0.000995494 -0.000819101 0.003040820
0.000077269 0.000855837 -0.000533636 0.002669716
0.000025732 0.000933143 -0.000347592 0.002390651
-0.000034855 0.001036140 -0.000200443 0.002140498
-0.000001459 0.000972688 -0.000161529 0.002066559
0.000181624 0.000588214 -0.000068216 0.001870604
-0.000148543 0.001347598 0.000066121 0.001561628
0.000085248 0.000763121 -0.000023290 0.001785155
0.000063833 0.000823083 0.000052854 0.001571951
0.000038212 0.000905071 0.000133648 0.001313412
0.000097544 0.000679610 0.000520598 -0.000157000
0.000286108 0.000827251 -0.003881986 0.005531019
0.000051114 0.000991747 -0.002036967 0.004239506
-0.000089513 0.001118312 -0.001195176 0.003481895
-0.000087236 0.001115806 -0.000833513 0.003084065
0.000031663 0.000961238 -0.000542052 0.002705166
0.000021454 0.000976552 -0.000384959 0.002469527
-0.000087122 0.001161131 -0.000267427 0.002269722
-0.000001264 0.000998000 -0.000166197 0.002077385
0.000010696 0.000972884 -0.000035649 0.001803233
-0.000067683 0.001153157 -0.000038414 0.001809594
0.000151225 0.000605885 0.000063156 0.001555668
-0.000026439 0.001103345 -0.000021316 0.001792191
0.000049638 0.000859898 0.000236007 0.000968758
0.000144953 0.000497702 0.000359999 0.000497586
0.000211876 0.000950182 -0.003877997 0.005586191
-0.000024706 0.001115789 -0.002042216 0.004301144
-0.000141864 0.001221231 -0.001297786 0.003631157
-0.000055679 0.001126427 -0.000884732 0.003176798
-0.000005428 0.001061102 -0.000580739 0.002781607
-0.000037937 0.001109865 -0.000413323 0.002530482
-0.000009200 0.001061011 -0.000207821 0.002181129
0.000023375 0.000999119 -0.000135950 0.002044574
-0.000013887 0.001077370 -0.000131486 0.002035200
0.000091398 0.000835215 -0.000063253 0.001878263
0.000011604 0.001034699 -0.000015225 0.001758194
0.000025390 0.000996097 0.000067311 0.001527094
0.000052327 0.000909899 0.000207296 0.001079142
0.000153481 0.000525514 0.000369866 0.000461373
0.000460070 0.000824126 -0.004142177 0.005818987
-0.000063877 0.001190889 -0.002177253 0.004443540
-0.000194131 0.001308118 -0.001321782 0.003673615
-0.000128720 0.001236165 -0.000938307 0.003251793
-0.000091158 0.001187335 -0.000632325 0.002854016
-0.000045461 0.001118789 -0.000364936 0.002452934
-0.000001744 0.001044471 -0.000268795 0.002289493
0.000058609 0.000929800 -0.000187726 0.002135462
-0.000172051 0.001414186 -0.000102409 0.001956298
0.000100257 0.000787877 0.000030255 0.001651169
0.000013259 0.001005371 -0.000078100 0.001922057
0.000059849 0.000874919 0.000017934 0.001653163
0.000021416 0.000997905 0.000070449 0.001485115
0.000185697 0.000373640 0.000389069 0.000274357
-0.000114905 0.000976341 -0.003923008 0.005589194
-0.000187373 0.001027069 -0.001933662 0.004196652
0.000023867 0.000836953 -0.001304834 0.003630707
0.000013985 0.000847824 -0.000828386 0.003106614
-0.000027039 0.000901155 -0.000582205 0.002786578
0.000063692 0.000765059 -0.000375690 0.002476807
0.000043557 0.000799288 -0.000246827 0.002257740
0.000031372 0.000822440 -0.000085851 0.001951884
-0.000030834 0.000953072 -0.000125479 0.002035105
0.000117657 0.000611543 -0.000097702 0.001971216
0.000034674 0.000819000 0.000045080 0.001614262
0.000033936 0.000821066 0.000070646 0.001542677
0.000076111 0.000686108 0.000160415 0.001255416
0.000215485 0.000156483 0.000679104 -0.000715602
-0.000110745 0.001023933 -0.003771575 0.005469258
-0.000110498 0.001023761 -0.001737598 0.004045474
0.000044261 0.000884478 -0.001225709 0.003584774
-0.000067572 0.001007493 -0.000912338 0.003240066
-0.000038512 0.000969715 -0.000644507 0.002891886
-0.000026286 0.000951377 -0.000417580 0.002551496
0.000019025 0.000874349 -0.000198670 0.002179349
0.000048383 0.000818568 -0.000136293 0.002060833
0.000072394 0.000768144 -0.000094159 0.001972351
0.000083786 0.000741943 -0.000023399 0.001809602
-0.000002546 0.000957772 0.000052134 0.001620769
-0.000020369 0.001007677 -0.000036383 0.001868617
0.000025521 0.000860830 0.000282319 0.000848772
0.000218845 0.000126200 0.000387492 0.000449116
0.000009141 0.000941548 -0.004202887 0.005717458
0.000079121 0.000892562 -0.001751947 0.004001800
0.000078111 0.000893471 -0.001086582 0.003402972
0.000018994 0.000958500 -0.000853540 0.003146626
0.000042020 0.000928566 -0.000482714 0.002664551
0.000042419 0.000927968 -0.000363002 0.002484984
0.000019425 0.000967057 -0.000224329 0.002249240
0.000066430 0.000877749 -0.000040958 0.001900836
-0.000005246 0.001028267 -0.000163590 0.002158363
0.000069832 0.000855589 0.000091905 0.001570723
0.000036916 0.000937879 0.000028264 0.001729827
-0.000015091 0.001083499 0.000048092 0.001674308
0.000103391 0.000704355 0.000210025 0.001156121
0.000166396 0.000464937 0.000779242 -0.001006904
-0.000036778 0.001012397 -0.006470533 0.007389976
0.000269059 0.000798312 -0.002043422 0.004290999
0.000102610 0.000948116 -0.001224406 0.003553884
0.000000561 0.001060370 -0.000887966 0.003183801
-0.000003991 0.001066287 -0.000551056 0.002745817
0.000010063 0.001045206 -0.000360420 0.002459863
0.000048041 0.000980643 -0.000193264 0.002175698
0.000064606 0.000949169 -0.000126059 0.002048009
0.000001026 0.001082688 -0.000085789 0.001963441
0.000020509 0.001037876 -0.000007326 0.001782977
0.000038855 0.000992013 0.000030443 0.001688553
0.000032710 0.001009217 0.000103040 0.001485282
0.000023910 0.001037378 0.000160362 0.001301854
0.000051138 0.000933913 0.000419965 0.000315362
0.000092907 0.000986946 -0.011508810 0.011265111
0.000356951 0.000802116 -0.003103740 0.005381562
0.000088181 0.001044009 -0.001596991 0.004025488
-0.000029311 0.001173250 -0.001048525 0.003422176
-0.000025685 0.001168535 -0.000637914 0.002888381
0.000057189 0.001044225 -0.000435734 0.002585112
0.000070976 0.001020788 -0.000186026 0.002160608
0.000028044 0.001102358 -0.000132293 0.002058516
0.000047384 0.001061744 -0.000108738 0.002009050
0.000013445 0.001139804 0.000031826 0.001685753
-0.000083578 0.001382362 -0.000048901 0.001887569
0.000001933 0.001142930 0.000056230 0.001593203
0.000036119 0.001033533 0.000187196 0.001174113
-0.000014654 0.001226472 0.000188199 0.001170302
0.000669814 -0.001349006 -0.009365159 0.010193804
0.000534518 -0.001254299 -0.003051454 0.005774211
0.000359904 -0.001097146 -0.001448844 0.004331862
0.000131399 -0.000845790 -0.000963974 0.003798505
0.000157659 -0.000879928 -0.000680145 0.003429527
0.000176228 -0.000907781 -0.000440871 0.003070615
0.000078748 -0.000742065 -0.000242181 0.002732844
0.000149956 -0.000877360 -0.000159451 0.002575655
-0.000029489 -0.000500526 -0.000081976 0.002412959
0.000031738 -0.000641349 0.000020985 0.002176148
0.000117833 -0.000856586 -0.000002479 0.002234808
0.000106859 -0.000825858 0.000067570 0.002038672
0.000054309 -0.000657700 0.000201598 0.001609782
-0.000178080 0.000225378 0.000451093 0.000661701
0.000360101 -0.001096935 -0.005635837 0.007294319
0.000252780 -0.001021810 -0.002355236 0.004997898
0.000167592 -0.000945141 -0.001201749 0.003959760
0.000025961 -0.000789346 -0.000804087 0.003522331
0.000109116 -0.000897449 -0.000590484 0.003244648
0.000173780 -0.000994445 -0.000375045 0.002921489
0.000100223 -0.000869397 -0.000247132 0.002704038
0.000127171 -0.000920599 -0.000147802 0.002515310
-0.000028718 -0.000593232 -0.000068465 0.002348702
0.000142358 -0.000986707 -0.000017942 0.002232499
-0.000003374 -0.000622377 0.000128225 0.001867083
0.000076153 -0.000845052 0.000037688 0.002120585
0.000081454 -0.000862015 0.000205662 0.001583067
0.000102838 -0.000943273 0.000580030 0.000160471
0.000365055 -0.001143625 -0.004128317 0.006170945
0.000021161 -0.000902899 -0.002027725 0.004700531
0.000118509 -0.000990512 -0.001220491 0.003974021
0.000123362 -0.000995850 -0.000869407 0.003587829
0.000162706 -0.001046998 -0.000593132 0.003228671
0.000172755 -0.001062071 -0.000419971 0.002968928
0.000162789 -0.001045128 -0.000209342 0.002610859
0.000202123 -0.001119864 -0.000213089 0.002617979
0.000001775 -0.000699133 -0.000098001 0.002376294
0.000147470 -0.001034232 -0.000027121 0.002213271
0.000002911 -0.000672834 0.000113939 0.001860621
0.000132076 -0.001034497 0.000135237 0.001800985
0.000088699 -0.000895690 0.000158742 0.001725769
0.000356239 -0.001912340 0.000792713 -0.000683319
0.000204688 -0.001043247 -0.003971282 0.006045133
0.000087566 -0.000961261 -0.002142014 0.004764646
-0.000004061 -0.000878797 -0.001242787 0.003955341
0.000125973 -0.001021834 -0.000900026 0.003578304
0.000174270 -0.001084620 -0.000723243 0.003348486
0.000093721 -0.000963797 -0.000394578 0.002855489
0.000172278 -0.001097345 -0.000244749 0.002600780
0.000121602 -0.001001059 -0.000139322 0.002400469
0.000082311 -0.000918550 -0.000155026 0.002433446
0.000003641 -0.000737607 -0.000008501 0.002096438
0.000086934 -0.000945839 -0.000000420 0.002076236
0.000109857 -0.001010025 0.000233466 0.001421355
0.000203255 -0.001308900 0.000173568 0.001613030
0.000199916 -0.001296211 0.000438938 0.000604622
0.000264612 -0.001194144 -0.004052264 0.006109959
-0.000004309 -0.001005900 -0.002056119 0.004712658
-0.000044803 -0.000969455 -0.001286087 0.004019629
0.000124407 -0.001155586 -0.000957572 0.003658262
0.000180532 -0.001228548 -0.000725295 0.003356302
0.000153622 -0.001188184 -0.000473820 0.002979089
0.000152419 -0.001186139 -0.000292714 0.002671209
0.000126645 -0.001137169 -0.000053543 0.002216784
0.000012765 -0.000898019 -0.000164974 0.002450791
0.000018938 -0.000912217 -0.000146140 0.002407471
0.000058663 -0.001011530 0.000090251 0.001816493
0.000108894 -0.001152177 0.000130106 0.001704901
0.000210093 -0.001476014 0.000158837 0.001612962
0.000498077 -0.002570354 0.000747079 -0.000622358
0.000581676 -0.000949244 -0.003985517 0.005966225
-0.000165731 -0.000426058 -0.001766699 0.004413052
-0.000218807 -0.000378290 -0.000998877 0.003722012
-0.000018019 -0.000599157 -0.000872288 0.003582764
0.000105513 -0.000759748 -0.000589789 0.003215516
0.000130575 -0.000797341 -0.000447039 0.003001391
0.000125676 -0.000789014 -0.000163702 0.002519718
-0.000041421 -0.000471529 -0.000119463 0.002435664
0.000021002 -0.000602617 -0.000259341 0.002729407
0.000220911 -0.001062408 0.000001773 0.002128845
-0.000006809 -0.000493109 -0.000035587 0.002222244
0.000235934 -0.001172788 0.000171226 0.001643169
0.000075700 -0.000660039 0.000219347 0.001489183
0.000514249 -0.002326525 0.000703897 -0.000352109
0.000370389 -0.000879373 -0.003757474 0.005747202
-0.000157345 -0.000509959 -0.001770367 0.004356228
-0.000109388 -0.000553120 -0.000967281 0.003633450
-0.000042466 -0.000626734 -0.000781990 0.003429630
0.000111017 -0.000826263 -0.000632930 0.003235852
0.000068747 -0.000762858 -0.000417841 0.002913219
0.000151066 -0.000902800 -0.000355960 0.002808021
-0.000018243 -0.000581113 -0.000167470 0.002449891
0.000197584 -0.001034350 0.000043851 0.002006115
-0.000162510 -0.000206132 -0.000157347 0.002468871
0.000162645 -0.001019020 0.000024764 0.002013594
0.000104374 -0.000855862 0.000154460 0.001650444
0.000174911 -0.001081580 0.000308031 0.001159016
0.000547844 -0.002498724 0.000835697 -0.000846113
0.000306879 -0.001002314 -0.004165313 0.005967669
-0.000069712 -0.000738701 -0.001769849 0.004290845
-0.000088427 -0.000721857 -0.000881569 0.003491392
0.000001365 -0.000820629 -0.000830059 0.003434731
0.000100894 -0.000950015 -0.000648810 0.003199108
0.000019982 -0.000828648 -0.000423653 0.002861372
0.000066380 -0.000907525 -0.000335900 0.002712192
0.000011357 -0.000802980 -0.000170399 0.002397741
0.000032591 -0.000847573 -0.000045620 0.002135703
0.000021648 -0.000822404 -0.000127155 0.002323234
0.000229093 -0.001341016 0.000069810 0.001830821
0.000074579 -0.000908377 0.000073366 0.001820867
0.000165877 -0.001200531 0.000224317 0.001337821
0.000479308 -0.002391568 0.000713907 -0.000522620
0.000063110 -0.001047671 -0.005993273 0.007237083
0.000017934 -0.001016048 -0.001988007 0.004433397
0.000035038 -0.001031441 -0.000904960 0.003458654
0.000032337 -0.001028470 -0.000820515 0.003365765
0.000163047 -0.001198394 -0.000622056 0.003107768
0.000022518 -0.000987599 -0.000483317 0.002899659
0.000067086 -0.001063366 -0.000234003 0.002475826
-0.000093129 -0.000758957 -0.000232413 0.002472804
0.000163908 -0.001298734 -0.000034614 0.002057426
0.000064221 -0.001069453 -0.000124967 0.002265239
0.000092051 -0.001139028 0.000001228 0.001949752
0.000050616 -0.001023012 0.000091643 0.001696589
0.000159935 -0.001372833 0.000144498 0.001527454
0.000416610 -0.002348198 0.000350240 0.000745634
0.000059769 -0.001158999 -0.010397200 0.010569572
-0.000063775 -0.001072518 -0.002861697 0.005294720
0.000130233 -0.001247125 -0.001231581 0.003827616
0.000076655 -0.001188189 -0.000828594 0.003384331
0.000125478 -0.001251659 -0.000617908 0.003110438
0.000037065 -0.001119041 -0.000448797 0.002856772
0.000049340 -0.001139908 -0.000329637 0.002654200
0.000030472 -0.001104059 -0.000247116 0.002497410
-0.000031720 -0.000973456 -0.000177086 0.002350346
0.000181529 -0.001463928 0.000009279 0.001921706
0.000045544 -0.001123966 -0.000029364 0.002018316
0.000134114 -0.001371961 0.000111983 0.001622542
0.000010645 -0.000976860 0.000207793 0.001315952
0.000061461 -0.001169959 0.000300552 0.000963467
-0.030798318 0.407388777 -1.453011123 2.519516631
-0.130560704 0.477222447 -0.825563718 2.080303455
-0.122946620 0.470369772 -0.495487929 1.783235253
-0.074845281 0.417458297 -0.315187090 1.584904325
-0.148909354 0.513741589 -0.243655981 1.491913887
-0.712285617 1.358805983 -0.163452586 1.371608795
-0.612494680 1.189161386 -0.139032652 1.330094905
-0.402674055 0.790502203 -0.114581626 1.283637956
-0.295920059 0.566318822 -0.093791462 1.239978615
-0.240388157 0.438595450 -0.006077884 1.038237389
-0.137880566 0.182326471 -0.046580640 1.139494279
-0.147125015 0.208210929 -0.034180126 1.104772841
-0.021616721 -0.193415620 0.025459433 0.913926249
0.116769194 -0.719282089 0.009320826 0.975252954
-0.261571721 0.536115863 -1.510678024 2.531884298
-0.157699445 0.463405271 -0.778358625 2.019260728
-0.109773848 0.420272235 -0.463459977 1.735851952
-0.050733853 0.355328238 -0.342239860 1.602509820
-0.097817457 0.416536922 -0.194692565 1.410698344
-0.466338210 0.969318052 -0.140110221 1.328824828
-0.435624316 0.917104429 -0.153744276 1.352002721
-0.332585934 0.721331507 -0.094461475 1.239365401
-0.254163281 0.556643943 -0.068210943 1.184239287
-0.050265265 0.087678515 -0.071600062 1.192034261
-0.155897265 0.351758515 -0.019475225 1.061722167
-0.061693531 0.087988064 -0.091414579 1.263152355
-0.035555964 0.004347851 0.030861204 0.871869845
-0.074864109 0.153718798 0.041588696 0.831105374
-0.183642518 0.447109049 -1.493283599 2.522010490
-0.128422238 0.408454854 -0.782610225 2.024539136
-0.083023886 0.367596338 -0.446037544 1.721623732
-0.031581979 0.311010240 -0.306893101 1.568564841
-0.043573518 0.326599240 -0.233384315 1.473003423
-0.302887561 0.715570304 -0.151186549 1.349706775
-0.298278587 0.707735049 -0.165256917 1.373626400
-0.185785211 0.493997636 -0.108473340 1.265737605
-0.176005992 0.473461277 0.008803604 1.019456034
-0.081466231 0.256019831 -0.095036603 1.258288506
-0.073485380 0.236067704 -0.062431504 1.176775758
-0.059956646 0.198187249 -0.060870335 1.172404484
0.050178842 -0.154246317 0.117032547 0.603115255
-0.007753170 0.065895325 0.035744014 0.912011677
-0.078744148 0.325296389 -1.510363311 2.523628101
-0.060122762 0.312261419 -0.755487725 1.995215200
-0.017398443 0.273809533 -0.441467061 1.712596609
-0.013261144 0.269258505 -0.299747097 1.556704646
-0.037084884 0.300229365 -0.222665614 1.456498722
-0.116166817 0.418852265 -0.195005490 1.415008535
-0.201734302 0.564316994 -0.112322609 1.274447634
-0.130981403 0.429886487 -0.055856129 1.167161322
-0.116425799 0.399319721 -0.098351813 1.256402255
-0.092722118 0.344801255 -0.063686952 1.176673076
-0.007167112 0.130913740 -0.001283884 1.020665408
-0.055211788 0.265438830 -0.128865509 1.377893952
0.024036285 0.011844994 0.052150298 0.798643361
-0.046680740 0.280569685 0.159710208 0.389915706
0.161733711 0.106489735 -1.378369414 2.409541171
0.077855741 0.165204314 -0.715137167 1.945278606
0.016496550 0.220427584 -0.446954263 1.703913999
0.025323489 0.210717951 -0.290616259 1.531942191
0.003685950 0.238846750 -0.216856547 1.436054569
-0.018584351 0.272252203 -0.137853590 1.317550133
-0.123784437 0.451092354 -0.143650822 1.327405428
-0.035981847 0.284267434 -0.111908953 1.267095878
-0.055156188 0.324533549 0.022243852 0.985375000
-0.038527465 0.286287486 -0.071987493 1.202107089
-0.036877598 0.282162820 -0.003814301 1.031674108
0.050703424 0.036935962 -0.131171910 1.388275410
-0.031869168 0.301168261 0.016899012 0.914448451
0.049240015 -0.007046630 0.060987700 0.746911440
0.218993960 0.039602146 -1.371536933 2.411444288
0.091283476 0.128999484 -0.740990683 1.970061920
0.058671967 0.158349841 -0.438139930 1.697496250
0.019116632 0.201860710 -0.293783651 1.538704339
0.009576452 0.214262943 -0.201616835 1.418887483
0.089699828 0.094077880 -0.163183769 1.361237885
0.114646520 0.051668502 -0.102478302 1.258038588
0.072749581 0.131272686 -0.116764945 1.285183208
0.014100369 0.254436024 -0.038563004 1.120959140
0.032719366 0.211612333 -0.075710398 1.206398144
0.020856563 0.241269342 -0.008035502 1.037210905
-0.003236457 0.308729795 -0.024287397 1.082716209
0.032688732 0.193769188 -0.022247735 1.076189292
-0.018584878 0.388608906 0.003787130 0.977256804
0.366119131 -0.088680073 -1.535982581 2.553805576
0.179508563 0.041947322 -0.785329389 2.028348350
0.111573014 0.103089314 -0.453905355 1.730066728
0.036501078 0.185668446 -0.316329116 1.578732861
0.057990090 0.157732731 -0.189173773 1.413430921
0.175099033 -0.017930683 -0.138800707 1.337871323
0.222617318 -0.098711771 -0.154984649 1.365384025
0.139065435 0.060036806 -0.090005430 1.241923510
0.120998890 0.097976548 -0.040965667 1.138940012
0.023546958 0.322115987 -0.075979811 1.219472542
0.082275185 0.175295420 0.067719232 0.860224935
0.003495514 0.395878496 -0.098734773 1.326296140
0.047008005 0.256638521 0.096338208 0.702062593
-0.064035881 0.678605285 -0.150287533 1.639240396
0.433549646 -0.125415945 -1.528106423 2.543664680
0.224208547 0.021122821 -0.752304837 2.000603579
0.146071951 0.091445757 -0.458419214 1.736106525
0.067524785 0.177847640 -0.284029943 1.544278323
0.075919312 0.166934756 -0.217713066 1.458066386
0.330279242 -0.214605139 -0.125471920 1.319704667
0.294257657 -0.153368442 -0.132289576 1.331294683
0.191595474 0.041689702 -0.111727754 1.292227222
0.163624248 0.100429275 -0.059992061 1.183582270
0.190776839 0.037978316 0.020866389 0.997607840
0.079680098 0.315720169 -0.082519465 1.256072475
0.050575423 0.397213257 0.072267038 0.822670273
-0.018687847 0.618855725 -0.008422734 1.080877547
0.028396251 0.439936156 -0.012198985 1.095227303
0.522142792 -0.157056008 -1.463931886 2.508906527
0.307374168 -0.006717974 -0.764048741 2.018988334
0.167548169 0.119125421 -0.468065627 1.752603538
0.081516533 0.213760223 -0.292329297 1.559293571
0.133023230 0.146801519 -0.204603623 1.445250200
0.488203648 -0.385969107 -0.136231748 1.342692386
0.456621512 -0.332279475 -0.111516754 1.300676896
0.364642572 -0.157519490 -0.110920707 1.299544407
0.213606605 0.159656026 -0.033607475 1.137186626
0.236303750 0.107452593 -0.067238792 1.214538653
0.102812267 0.441181301 0.012502275 1.015185987
0.059296177 0.563026351 -0.075327438 1.261109179
-0.027131145 0.839593783 0.014661752 0.973143768
-0.043625387 0.902271904 0.021244885 0.948127862
0.410057852 -0.033589562 -1.465675322 2.534152253
0.285338329 0.053714103 -0.784192728 2.057114446
0.183185444 0.145651697 -0.476332193 1.780039972
0.112464021 0.223445264 -0.331599831 1.620834370
0.144260789 0.182109467 -0.234450046 1.494539654
0.761679378 -0.744018416 -0.163648089 1.388336719
0.593451772 -0.458031477 -0.087403686 1.258721230
0.486159797 -0.254176727 -0.090798172 1.265170753
0.304469394 0.127373102 -0.013872382 1.103626601
0.289861193 0.160971963 -0.070087893 1.232922274
0.140352073 0.534744763 -0.066499323 1.223950850
0.187932208 0.401520387 -0.014124211 1.077300538
-0.071212164 1.230782390 0.007545154 1.007958567
0.036474692 0.821572342 -0.042748752 1.199075408
0.065931086 1.543363450 -1.668568949 2.687457850
-0.107046372 1.664447668 -0.855831555 2.118541683
-0.098310686 1.656585551 -0.524958247 1.820755714
-0.046925562 1.600061913 -0.357625612 1.636689812
-0.131948559 1.710591805 -0.284016065 1.540997404
-0.709530542 2.576964780 -0.145506228 1.333232649
-0.594121430 2.380769285 -0.133258748 1.312411932
-0.439720311 2.087407162 -0.102256573 1.253507800
-0.250954568 1.690999120 -0.042712082 1.128464375
-0.280005865 1.757817101 -0.139726963 1.351598597
-0.155900742 1.447554293 0.037498083 0.908535982
-0.081441532 1.239068510 -0.039179614 1.123233529
0.013750694 0.934453380 0.023411913 0.922940639
-0.018990488 1.058869872 -0.062897582 1.250916716
-0.075733070 1.528103533 -1.678817968 2.676087728
-0.115357048 1.555840317 -0.870260648 2.110097613
-0.090460160 1.533433118 -0.494971753 1.772337617
-0.063750171 1.504052129 -0.363406073 1.627615365
-0.056753741 1.494956771 -0.223527497 1.445773224
-0.479002481 2.128329881 -0.165892800 1.359321177
-0.428669010 2.042762978 -0.114091676 1.271259263
-0.308147779 1.813772642 -0.108870903 1.261339795
-0.235875789 1.662001469 -0.108453606 1.260463471
-0.276373559 1.755146339 -0.024266237 1.066832528
-0.017180843 1.107164549 -0.031571592 1.085095915
-0.100366449 1.340084243 -0.076367688 1.210524981
-0.014311475 1.064708320 -0.014254354 1.011762309
0.011045784 0.968350736 0.057548511 0.738911425
-0.158159742 1.459123855 -1.716421349 2.702161900
-0.139877208 1.446326081 -0.853139213 2.097864415
-0.081757884 1.394018690 -0.508514521 1.787702201
-0.047934072 1.356812497 -0.344087009 1.606831933
-0.055382835 1.366495888 -0.251962482 1.487070053
-0.310909078 1.749785252 -0.172467191 1.367827115
-0.278633337 1.694916491 -0.132194805 1.299364057
-0.224238714 1.591566710 -0.051436443 1.145923171
-0.152243936 1.440377681 -0.118598314 1.286963094
-0.176138836 1.495335951 -0.033956162 1.092286149
-0.044749188 1.166861830 -0.007542373 1.026251677
0.016810890 0.994493616 -0.072602165 1.208419092
-0.018133723 1.106316378 0.067744763 0.759308916
0.029151441 0.926632757 -0.035243931 1.150665945
-0.142934927 1.281174366 -1.712613804 2.700050584
-0.072969203 1.232198360 -0.828095724 2.080887938
-0.041856756 1.204197158 -0.520106430 1.803697581
-0.047658103 1.210578640 -0.357041487 1.624326140
-0.000392198 1.149132967 -0.239288750 1.471247587
-0.162649712 1.392519237 -0.176883298 1.377639409
-0.200204325 1.456362081 -0.133760023 1.304329841
-0.127188609 1.317632222 -0.164174496 1.362117339
-0.077838283 1.213996543 -0.042150607 1.105867182
-0.148207510 1.375845761 -0.016285773 1.046378066
0.014779570 0.968378061 -0.049426166 1.129229049
-0.081827919 1.238879026 -0.054896163 1.144545039
0.035280889 0.864130835 0.027845010 0.879773283
0.026038812 0.899250726 0.073153306 0.707601758
0.009961725 1.007266819 -1.607639885 2.602994609
-0.015792252 1.025294602 -0.806374002 2.042108500
-0.005902051 1.016393422 -0.509263156 1.774708746
-0.000905395 1.010897100 -0.314557069 1.560532045
0.000926256 1.008515954 -0.241120996 1.465065155
-0.068061634 1.111997789 -0.178627925 1.371325548
-0.093392465 1.155060204 -0.168625773 1.354321888
-0.010091368 0.996788121 -0.039366498 1.108729269
-0.079135578 1.141780955 -0.089336016 1.213665253
-0.027980500 1.024124278 -0.081386249 1.195380788
-0.025553111 1.018055807 -0.013476811 1.025607194
0.044456114 0.822029980 -0.008883325 1.012745434
-0.008675656 0.992051646 -0.044473814 1.126635000
-0.009790362 0.996287526 -0.053366351 1.160426641
0.038244727 1.032975196 -1.484961002 2.535798892
-0.002927184 1.061795533 -0.799229193 2.055786633
0.016125437 1.044648174 -0.482792143 1.770993296
0.002893807 1.059202968 -0.354930885 1.630345910
-0.018187161 1.086608225 -0.249419153 1.493180663
0.076793414 0.944137362 -0.161786637 1.361731889
0.093565617 0.915624617 -0.127816246 1.303982222
0.076878694 0.947329769 -0.049562472 1.155300054
-0.026492470 1.164409204 -0.100501156 1.262271285
0.038318029 1.015345060 -0.095967031 1.251842799
0.023714308 1.051854363 -0.032095517 1.092164013
0.064030870 0.938967989 0.023538763 0.936388033
-0.074245743 1.381453158 -0.024373436 1.089707070
0.012299419 1.052581546 0.079484214 0.695048005
0.150226960 0.806265767 -1.734846934 2.731607727
0.061789755 0.868171809 -0.841039469 2.105942513
0.040615787 0.887228379 -0.514790889 1.812318798
0.007348957 0.923821893 -0.358619818 1.640530617
0.030297928 0.893988233 -0.268477137 1.523345136
0.171128471 0.682742418 -0.168340762 1.373140573
0.182334846 0.663691580 -0.130024599 1.308003094
0.181354945 0.665553391 -0.048219579 1.152573558
0.040347567 0.961668873 -0.151909554 1.370322495
0.075070244 0.881806716 -0.073322636 1.189572589
0.031428342 0.990911471 0.035555368 0.917377577
0.063828811 0.900190161 -0.088661888 1.265185889
-0.026968126 1.190740362 0.018252733 0.923059096
0.027596654 0.983394201 0.163560519 0.370889515
0.159369121 0.683862860 -1.749675378 2.741064124
0.090901261 0.731790361 -0.849598101 2.111010040
0.078552645 0.742904116 -0.541512837 1.833733310
0.016098028 0.811604195 -0.342675570 1.615012312
0.022095139 0.803807952 -0.247831286 1.491714747
0.289145639 0.403232201 -0.195295168 1.412910570
0.287928982 0.405300518 -0.122045918 1.288386842
0.247226744 0.482634770 -0.110181609 1.265844656
0.136572686 0.715008281 -0.082847456 1.208442937
0.164279303 0.651283064 0.020634527 0.970434380
0.008780163 1.040030913 -0.082084152 1.227231078
0.043883313 0.941742094 -0.048992622 1.134574795
-0.012672546 1.122720845 0.004250011 0.964198368
-0.048994574 1.260744551 0.143907153 0.433501233
0.120162673 0.635088887 -1.674664120 2.690721562
0.098397738 0.650324342 -0.859465054 2.120082225
0.060861692 0.684106782 -0.526005500 1.819968635
0.017715699 0.731567375 -0.342004421 1.617567443
0.080812256 0.649541854 -0.253208815 1.502133160
0.448714984 0.097687763 -0.173250395 1.382195530
0.421379359 0.144158325 -0.132044005 1.312144664
0.358769724 0.263116631 -0.101311839 1.253753550
0.228096788 0.537529783 -0.063532576 1.174417100
0.131154625 0.760496754 -0.048119414 1.138966830
0.109347520 0.815014518 -0.052086123 1.148883602
-0.004995464 1.135174867 -0.094008572 1.266266458
0.021820271 1.049364515 0.135725659 0.531116907
0.034963938 0.999418580 -0.064945523 1.293667388
-0.048544112 0.677430721 -1.673808794 2.727637281
0.039413872 0.615860133 -0.916150863 2.197276739
0.067914410 0.590209649 -0.535409919 1.854609898
0.050045568 0.609865376 -0.431980049 1.740837039
0.138077703 0.495423605 -0.284887484 1.549616712
0.682554082 -0.321290964 -0.144552554 1.339114316
0.635684956 -0.241613447 -0.123546168 1.303403459
0.440768757 0.128727326 -0.070734049 1.203060435
0.309111402 0.405207759 -0.110885474 1.287378424
0.160506925 0.746998048 -0.052812087 1.153809635
0.217365856 0.604850722 -0.040498581 1.123025871
0.085268298 0.974723877 0.024559492 0.940863269
-0.006590089 1.268670722 -0.029481654 1.113794939
0.058318678 1.022017409 0.049242082 0.814644745
0.003948664 -0.002080830 -0.009543551 0.009726316
0.000798113 0.000124555 -0.002921829 0.005091111
0.000233926 0.000632323 -0.001445257 0.003762197
0.000055778 0.000828287 -0.000834024 0.003089840
0.000033042 0.000857843 -0.000614431 0.002804369
0.000095519 0.000764128 -0.000422097 0.002515869
0.000000772 0.000925196 -0.000291566 0.002293966
0.000006264 0.000914762 -0.000078534 0.001889204
-0.000067480 0.001069625 -0.000106198 0.001947298
0.000039784 0.000822918 0.000080996 0.001516753
0.000091521 0.000693576 -0.000090986 0.001946708
-0.000092290 0.001208245 0.000093430 0.001430344
0.000048486 0.000757762 0.000171960 0.001179046
0.000088456 0.000605877 0.000125304 0.001356339
0.001777460 -0.000338228 -0.005599615 0.006751404
0.000279077 0.000710640 -0.002176025 0.004354891
-0.000025507 0.000984765 -0.001256650 0.003527453
0.000011431 0.000944134 -0.000796326 0.003021098
0.000085969 0.000847234 -0.000559595 0.002713347
-0.000007607 0.000987598 -0.000343505 0.002389213
-0.000020944 0.001010271 -0.000218189 0.002176174
0.000003265 0.000964274 -0.000154603 0.002055361
0.000101332 0.000758333 -0.000058842 0.001854262
-0.000117904 0.001262575 -0.000106812 0.001964595
0.000128649 0.000646192 0.000049392 0.001574086
0.000068379 0.000814949 0.000105878 0.001415924
0.000068523 0.000814487 0.000238576 0.000991290
-0.000097915 0.001446955 0.000429657 0.000265183
0.000534396 0.000672857 -0.004100988 0.005700745
0.000047405 0.001013751 -0.002051164 0.004265868
-0.000132907 0.001176031 -0.001178770 0.003480714
-0.000084473 0.001122754 -0.000878683 0.003150618
0.000024862 0.000980619 -0.000572319 0.002752345
-0.000107504 0.001179168 -0.000403063 0.002498460
0.000011235 0.000977311 -0.000264358 0.002262663
0.000009232 0.000981117 -0.000086670 0.001925055
-0.000086836 0.001182860 -0.000047763 0.001843350
-0.000090203 0.001190604 -0.000192207 0.002175571
0.000184182 0.000504640 0.000050641 0.001568452
-0.000053232 0.001169401 0.000067583 0.001521013
0.000071384 0.000770629 0.000214448 0.001051046
0.000121097 0.000581720 0.000290147 0.000763388
-0.000299551 0.001364522 -0.004097726 0.005750325
-0.000209938 0.001301793 -0.002073632 0.004333459
-0.000148038 0.001246083 -0.001280581 0.003619714
-0.000139917 0.001237150 -0.000864413 0.003161929
-0.000046845 0.001116157 -0.000695492 0.002942331
0.000046103 0.000976734 -0.000264579 0.002295962
-0.000072163 0.001177787 -0.000340367 0.002424801
0.000002195 0.001036507 -0.000094698 0.001958031
-0.000153051 0.001362524 -0.000131369 0.002035040
0.000137324 0.000694661 -0.000088749 0.001937014
-0.000053093 0.001170704 0.000009344 0.001691780
-0.000019583 0.001076876 0.000090201 0.001465382
0.000143384 0.000555382 0.000142808 0.001297040
0.000240571 0.000186071 0.000446377 0.000143478
-0.000465995 0.001538550 -0.004269001 0.005930891
-0.000244314 0.001383373 -0.002257234 0.004522654
-0.000304058 0.001437142 -0.001315993 0.003675538
-0.000165632 0.001284874 -0.000963067 0.003287319
-0.000100253 0.001199881 -0.000608624 0.002826543
-0.000054443 0.001131166 -0.000364840 0.002460867
-0.000045720 0.001116338 -0.000288549 0.002331173
0.000073955 0.000888954 -0.000102206 0.001977119
0.000015876 0.001010920 -0.000284432 0.002359795
-0.000008275 0.001066469 0.000042789 0.001607186
0.000088769 0.000823858 0.000084679 0.001502460
-0.000058801 0.001237055 -0.000034706 0.001836739
0.000116193 0.000677072 0.000233025 0.000979999
0.000165702 0.000488939 0.000623018 -0.000501974
-0.000199728 0.001036618 -0.003978471 0.005625947
-0.000124187 0.000983739 -0.001930239 0.004192185
-0.000026080 0.000895443 -0.001250130 0.003580087
0.000004274 0.000862054 -0.000890553 0.003184552
-0.000023912 0.000898695 -0.000619488 0.002832167
0.000004695 0.000855784 -0.000322649 0.002386909
0.000113212 0.000671305 -0.000227854 0.002225757
0.000102485 0.000691686 -0.000133747 0.002046953
-0.000041417 0.000993881 0.000028852 0.001705497
0.000054587 0.000773073 -0.000118464 0.002044322
0.000018754 0.000862655 0.000006384 0.001732202
0.000036087 0.000814121 0.000131862 0.001380865
0.000120723 0.000543288 0.000145133 0.001338396
0.000167607 0.000365129 0.000287387 0.000797832
-0.000112736 0.001029399 -0.003787404 0.005481845
-0.000115114 0.001031064 -0.001749309 0.004055178
0.000022435 0.000907269 -0.001258492 0.003613443
-0.000088524 0.001029325 -0.000844383 0.003157923
-0.000009943 0.000927169 -0.000664132 0.002923596
-0.000009523 0.000926540 -0.000398351 0.002524925
-0.000004656 0.000918265 -0.000306349 0.002368522
0.000115019 0.000690883 -0.000072073 0.001923397
-0.000028260 0.000991770 0.000045047 0.001677444
-0.000035672 0.001008816 0.000002338 0.001775676
0.000096873 0.000677453 -0.000077947 0.001976389
0.000103988 0.000657531 0.000127161 0.001402085
0.000011883 0.000952269 0.000233112 0.001063042
0.000322033 -0.000226301 0.000381149 0.000500503
0.000050341 0.000914977 -0.004201280 0.005715978
0.000030824 0.000928639 -0.001760105 0.004007155
0.000121048 0.000847437 -0.001055684 0.003373176
0.000022356 0.000955999 -0.000882590 0.003182773
0.000029849 0.000946258 -0.000450747 0.002621376
0.000015679 0.000967512 -0.000356008 0.002479268
0.000096004 0.000830961 -0.000206293 0.002224753
0.000061372 0.000896760 -0.000174195 0.002163767
0.000067740 0.000883389 -0.000062285 0.001928754
-0.000122103 0.001320026 0.000124641 0.001498825
0.000030287 0.000939053 0.000024530 0.001749104
-0.000006303 0.001041505 0.000047358 0.001685186
0.000147417 0.000549601 0.000165377 0.001307524
0.000067445 0.000853494 0.000654375 -0.000550667
0.000111190 0.000902563 -0.006491702 0.007402199
0.000275319 0.000787673 -0.002012801 0.004266969
0.000095879 0.000949169 -0.001238126 0.003569761
-0.000008025 0.001063463 -0.000874175 0.003169415
0.000040784 0.001000012 -0.000593525 0.002804570
0.000064152 0.000964959 -0.000335971 0.002418239
-0.000009043 0.001089391 -0.000194573 0.002177862
0.000037811 0.001000369 -0.000163413 0.002118660
0.000068459 0.000936009 0.000037354 0.001697049
-0.000030786 0.001164271 -0.000045146 0.001886798
0.000027799 0.001017809 0.000054754 0.001637047
0.000012826 0.001059733 0.000102748 0.001502664
0.000085625 0.000826777 0.000096813 0.001521658
0.000015383 0.001093694 0.000382762 0.000435051
0.000348927 0.000792064 -0.011532681 0.011281898
0.000389997 0.000763315 -0.003116911 0.005390859
0.000149920 0.000979384 -0.001563999 0.003993238
-0.000062073 0.001212576 -0.001076585 0.003457083
0.000019966 0.001105925 -0.000645632 0.002896845
-0.000041429 0.001198019 -0.000433945 0.002579314
0.000154880 0.000864293 -0.000151481 0.002099125
0.000013412 0.001133083 -0.000177649 0.002148844
0.000052988 0.001049972 -0.000075610 0.001934562
-0.000148718 0.001513895 0.000000687 0.001759080
0.000092182 0.000911647 -0.000048940 0.001883147
-0.000081992 0.001399332 0.000000214 0.001745516
-0.000005089 0.001153244 0.000282374 0.000842602
0.000193735 0.000397711 0.000145483 0.001362788
0.001061279 -0.001651499 -0.009354470 0.010183497
0.000634872 -0.001353015 -0.003021495 0.005750415
0.000384521 -0.001127698 -0.001455679 0.004341180
0.000149970 -0.000869692 -0.000947643 0.003782341
0.000148790 -0.000868158 -0.000674375 0.003427093
0.000152293 -0.000873413 -0.000450336 0.003091034
0.000074099 -0.000740483 -0.000344071 0.002910384
0.000059817 -0.000713347 -0.000135504 0.002514106
0.000086983 -0.000770395 -0.000014147 0.002259256
0.000233493 -0.001107369 -0.000230775 0.002757500
-0.000037722 -0.000429331 0.000187635 0.001711475
0.000091996 -0.000792542 0.000023390 0.002171363
0.000062194 -0.000697176 0.000218390 0.001547361
-0.000115523 -0.000021852 0.000144315 0.001828845
0.000590713 -0.001267165 -0.005670968 0.007317192
0.000284773 -0.001053007 -0.002356257 0.004996894
0.000133552 -0.000916908 -0.001231954 0.003985022
0.000055033 -0.000830537 -0.000750324 0.003455228
0.000137998 -0.000938391 -0.000625376 0.003292796
0.000129855 -0.000926177 -0.000364062 0.002900825
0.000194391 -0.001035887 -0.000197862 0.002618285
-0.000037605 -0.000595095 -0.000172090 0.002569318
-0.000068780 -0.000529629 -0.000066204 0.002346958
0.000197955 -0.001143118 0.000111485 0.001938273
0.000062739 -0.000805078 0.000010012 0.002191956
0.000139224 -0.001019236 0.000191240 0.001684517
0.000051276 -0.000737804 0.000181883 0.001714459
-0.000113100 -0.000113174 0.000775925 -0.000542899
0.000439334 -0.001193056 -0.004103830 0.006157274
-0.000006374 -0.000881060 -0.002040282 0.004712790
0.000122609 -0.000997146 -0.001240675 0.003993144
0.000170864 -0.001050225 -0.000889415 0.003606757
0.000112893 -0.000974863 -0.000592489 0.003220754
0.000160829 -0.001046767 -0.000393477 0.002922236
0.000259621 -0.001214715 -0.000334060 0.002821227
0.000039657 -0.000796782 -0.000006168 0.002198232
0.000187400 -0.001107041 -0.000197135 0.002599264
-0.000037937 -0.000588769 0.000077188 0.001968321
0.000119173 -0.000981542 -0.000114360 0.002447191
0.000160493 -0.001097238 0.000321424 0.001226996
0.000191409 -0.001196170 0.000279411 0.001361436
-0.000007727 -0.000439452 0.000314947 0.001226399
0.000183256 -0.001021183 -0.003978383 0.006052981
0.000033768 -0.000916542 -0.002119043 0.004751443
0.000060304 -0.000940424 -0.001292291 0.004007366
0.000121968 -0.001008255 -0.000909542 0.003586342
0.000129511 -0.001018060 -0.000680483 0.003288566
0.000154382 -0.001055368 -0.000362600 0.002811741
0.000193191 -0.001121342 -0.000359099 0.002805790
-0.000021490 -0.000713448 -0.000095899 0.002305710
0.000201804 -0.001182366 -0.000085317 0.002283487
-0.000220635 -0.000210757 -0.000175375 0.002490620
0.000169156 -0.001185234 0.000097472 0.001808502
0.000136095 -0.001092662 0.000107893 0.001779325
0.000260762 -0.001491596 0.000378722 0.000912672
0.000447863 -0.002202580 0.000888212 -0.001023391
0.000148974 -0.001105047 -0.004062312 0.006121133
-0.000020978 -0.000986080 -0.002154838 0.004785902
-0.000030316 -0.000977676 -0.001219850 0.003944412
0.000091083 -0.001111216 -0.000953896 0.003651863
0.000166286 -0.001208979 -0.000712797 0.003338434
0.000236681 -0.001314571 -0.000557017 0.003104765
0.000036198 -0.000973751 -0.000204425 0.002505359
0.000053632 -0.001006874 -0.000267561 0.002625316
0.000053139 -0.001005840 -0.000054491 0.002177869
0.000056483 -0.001013531 0.000063520 0.001906445
0.000068887 -0.001044540 -0.000003474 0.002073929
0.000157475 -0.001292586 -0.000016287 0.002109806
0.000151222 -0.001272577 0.000235223 0.001304972
0.000266697 -0.001711382 0.000626720 -0.000182715
0.000427081 -0.000842255 -0.003981376 0.005966790
-0.000149595 -0.000438582 -0.001790970 0.004433505
-0.000224024 -0.000371595 -0.001003976 0.003725211
-0.000009106 -0.000608006 -0.000760698 0.003457605
0.000139186 -0.000800784 -0.000731844 0.003420095
0.000061230 -0.000683851 -0.000397324 0.002918316
0.000039620 -0.000647114 -0.000251973 0.002671219
0.000138097 -0.000834221 -0.000175533 0.002525983
0.000011489 -0.000568343 -0.000000139 0.002157654
0.000092764 -0.000755275 -0.000066614 0.002310548
0.000033977 -0.000608308 -0.000083559 0.002352910
0.000270149 -0.001269589 0.000309093 0.001253486
0.000069122 -0.000626304 -0.000010633 0.002276608
0.000465101 -0.002131024 0.000911537 -0.001227638
0.000412877 -0.000896906 -0.003798821 0.005778300
-0.000184249 -0.000478918 -0.001796845 0.004376917
-0.000124844 -0.000532383 -0.000928548 0.003595450
-0.000055924 -0.000608194 -0.000846178 0.003504843
0.000147026 -0.000872029 -0.000554152 0.003125209
0.000065717 -0.000750066 -0.000529642 0.003088444
0.000070176 -0.000757646 -0.000199897 0.002527877
-0.000015778 -0.000594334 -0.000154136 0.002440932
0.000007795 -0.000643837 -0.000165043 0.002463836
-0.000178609 -0.000215108 -0.000020912 0.002132334
0.000268422 -0.001332686 -0.000034587 0.002166522
0.000207005 -0.001160718 0.000031252 0.001982174
0.000201819 -0.001144121 0.000278691 0.001190368
0.000250769 -0.001330133 0.000561861 0.000114324
0.000333101 -0.001033469 -0.004138022 0.005949411
0.000017427 -0.000812497 -0.001769185 0.004291225
-0.000104455 -0.000702804 -0.000913731 0.003521317
0.000044818 -0.000867004 -0.000801914 0.003398319
0.000030919 -0.000848935 -0.000648079 0.003198333
0.000056556 -0.000887391 -0.000431950 0.002874138
0.000057691 -0.000889321 -0.000362925 0.002756796
-0.000048351 -0.000687841 -0.000090719 0.002239605
0.000050502 -0.000895432 -0.000086335 0.002230398
0.000089666 -0.000985508 -0.000159879 0.002399550
0.000149406 -0.001134858 0.000191530 0.001521028
0.000160632 -0.001166292 -0.000100189 0.002337841
0.000270176 -0.001516833 0.000346232 0.000909293
0.000523214 -0.002478375 0.000894457 -0.001173961
0.000266393 -0.001203279 -0.005966650 0.007227174
0.000036007 -0.001042009 -0.002056398 0.004489997
0.000010766 -0.001019291 -0.000873562 0.003425445
0.000115379 -0.001134366 -0.000798954 0.003343376
0.000140890 -0.001167530 -0.000595847 0.003079338
0.000060999 -0.001047693 -0.000472804 0.002894773
0.000042291 -0.001015891 -0.000273323 0.002555656
0.000068222 -0.001065160 -0.000251413 0.002514026
-0.000063521 -0.000788499 -0.000116901 0.002231550
0.000078190 -0.001114435 -0.000152586 0.002313625
0.000126027 -0.001234026 -0.000064160 0.002092560
0.000023578 -0.000947169 0.000224779 0.001283531
0.000137886 -0.001312954 0.000256097 0.001183315
0.000231906 -0.001670232 0.000375595 0.000729222
0.000353823 -0.001394364 -0.010352113 0.010538917
0.000045960 -0.001178860 -0.002868487 0.005300378
0.000086589 -0.001215426 -0.001221584 0.003818166
0.000194570 -0.001334206 -0.000820678 0.003377170
0.000076180 -0.001180298 -0.000681047 0.003195649
0.000116227 -0.001240368 -0.000406704 0.002784134
-0.000008672 -0.001028041 -0.000355726 0.002697472
-0.000030499 -0.000986569 -0.000165732 0.002336484
0.000092688 -0.001245262 -0.000214165 0.002438193
0.000007003 -0.001048186 0.000007633 0.001928057
-0.000080462 -0.000829523 -0.000067242 0.002115245
0.000251736 -0.001759677 0.000230618 0.001281237
0.000031216 -0.001054015 0.000189136 0.001413979
0.000042094 -0.001095349 0.000192890 0.001399715
0.153074721 0.263465147 -1.499171346 2.555475518
-0.100474066 0.440949294 -0.819656898 2.079815412
-0.083909760 0.426041419 -0.532431476 1.821312539
-0.072934058 0.413968146 -0.296037899 1.561279599
-0.102320736 0.452170827 -0.228877609 1.473971225
-0.830644991 1.544657209 -0.178987341 1.399135824
-0.501412221 0.984961485 -0.155717786 1.359577579
-0.449235619 0.885825942 -0.127884791 1.306694889
-0.362166844 0.702981523 -0.072666389 1.190736250
-0.186754197 0.299532444 -0.155536495 1.381337490
-0.163323359 0.240955348 0.018869840 0.945321652
-0.111777085 0.096625785 -0.042613437 1.117474824
-0.079429758 -0.006885663 0.036072637 0.865679383
0.091224523 -0.655371924 -0.076652844 1.294036208
-0.071718846 0.395996081 -1.547616216 2.557778107
-0.150025943 0.450811048 -0.760906980 2.007081651
-0.081962178 0.389553661 -0.489508393 1.762822929
-0.070305343 0.376731142 -0.285930736 1.538887501
-0.060721323 0.364271917 -0.228670185 1.464448787
-0.474348700 0.984712982 -0.138783422 1.329618643
-0.490354512 1.011922864 -0.140169313 1.331974658
-0.324013819 0.695875551 -0.061268232 1.182062606
-0.172080538 0.376815675 -0.041901459 1.141392385
-0.193729150 0.426607480 -0.222211427 1.556105302
-0.053735607 0.076623625 0.056371698 0.859647490
-0.115832379 0.250494584 -0.134425876 1.393880688
-0.010749488 -0.085770673 -0.036493546 1.080497226
0.039616062 -0.277159761 0.183483448 0.244584662
-0.093300944 0.377356949 -1.522408219 2.545929418
-0.088907784 0.374281737 -0.787464427 2.031468773
-0.077212434 0.363755923 -0.468604453 1.744494803
-0.051236767 0.335182688 -0.307331791 1.567094871
-0.074526799 0.365459728 -0.183033303 1.405506843
-0.268885429 0.656997674 -0.204155992 1.437190877
-0.257468688 0.637589214 -0.119298739 1.292933542
-0.293347680 0.705759297 -0.053182263 1.167312240
-0.002688951 0.095375994 -0.050816524 1.162344187
-0.161690897 0.461080462 -0.094072200 1.261832241
-0.130676580 0.383544669 -0.075819902 1.216201494
-0.016493276 0.063831426 -0.075185728 1.214425808
-0.041155053 0.142749113 0.018392904 0.914974183
0.117477983 -0.460056418 0.027771147 0.879336859
-0.022097678 0.284627215 -1.531805487 2.542518125
-0.043034705 0.299283133 -0.758557961 2.001244866
-0.029747777 0.287324898 -0.446107877 1.720039798
-0.016337341 0.272573418 -0.353492029 1.618162362
0.028068864 0.214845354 -0.200414014 1.419160950
-0.149692932 0.481488048 -0.150418246 1.344167298
-0.190650740 0.551116323 -0.038862242 1.154522087
-0.138784995 0.452571409 -0.222449978 1.503338781
-0.127436786 0.428740172 -0.017349716 1.072628249
-0.020227427 0.182158652 0.047551978 0.923354356
-0.065965688 0.296504303 -0.172011085 1.472262014
-0.041552977 0.228148714 -0.010564921 1.020212762
-0.001761342 0.100815481 -0.027352973 1.073934531
-0.012661313 0.142235367 0.022641794 0.883954417
0.199311015 0.084760340 -1.432340230 2.451553864
0.057435412 0.184073260 -0.706108255 1.943191490
0.025160530 0.213120653 -0.438053504 1.701942220
0.039195656 0.197682014 -0.297225820 1.547031765
-0.018875818 0.273174927 -0.257380543 1.495232907
-0.083312521 0.369829983 -0.133402316 1.309265566
0.000270605 0.227738663 -0.161947070 1.357791649
-0.089051457 0.397450580 -0.017395026 1.083142769
-0.051852080 0.319331891 0.022137756 1.000123931
0.151209050 -0.147708698 0.003576874 1.042813959
-0.108742831 0.502171003 -0.174114334 1.487041980
-0.097367554 0.470320230 0.035131565 0.901153470
0.047244387 0.007562010 -0.060121029 1.205961777
0.038704968 0.040011805 0.008253530 0.946138455
0.229590996 0.032625311 -1.354580602 2.402515988
0.087037613 0.132412677 -0.745300695 1.976020060
0.042396252 0.172589901 -0.446271194 1.706893516
0.028782050 0.187565523 -0.311494581 1.558639239
0.048418332 0.162038358 -0.173370797 1.379078326
0.032779641 0.185496394 -0.189139798 1.402731828
0.138011922 0.006601511 -0.119079990 1.283630151
0.108454862 0.062759924 -0.080471664 1.210274332
-0.052140045 0.400009214 -0.050706851 1.147768229
0.144563283 -0.052408430 0.022567505 0.979237212
0.007823707 0.289440510 -0.153161312 1.418559254
-0.015476864 0.354682107 0.061940238 0.816274926
0.012066217 0.266544246 -0.040589975 1.144371612
0.136170284 -0.205051201 -0.028605463 1.098830467
0.339687226 -0.071080229 -1.573858355 2.579257178
0.214385329 0.016631098 -0.787798809 2.029015505
0.066321253 0.149888762 -0.440041914 1.716034307
0.051166061 0.166559474 -0.309261194 1.572175513
0.078543108 0.130969314 -0.212197253 1.445992394
0.176216471 -0.015540731 -0.143805112 1.343404182
0.234092558 -0.113930081 -0.112743418 1.290599301
0.160914866 0.025107532 -0.078005819 1.224597863
0.012083647 0.337653078 -0.017272826 1.097058584
0.139148798 0.045403236 -0.091665961 1.268162792
-0.029478773 0.466972164 -0.137816093 1.383538122
0.080210845 0.159841237 0.070799721 0.799413851
0.021812671 0.346715398 -0.033240920 1.132343907
-0.082685282 0.743807614 -0.124260642 1.478218846
0.465138992 -0.140379089 -1.561498139 2.567024456
0.228909342 0.024981663 -0.761252687 2.006852649
0.095988340 0.144610562 -0.447495473 1.724471164
0.095038001 0.145655935 -0.283317071 1.543874918
0.050612080 0.203409630 -0.213671276 1.453335388
0.336264441 -0.225068911 -0.142165985 1.346077451
0.270229526 -0.112809552 -0.127577231 1.321276570
0.284001929 -0.138977118 -0.125689551 1.317689978
0.172504593 0.095167278 -0.011762378 1.078442924
0.105842178 0.248490829 -0.002911686 1.058086334
0.059148679 0.365224576 -0.110388614 1.326778654
0.067131801 0.342871833 -0.038086763 1.124333474
-0.054715284 0.732782514 0.044784752 0.859144623
-0.039071965 0.673337899 -0.129767813 1.522444361
0.498971634 -0.144502941 -1.459699360 2.508533700
0.313711856 -0.014821099 -0.764332459 2.021776878
0.180466281 0.105099915 -0.454566966 1.742987942
0.103509314 0.189752580 -0.308398715 1.582202861
0.092053093 0.204645667 -0.211076090 1.455683454
0.509401587 -0.421377074 -0.115185949 1.311848242
0.475236347 -0.363296165 -0.137404253 1.349619359
0.373630359 -0.170244790 -0.125199005 1.326429390
0.214424082 0.164088377 0.039530387 0.980497682
0.166215261 0.274968664 -0.183690743 1.493906269
0.096741135 0.448653977 -0.006808044 1.051699522
0.179800497 0.216087768 -0.053538071 1.182543597
-0.105975585 1.130571245 0.096868888 0.701241320
0.179506178 0.045740557 0.216738595 0.245736441
0.412635530 -0.032663566 -1.485833018 2.548782631
0.278227495 0.061422057 -0.785540389 2.058577799
0.171770263 0.157233562 -0.483828072 1.787036721
0.115046095 0.219630149 -0.321778770 1.608782485
0.134877232 0.193849671 -0.232599322 1.492849207
0.754481821 -0.735557212 -0.158615671 1.381873730
0.633568990 -0.530005394 -0.071153666 1.233188318
0.386432249 -0.060445592 -0.149586850 1.382211366
0.532577805 -0.367351244 -0.131871669 1.345009487
0.142088201 0.530774827 0.078799706 0.860465335
0.201400153 0.382494946 -0.068531445 1.228793211
0.073299987 0.741175406 0.002023875 1.031238319
0.056869099 0.793754248 0.016165577 0.985984873
-0.173192109 1.667986826 0.102554119 0.657708418
0.074345474 1.541914878 -1.664501528 2.683743050
-0.132062443 1.686400417 -0.871135644 2.128386941
-0.094258763 1.652377106 -0.521384949 1.813611324
-0.064567947 1.619717208 -0.335965873 1.609650335
-0.111395094 1.680592497 -0.284449986 1.542679685
-0.714973041 2.585959417 -0.142544474 1.329821416
-0.552730162 2.310146515 -0.111136476 1.276427819
-0.446474712 2.108261163 -0.124346062 1.301526032
-0.329350155 1.862299604 -0.093960740 1.237716857
-0.246007980 1.670612606 -0.025554293 1.080382034
-0.175776510 1.495033930 0.016006234 0.976480716
-0.053157496 1.151700697 -0.097656227 1.294735600
-0.063685090 1.185388998 0.003735821 0.970281043
0.078171422 0.646334262 -0.016949401 1.048884887
-0.080767279 1.533238115 -1.733541592 2.710552148
-0.108278400 1.552495900 -0.831790616 2.079326476
-0.097674108 1.542952037 -0.535753242 1.812892846
-0.073047902 1.515863211 -0.323070999 1.578942374
-0.072952492 1.515739176 -0.210695216 1.432853862
-0.472392327 2.114898930 -0.184389309 1.393395000
-0.437722363 2.055959989 -0.122245594 1.287750682
-0.318304414 1.829065889 -0.114942830 1.273875431
-0.199118805 1.578776122 -0.053384887 1.144603757
-0.196959329 1.573809328 -0.029127591 1.088811976
-0.102738953 1.338258387 -0.049418616 1.139539540
-0.048624862 1.186738933 -0.050200361 1.141728425
-0.017251772 1.086345046 0.025162999 0.900565670
0.049630555 0.832192203 -0.075476696 1.282996504
-0.206260097 1.490461534 -1.728150352 2.706762544
-0.144774326 1.447421495 -0.836741378 2.082776273
-0.069048984 1.379268689 -0.506293057 1.785372792
-0.049192327 1.357426366 -0.364343058 1.629227790
-0.052913415 1.362263780 -0.173979360 1.381754992
-0.323060078 1.767483775 -0.195007278 1.413296868
-0.222038706 1.595747438 -0.154405888 1.344274503
-0.307627430 1.758366012 -0.019791729 1.088507606
-0.184486464 1.499769995 -0.112352940 1.282886140
-0.115730735 1.341631820 -0.119091840 1.298385609
-0.005133550 1.065138859 -0.038306719 1.096422807
-0.078082662 1.269396368 0.027049028 0.913426717
-0.018196506 1.077760667 -0.025161608 1.080500756
0.013128371 0.958726136 0.030828269 0.867739225
-0.136668094 1.276185219 -1.713457210 2.703258565
-0.074909930 1.232954504 -0.847399881 2.097018446
-0.044510950 1.205595423 -0.513433692 1.796448883
-0.024632224 1.183728824 -0.353710182 1.620753019
-0.034348957 1.196360576 -0.244702042 1.479042443
-0.214493820 1.466577870 -0.165867766 1.360791028
-0.142301968 1.343851719 -0.097221171 1.244091813
-0.131850886 1.323994663 -0.167114198 1.376888564
-0.061117396 1.175454342 0.016764398 0.990743528
-0.115218731 1.299887410 -0.118213864 1.301193524
-0.018926465 1.059156743 -0.009528003 1.029478872
-0.055776076 1.162335654 -0.066780581 1.189786088
-0.026018822 1.067112440 0.031863655 0.874124529
0.159525806 0.362042860 0.008296595 0.963679357
-0.003818274 1.015435457 -1.623957254 2.612448502
-0.002342463 1.014402390 -0.786671089 2.026348197
-0.029484027 1.038829796 -0.507079242 1.774715541
0.017514235 0.987131708 -0.314472430 1.562848044
-0.034240476 1.054412830 -0.219480343 1.439358335
-0.073514265 1.113323513 -0.215501734 1.433390421
-0.035031152 1.047902220 -0.169856609 1.355793707
-0.106993058 1.184629838 -0.013587480 1.058882365
0.046062160 0.863213894 0.020760889 0.986750794
-0.127308636 1.261966719 -0.224350339 1.550506607
0.016152067 0.903314962 -0.030705934 1.066395593
0.051967489 0.803031780 -0.013480630 1.018164744
-0.041518119 1.102185729 0.017330351 0.919569602
0.027654769 0.839328761 0.042084980 0.825502016
0.021827818 1.038960277 -1.449007478 2.512834533
0.022169353 1.038721203 -0.800584602 2.058938527
0.027928942 1.033537573 -0.500935197 1.789254069
-0.011725430 1.077157383 -0.351421959 1.624789504
-0.028684728 1.099204470 -0.195247484 1.421762695
0.100319362 0.905698335 -0.150567257 1.354742354
0.073881772 0.950642239 -0.162076412 1.374307918
-0.036149634 1.159701907 -0.075447586 1.209713151
0.133081643 0.804316242 -0.253618895 1.583872882
0.054749833 0.984479400 0.071611387 0.835843248
0.043656833 1.012211901 0.002637307 1.008278448
-0.038233390 1.241504523 -0.046704549 1.146435645
-0.031375493 1.219559250 -0.006606282 1.018121187
0.067994152 0.841954607 0.083673303 0.675058767
0.200428379 0.770193630 -1.755014167 2.745400541
0.065119270 0.864910005 -0.844213417 2.107840027
0.028922253 0.897487319 -0.494289876 1.792908849
0.014890140 0.912922644 -0.360354314 1.645579727
0.015195306 0.912525927 -0.275848442 1.535722097
0.184725479 0.658230669 -0.159745774 1.361568096
0.187241800 0.653952923 -0.118486328 1.291427034
0.130356001 0.762035940 -0.140783837 1.333792302
0.045252432 0.940753427 -0.050480354 1.144154995
0.226046389 0.524927334 0.035468928 0.946471653
-0.045207349 1.203061678 -0.117990592 1.330120451
0.078685563 0.856161531 -0.094043441 1.263068430
0.000555714 1.106177052 0.021088425 0.894646454
0.062640462 0.870255012 0.160139958 0.366250635
0.182502877 0.660838837 -1.756647334 2.745283954
0.130658456 0.697129931 -0.840537002 2.104006733
0.058090077 0.762441470 -0.508345244 1.805034159
0.043721215 0.778247219 -0.392394206 1.677488014
0.027975433 0.798716734 -0.236241761 1.474489843
0.294368197 0.399127589 -0.149152243 1.343855566
0.231719100 0.505631056 -0.237463798 1.493985213
0.334987760 0.309420604 0.030788194 0.984306434
0.074049217 0.857391521 -0.164753159 1.394943258
0.127306550 0.734899656 -0.003035664 1.022993026
0.024697387 0.991422564 -0.023142103 1.073259124
0.064726456 0.879341172 0.076205414 0.795086081
-0.033082769 1.192330697 -0.085028125 1.311033415
0.017558188 0.999895063 0.145633155 0.434520561
0.130114861 0.621299114 -1.653251150 2.677540054
0.103054053 0.640241679 -0.857942752 2.120824184
0.054872023 0.683605505 -0.530255907 1.825906031
0.080307155 0.655626860 -0.345229034 1.622376467
0.039842119 0.708231404 -0.232119505 1.475334084
0.441069200 0.106390783 -0.171350200 1.384180127
0.472379198 0.053163785 -0.173780384 1.388311440
0.265229737 0.446747755 -0.174185100 1.389080400
0.331870238 0.306802709 0.141136017 0.726906086
0.123364300 0.786366357 -0.315780862 1.777814886
0.154935941 0.707437255 0.066140702 0.823010975
-0.023757810 1.207779748 -0.049562591 1.146980191
0.028010810 1.042120163 0.037615007 0.868011871
-0.100355750 1.529913086 0.083842432 0.692347661
-0.039880874 0.665105046 -1.663006643 2.718097379
0.056239668 0.597820668 -0.904547626 2.187176076
0.084728578 0.572180649 -0.536253920 1.855711749
0.045256333 0.615600120 -0.403940226 1.710166682
0.144485201 0.486602596 -0.302600192 1.578424644
0.648504043 -0.269425667 -0.132476656 1.323239339
0.598702049 -0.184762274 -0.155192073 1.361855549
0.531752002 -0.057557186 -0.053479691 1.168602025
0.246254147 0.541988281 -0.154179298 1.380071190
0.271050269 0.484957201 0.027719729 0.961703436
0.108333446 0.891749259 -0.046510306 1.147278526
0.036037258 1.094178583 -0.127708285 1.374632863
0.146865272 0.739528932 0.112142382 0.607110716
-0.081154709 1.606004849 0.038668814 0.886310272
