7.727896581 -3.481700665 1.981199626 1.237934784 -7.241298480 -0.234205327 0.017506402 
0.554390866 0.338230771 -0.014908774 -0.225534175 0.059671514 -0.005267125 0.203911907 
0.647636185 -0.666444351 -0.028990798 0.374931677 -0.241705134 -0.097066029 0.009103854 
-2.308024222 1.702148445 -0.686219475 -0.724441318 0.152477390 -0.011944607 2.779896620 
6.666915683 -2.989850950 1.739145031 1.059251788 -6.286369643 -0.200091157 0.014992502 
-3.499454644 2.424497244 -0.919562353 -1.059024551 0.230310773 -0.018875008 3.747739204 
6.624803417 -2.953698994 1.768970167 1.070274620 -6.310794835 -0.211845641 0.016911068 
-2.011102613 1.617840318 -0.578129523 -0.702505026 0.147649517 -0.011534503 2.443695672 
1.568651400 -0.726987781 0.411785394 0.274132398 -1.473785487 -0.056552842 0.004652303 
-2.960822017 2.011727942 -0.818651559 -0.817276711 0.162292352 -0.011991122 3.338156500 
1.547897572 -0.506928310 0.483979110 0.101264648 -1.614344628 -0.005653683 -0.000319167 
-0.031493368 0.339360027 -0.298951315 -0.119410302 0.017871558 -0.000625744 1.002431379 
-2.856850410 1.083688918 -0.849763435 -0.310247069 2.890425575 0.042876339 -0.001956546 
-0.054701646 0.437648803 -0.247280150 -0.187932296 0.038842515 -0.003207984 0.924687744 
-1.037416394 0.136890970 -0.452027534 0.067073667 1.312255078 -0.034338742 0.003967366 
1.655106501 -0.150434249 0.253418278 -0.065591126 0.028054982 -0.002850699 -0.807013553 
7.850044901 -3.790726551 1.888986987 1.453326973 -7.121812818 -0.299290214 0.024338041 
0.667042098 0.561028580 0.095899876 -0.451954460 0.131144663 -0.012739980 -0.077880226 
6.822587584 -3.023579594 1.748063374 1.053463149 -6.409410364 -0.200031314 0.015292334 
-1.058993926 0.750843078 -0.701567391 -0.307662703 0.067743763 -0.005455892 2.172540320 
-0.397663584 0.148230059 -0.155902087 -0.058943269 0.456130874 0.014321946 -0.001349315 
5.647170697 -2.318549228 1.098780815 0.877961849 -0.180101191 0.014758649 -4.194203277 
-3.208321258 1.050923658 -1.038829138 -0.226680385 3.405301088 0.012566421 0.001531872 
4.213911605 -1.441824703 0.880621751 0.475819292 -0.085327586 0.006336482 -3.113494664 
-2.261574859 0.738334627 -0.713987729 -0.148274966 2.376963959 0.003766672 0.001710889 
-1.377953053 1.120351411 -0.561737573 -0.458505321 0.096165262 -0.007685625 2.122627204 
2.710028855 -1.542456669 0.564149123 0.679005809 -2.272356831 -0.155388961 0.013804321 
1.896584526 -0.314438252 0.306984282 0.028436049 0.010176635 -0.001768088 -0.992725927 
-0.996505497 0.501525433 -0.222827214 -0.194707194 0.875103587 0.037966086 -0.002608489 
5.377552379 -2.082365798 1.138036282 0.759182487 -0.150975167 0.011969800 -4.122232866 
4.748744242 -1.873884936 1.376238297 0.570528079 -4.732479954 -0.090529050 0.005700884 
4.020066467 -1.394665354 0.818418901 0.503777147 -0.104261112 0.009038583 -2.917327862 
9.676282150 -4.373148578 2.517532384 1.561962160 -9.107763849 -0.295187125 0.021964631 
10.259664042 -4.549913248 2.251429561 1.737099843 -0.352829828 0.027988888 -8.437967722 
-6.002047075 2.635057899 -1.569692032 -0.922517589 5.687269776 0.172218061 -0.012592854 
6.476034237 -2.483905383 1.458986831 0.869741839 -0.166671892 0.013049718 -5.234970126 
-2.627350722 1.260959446 -0.642052284 -0.482442723 2.400263952 0.094590881 -0.006889028 
6.491926006 -2.557898494 1.425794386 0.915658276 -0.177016799 0.013896125 -5.183670156 
-3.661964198 1.533921295 -1.012917464 -0.525163957 3.566506386 0.098465988 -0.007409991 
0.232249464 0.173364945 -0.297819797 -0.049796886 0.006112553 0.000016325 0.864477794 
0.703488073 -0.439538755 0.123716074 0.208804100 -0.556981927 -0.050482539 0.004323462 
24.963824345 -10.396731916 6.476761141 3.645602669 -0.693740649 0.052744713 -23.029303768 
-2.456124747 1.126996539 -0.635145994 -0.422763620 2.297253809 0.086208712 -0.007197581 
35.340503221 -14.912257289 9.310504128 5.224733444 -0.990293091 0.075004862 -33.025187858 
4.145716858 -1.958394062 1.044432580 0.742261481 -3.838505798 -0.150813981 0.011916305 
37.166632596 -15.624161339 9.859273097 5.450105564 -1.029105164 0.077624569 -34.880093947 
-3.946275921 1.907285126 -0.947901725 -0.725372560 3.570376472 0.144323929 -0.011213904 
37.205304459 -15.780389337 9.762156263 5.544341766 -1.052997377 0.079736069 -34.736921836 
-5.686789001 2.588243933 -1.472665842 -0.948662917 5.341859010 0.186578253 -0.014554947 
37.245631005 -15.694637029 9.776675165 5.452204446 -1.018934943 0.075540773 -34.806344080 
-2.144499699 0.904318762 -0.606463921 -0.311741116 2.103058527 0.059077804 -0.004410555 
39.120130217 -16.689645312 10.223209402 5.892699756 -1.124207503 0.085521504 -36.480243164 
-0.596704229 0.222198661 -0.194354847 -0.069933484 0.625738685 0.012445765 -0.000822591 
42.889434448 -18.504152911 11.037358976 6.572099266 -1.260973926 0.096433875 -39.800810908 
-5.035859843 2.196359179 -1.378988073 -0.776965982 4.852156002 0.148690001 -0.011253639 
36.627473093 -15.447998458 9.677773309 5.429804726 -1.036748239 0.079070597 -34.307120743 
-5.022317034 2.067844449 -1.428739729 -0.681297948 4.946611617 0.120089655 -0.008225563 
33.812158929 -14.011892877 9.016521118 4.832577844 -0.903856557 0.067667296 -31.792024239 
9.064336441 -4.336568745 2.242112539 1.650147471 -8.309946866 -0.333195883 0.026516096 
31.783888461 -13.381904721 8.278000804 4.666099329 -0.877221087 0.065747103 -29.507703668 
-11.129468049 4.926742337 -2.997890896 -1.767167182 10.642219473 0.337643576 -0.025301657 
33.700793884 -14.603305420 8.646810635 5.251869649 -1.020619261 0.079125212 -31.031456867 
-7.160119508 3.289750909 -1.829663207 -1.216022612 6.675990139 0.239402111 -0.018588119 
22.981289948 -9.477008884 5.988545640 3.297097657 -0.625157381 0.047723708 -21.198359778 
-7.131039512 3.099313325 -1.919045314 -1.084333935 6.827232954 0.204106936 -0.015396507 
22.967358493 -9.300150379 6.079719470 3.178395207 -0.592617366 0.044476806 -21.362981031 
-1.722930422 0.771384253 -0.421095892 -0.261428937 1.581336832 0.043108898 -0.002590322 
34.296944014 -14.899523159 8.724304686 5.352925606 -1.036194371 0.079781790 -31.498738070 
-4.243585461 1.907388256 -1.098859005 -0.680135302 3.990525466 0.128470357 -0.009542434 
33.122989345 -14.294180408 8.469110318 5.117606188 -0.990112639 0.076286432 -30.482735047 
-4.222208755 1.851476410 -1.130593209 -0.650147077 4.035336002 0.122397069 -0.009074084 
38.291822339 -16.644029460 9.745620634 5.948188563 -1.143912567 0.087513165 -35.261358410 
-2.328016844 0.989422608 -0.634944675 -0.345162020 2.249376290 0.066261179 -0.005044240 
36.880558692 -16.084292812 9.301093891 5.767478249 -1.113440632 0.085567340 -33.814573004 
0.407317801 -0.236144133 0.085501861 0.105243797 -0.347234420 -0.024041095 0.002267091 
36.789808590 -15.779040299 9.510864899 5.593263406 -1.071388515 0.081956970 -34.104397141 
0.381938590 -0.315865047 0.077667690 0.182445444 -0.293392055 -0.048591156 0.004839645 
35.202966874 -15.008214220 9.138865282 5.290689538 -1.006015730 0.076188492 -32.674432631 
4.508961537 -2.026696414 1.216937381 0.731790967 -4.309164011 -0.140479767 0.010795392 
29.794728811 -12.793253588 7.637410836 4.592299360 -0.892536066 0.069089242 -27.391726915 
-11.657873089 5.635998878 -2.823548041 -2.181323863 10.614540910 0.447896532 -0.035859300 
-2.656796736 1.684342598 -0.994598498 -0.709820450 0.157123453 -0.013144659 3.444704536 
-6.865623979 3.085826419 -1.777149898 -1.113047621 6.467992680 0.214956952 -0.016415754 
-2.745637822 1.856332401 -0.893558383 -0.793877638 0.173379402 -0.014449692 3.325262524 
8.644186610 -3.950893630 2.258523050 1.461849550 -8.140737105 -0.293423789 0.023460415 
1.900654041 -0.138036058 0.475616396 -0.056376877 0.016944233 -0.000862750 -1.291681434 
4.662400117 -1.897212102 1.324171337 0.611779024 -4.599479584 -0.106296622 0.007372009 
-1.961137908 1.564157118 -0.613530869 -0.684478072 0.145882362 -0.011621908 2.468299078 
1.653173700 -0.623549722 0.484501694 0.179460464 -1.666483890 -0.027968399 0.001758553 
-1.990516465 1.616273332 -0.574573612 -0.710320445 0.152352524 -0.012283870 2.423093771 
1.838767676 -0.887023907 0.384971915 0.316923284 -1.598003255 -0.059683690 0.004534396 
11.730620093 -4.526920024 3.158883091 1.527424812 -0.283594249 0.021264213 -10.717485614 
-4.254968927 1.840431890 -1.165799405 -0.644775659 4.104433472 0.122518327 -0.009260640 
1.377970870 -0.285769319 0.091307793 0.102198955 -0.022748248 0.002002984 -0.357701736 
-1.349671980 0.411609059 -0.438397580 -0.081981405 1.448963302 0.004236628 0.000435238 
4.456952042 -1.455903926 0.971005411 0.421612902 -0.068317937 0.004656737 -3.419001957 
2.502477262 -1.319794445 0.606015617 0.565722501 -2.230101126 -0.132707067 0.012250585 
1.424007535 0.267540356 0.302813614 -0.377229162 0.125198475 -0.012871997 -0.815796285 
-0.867078375 0.598565056 -0.094185317 -0.299340991 0.609883146 0.067809355 -0.005407745 
3.548498041 -1.517127773 0.443837120 0.608210936 -0.131476895 0.011564792 -2.046156333 
-3.153012808 1.507158467 -0.800107168 -0.588587538 2.927511680 0.122816629 -0.009865705 
5.832586917 -2.382306488 1.165810991 0.894844017 -0.180993593 0.014489355 -4.400415328 
-3.065731048 0.953801455 -1.004805941 -0.180976772 3.288089361 0.003101750 0.002166485 
7.655585737 -3.146411429 1.730062128 1.169302875 -0.237145737 0.019345932 -6.255169869 
-3.125926202 1.247436554 -0.889557234 -0.392859165 3.095862266 0.066431132 -0.004386310 
0.528121967 0.182017684 -0.084212100 -0.068283665 0.004795159 0.000995599 0.370210177 
2.180286347 -1.303484677 0.409120944 0.578797659 -1.747418636 -0.130811712 0.011345436 
5.717395381 -2.164245966 1.275099217 0.775416600 -0.155715677 0.012896845 -4.526508021 
2.091020112 -0.946306252 0.551728305 0.347739603 -1.980186498 -0.070422002 0.005965807 
2.288568279 -0.622529810 0.359623397 0.201133573 -0.036705162 0.002705486 -1.264128437 
2.009724639 -0.545458183 0.714353878 0.056515372 -2.242359180 0.014947119 -0.002740164 
2.247664162 -0.427295503 0.442370624 0.081524643 -0.004044216 -0.000645013 -1.405967765 
5.938929735 -2.560192392 1.609329558 0.865931183 -5.708378347 -0.155778652 0.011218508 
8.831756353 -3.925805543 1.878978403 1.539894006 -0.327033848 0.027601295 -7.089767872 
-6.748700909 2.905379496 -1.801425907 -0.989231011 6.454610976 0.178214757 -0.012446086 
8.756333530 -3.629650196 2.010760901 1.339312595 -0.270455406 0.022194097 -7.297298403 
-0.439761492 0.109930603 -0.189757917 -0.018955359 0.534326803 -0.000715938 0.000633928 
4.095436581 -1.423346734 0.830056473 0.487542015 -0.091654243 0.007193331 -2.978073995 
-1.862100908 0.740099614 -0.574296444 -0.252792408 1.893850109 0.049662012 -0.004067331 
-3.231468003 1.728377106 -1.213797971 -0.617858941 0.119702094 -0.009136918 4.149428286 
-9.461931913 4.522540626 -2.377040060 -1.747285864 8.729298710 0.362754115 -0.030018795 
33.432616895 -14.127167830 8.775203330 4.982883984 -0.955265234 0.073489884 -31.162495660 
-2.918331013 1.311891901 -0.745607295 -0.455072335 2.726659550 0.080387142 -0.005529624 
36.053446114 -15.261432893 9.455755065 5.344843682 -1.009947403 0.076089211 -33.638304923 
-5.859685838 3.023161133 -1.358017466 -1.248468569 5.191923480 0.273761399 -0.023576911 
38.857722946 -16.699110092 10.101684382 5.933902269 -1.139310322 0.087531720 -36.123075075 
-3.631726985 1.704988870 -0.909228547 -0.638703230 3.353469915 0.127459607 -0.010128620 
38.858436304 -16.312340908 10.256430772 5.648480774 -1.056302767 0.079024094 -36.450320666 
-3.605994684 1.514873176 -0.982996605 -0.488339795 3.486977727 0.079780175 -0.004913835 
38.918334922 -16.611433659 10.092961024 5.833847406 -1.100434398 0.082321295 -36.185983916 
-6.385317519 2.865191516 -1.700092809 -1.037472046 6.072714130 0.202837843 -0.015741273 
37.239282175 -15.716302449 9.785974666 5.490625078 -1.036029162 0.077866257 -34.815943942 
-4.456681951 2.028564969 -1.172716847 -0.748509982 4.210494901 0.150295571 -0.011997285 
40.358047947 -17.092442695 10.550843699 5.972378931 -1.129348321 0.085301145 -37.717877809 
-6.596097936 3.042103948 -1.726063086 -1.147203831 6.207705210 0.236215432 -0.019388358 
38.383272936 -16.142366856 10.175841834 5.638491304 -1.069755968 0.081365908 -36.042854688 
-3.954994765 1.498375530 -1.202956429 -0.447886216 4.036441902 0.072905545 -0.004723303 
36.269599361 -15.311010533 9.556490625 5.368548799 -1.019126283 0.077268901 -33.920420314 
9.406147584 -4.412371745 2.365090031 1.646582982 -8.698807502 -0.326262421 0.025521357 
36.328960645 -15.410731985 9.487040876 5.387193973 -1.013229147 0.075978430 -33.828696817 
-17.595519791 7.978225932 -4.608271795 -2.919187149 16.594930079 0.570544828 -0.043988351 
33.312977710 -14.420637375 8.518064364 5.151075767 -0.987034363 0.074868267 -30.623881625 
-10.711202811 4.853214032 -2.794611354 -1.775114687 10.083954405 0.347801021 -0.026966733 
25.122982886 -10.353985061 6.590318963 3.560963218 -0.658579908 0.048450773 -23.296231877 
-4.787679260 2.152233118 -1.247221381 -0.789825642 4.505931024 0.157780180 -0.012733507 
28.889412126 -12.178876826 7.485906681 4.269965098 -0.808259340 0.060951874 -26.695554227 
-2.842908256 1.359850427 -0.680755869 -0.526331294 2.573325026 0.108785557 -0.008895871 
33.301739684 -14.243942036 8.559909783 5.033446155 -0.957411332 0.072371828 -30.744635636 
-2.824482229 1.229350120 -0.744327462 -0.422852499 2.683953609 0.076551763 -0.005449040 
30.376323872 -13.008617952 7.730113304 4.599097049 -0.870973620 0.065185180 -27.873366114 
-2.789531133 1.251448591 -0.754277622 -0.469121634 2.668086855 0.097814392 -0.008217651 
38.535892305 -16.701416774 9.854601347 5.957581111 -1.144689708 0.087516314 -35.564777279 
-6.532713426 2.898764070 -1.710514936 -1.030560542 6.176566443 0.197366004 -0.014995424 
32.928515264 -14.082074454 8.338821921 4.934336375 -0.927599081 0.069435963 -30.238673299 
-0.793261646 0.361956313 -0.203334106 -0.134061246 0.732622296 0.027046720 -0.002162295 
35.589288978 -15.133666691 9.247444985 5.319864792 -1.009116268 0.076307121 -33.068152750 
-0.747515942 -0.067093517 -0.393961819 0.179335935 1.072138163 -0.064386670 0.007231435 
32.503297082 -13.724246591 8.502211856 4.820382590 -0.918224661 0.070135998 -30.233814257 
-0.829246735 0.357070280 -0.183606048 -0.090610044 0.729204316 0.002355430 0.001598330 
29.238604073 -12.626732238 7.425560905 4.543167790 -0.881168810 0.067810527 -26.747849554 
