0.000389717 0.000544643 -0.009553520 0.009692808
0.000304449 0.000604330 -0.002851088 0.005001105
0.000105663 0.000783237 -0.001398879 0.003694117
0.000028544 0.000868069 -0.000905852 0.003151788
0.000023016 0.000875254 -0.000564991 0.002708668
0.000074408 0.000798167 -0.000339954 0.002371113
-0.000012290 0.000945553 -0.000293325 0.002291844
0.000081148 0.000768020 -0.000129984 0.001981496
-0.000026846 0.000994809 -0.000065963 0.001847052
-0.000103293 0.001170637 -0.000069581 0.001855372
-0.000006651 0.000929031 -0.000041517 0.001785213
0.000182136 0.000400429 0.000143943 0.001265923
-0.000191234 0.001595212 -0.000009732 0.001757684
0.000191551 0.000140630 0.000230326 0.000845465
0.000234073 0.000778355 -0.005382579 0.006574256
0.000078066 0.000887560 -0.002137133 0.004302444
0.000018028 0.000941594 -0.001313414 0.003561096
-0.000033976 0.000998798 -0.000730717 0.002920130
0.000073526 0.000859046 -0.000564201 0.002703659
0.000034215 0.000918012 -0.000359556 0.002396691
-0.000041869 0.001047355 -0.000209443 0.002141500
-0.000026469 0.001018095 -0.000099759 0.001933101
0.000080154 0.000794187 -0.000117080 0.001969474
-0.000120697 0.001256144 0.000051755 0.001581154
0.000103581 0.000695448 -0.000003200 0.001718542
0.000024777 0.000916100 0.000022548 0.001646448
0.000094778 0.000692098 0.000105859 0.001379851
0.000102307 0.000663485 0.000354423 0.000435310
0.000246968 0.000849870 -0.003908880 0.005533501
0.000020223 0.001008591 -0.002006819 0.004202059
-0.000061658 0.001082284 -0.001239079 0.003511093
-0.000057147 0.001077322 -0.000820100 0.003050216
0.000018667 0.000978765 -0.000563291 0.002716364
-0.000012812 0.001025983 -0.000385436 0.002449582
-0.000000614 0.001005245 -0.000254636 0.002227222
-0.000080575 0.001157171 -0.000178352 0.002082282
0.000054253 0.000874033 -0.000026152 0.001762663
0.000109968 0.000745888 -0.000132540 0.002007355
-0.000042830 0.001127885 0.000067048 0.001508384
0.000032439 0.000917132 0.000064878 0.001514460
0.000031774 0.000919258 0.000129625 0.001307269
0.000097307 0.000670233 0.000634433 -0.000611001
0.000186251 0.000953317 -0.003938794 0.005605530
-0.000001543 0.001084773 -0.002013366 0.004257730
-0.000121347 0.001192596 -0.001307070 0.003622064
-0.000077731 0.001144618 -0.000908153 0.003183255
-0.000010150 0.001056763 -0.000551888 0.002720111
-0.000009880 0.001056359 -0.000355052 0.002424856
0.000016815 0.001010977 -0.000282223 0.002301048
0.000086310 0.000878936 -0.000173159 0.002093825
0.000008574 0.001042182 -0.000133180 0.002009871
0.000095381 0.000842527 0.000076887 0.001526716
-0.000205097 0.001593720 -0.000080441 0.001920035
-0.000034481 0.001115998 -0.000070840 0.001893155
0.000158885 0.000497225 0.000187064 0.001067859
0.000002719 0.001090656 0.000073680 0.001498721
0.000416277 0.000833507 -0.004245250 0.005873908
-0.000015264 0.001135586 -0.002150159 0.004407344
-0.000180820 0.001284586 -0.001376884 0.003711397
-0.000222251 0.001330161 -0.000911660 0.003199650
0.000025556 0.001008011 -0.000588873 0.002780027
-0.000048813 0.001119565 -0.000385544 0.002475034
-0.000017709 0.001066687 -0.000204242 0.002166820
-0.000137302 0.001293915 -0.000278673 0.002308238
0.000008504 0.000987722 -0.000049868 0.001827749
0.000372721 0.000150023 -0.000029015 0.001779786
-0.000182218 0.001537371 -0.000114210 0.001992775
0.000085256 0.000788443 0.000270423 0.000915800
0.000026686 0.000975868 0.000027839 0.001692069
0.000244999 0.000146278 0.000297868 0.000665962
-0.000124899 0.000972741 -0.003922788 0.005568274
-0.000148716 0.000989413 -0.001939185 0.004179751
0.000022429 0.000835383 -0.001270731 0.003578143
0.000015920 0.000842543 -0.000868034 0.003135176
0.000002458 0.000860042 -0.000548936 0.002720349
-0.000037639 0.000920189 -0.000378277 0.002464360
0.000077595 0.000724290 -0.000249775 0.002245907
-0.000026895 0.000922822 -0.000085154 0.001933128
0.000166145 0.000517438 -0.000080651 0.001923670
0.000036192 0.000816329 -0.000183994 0.002161359
0.000058116 0.000761519 0.000179498 0.001252630
0.000001568 0.000919853 -0.000085957 0.001995903
0.000053929 0.000752300 0.000077132 0.001474020
0.000341441 -0.000340249 0.000588207 -0.000468067
-0.000108983 0.001018889 -0.003816291 0.005482543
-0.000138996 0.001039899 -0.001739828 0.004029019
0.000054814 0.000865469 -0.001239720 0.003578921
-0.000080223 0.001014010 -0.000856207 0.003157057
0.000025429 0.000876662 -0.000657593 0.002898859
0.000007909 0.000902943 -0.000441488 0.002574700
-0.000027915 0.000963843 -0.000220964 0.002199810
0.000118377 0.000685889 -0.000162023 0.002087822
0.000192643 0.000529930 0.000007355 0.001732128
-0.000176129 0.001378105 -0.000098821 0.001976333
0.000058905 0.000790520 -0.000030668 0.001805951
-0.000010466 0.000984760 0.000145059 0.001313915
0.000086978 0.000672938 0.000100171 0.001457556
0.000202787 0.000232864 0.000930691 -0.001698420
-0.000039712 0.000976901 -0.004186010 0.005691135
0.000082153 0.000891595 -0.001720812 0.003965496
0.000050022 0.000920514 -0.001107802 0.003413787
-0.000013401 0.000990278 -0.000880617 0.003163884
0.000039972 0.000920894 -0.000437480 0.002587806
0.000110532 0.000815054 -0.000382254 0.002504967
0.000050269 0.000917501 -0.000211828 0.002215242
0.000066604 0.000886464 -0.000158150 0.002113254
0.000038847 0.000944755 -0.000141066 0.002077378
-0.000115185 0.001299027 0.000131156 0.001451266
0.000047399 0.000892569 0.000014813 0.001742125
0.000027662 0.000947832 0.000118295 0.001452376
0.000100709 0.000714080 0.000153155 0.001340823
0.000253679 0.000132795 0.000580400 -0.000282707
-0.000098957 0.001058800 -0.006580507 0.007452309
0.000260597 0.000807112 -0.002018074 0.004258606
0.000108596 0.000943913 -0.001225162 0.003544985
-0.000034257 0.001101052 -0.000916196 0.003205123
-0.000005704 0.001063933 -0.000534093 0.002708389
0.000030196 0.001010082 -0.000326430 0.002396894
0.000031001 0.001008715 -0.000198651 0.002179669
0.000088778 0.000898939 -0.000112486 0.002015957
-0.000084530 0.001262884 -0.000096068 0.001981479
0.000108267 0.000819451 0.000046248 0.001654153
-0.000009466 0.001113785 -0.000040933 0.001872104
0.000041309 0.000971614 0.000035787 0.001657289
0.000050580 0.000941947 0.000200103 0.001131478
0.000098387 0.000760283 0.000620151 -0.000464706
-0.000115856 0.001140732 -0.011599329 0.011324403
0.000326238 0.000831266 -0.003172928 0.005425922
0.000091997 0.001042084 -0.001581132 0.003993306
-0.000046335 0.001194249 -0.001044472 0.003402980
0.000035685 0.001087622 -0.000640297 0.002877553
0.000052708 0.001062088 -0.000393183 0.002506883
0.000052323 0.001062742 -0.000261405 0.002282860
-0.000078580 0.001311459 -0.000149913 0.002071025
-0.000095502 0.001346994 -0.000034308 0.001828254
0.000034122 0.001048860 -0.000030591 0.001819705
0.000094447 0.000898046 0.000013366 0.001709812
-0.000030054 0.001246651 0.000077422 0.001530456
0.000000855 0.001147741 0.000064673 0.001571253
0.000114911 0.000714330 0.000465667 0.000047473
0.000752882 -0.001413087 -0.009304745 0.010120242
0.000568231 -0.001283832 -0.002970451 0.005686236
0.000353599 -0.001090663 -0.001440628 0.004309395
0.000180978 -0.000900780 -0.001046912 0.003876307
0.000120107 -0.000821647 -0.000625372 0.003328306
0.000247376 -0.001012551 -0.000369355 0.002944281
0.000004084 -0.000598955 -0.000334075 0.002884304
0.000269417 -0.001103087 -0.000064705 0.002372501
-0.000182549 -0.000153958 -0.000075463 0.002395092
0.000024132 -0.000629325 -0.000194056 0.002667857
0.000146918 -0.000936291 0.000122982 0.001875262
-0.000022294 -0.000462495 0.000120621 0.001881873
0.000073968 -0.000770536 0.000133460 0.001840788
0.000105343 -0.000889761 0.000283439 0.001270867
0.000384272 -0.001121181 -0.005564976 0.007228017
0.000329945 -0.001083153 -0.002388031 0.005004156
0.000142163 -0.000914149 -0.001193182 0.003928792
0.000002336 -0.000760339 -0.000818392 0.003516522
0.000218279 -0.001041064 -0.000610320 0.003246029
0.000084038 -0.000839703 -0.000322155 0.002813781
0.000099858 -0.000866598 -0.000272305 0.002729036
-0.000024598 -0.000630131 -0.000040453 0.002288518
0.000126462 -0.000947356 -0.000057153 0.002323587
0.000148826 -0.000998793 -0.000078779 0.002373328
-0.000033433 -0.000543147 0.000105153 0.001913496
0.000047765 -0.000770500 0.000093133 0.001947154
0.000131634 -0.001038882 0.000385190 0.001012571
0.000149643 -0.001107317 0.000205951 0.001693679
0.000404251 -0.001167946 -0.004071591 0.006119134
-0.000006148 -0.000880667 -0.002053941 0.004706779
0.000110653 -0.000985787 -0.001224254 0.003960060
0.000150793 -0.001029942 -0.000844518 0.003542351
0.000137998 -0.001013309 -0.000669316 0.003314588
0.000227845 -0.001148079 -0.000287173 0.002741375
0.000147732 -0.001011886 -0.000333074 0.002819405
0.000110034 -0.000940260 -0.000124907 0.002423888
0.000176727 -0.001080315 -0.000142596 0.002461036
-0.000100908 -0.000441755 0.000095617 0.001913147
0.000124782 -0.001005981 0.000018478 0.002105993
0.000128303 -0.001015840 0.000159788 0.001710327
-0.000047132 -0.000454446 0.000201259 0.001577617
0.000419276 -0.002226797 0.000439055 0.000673991
0.000177202 -0.001020528 -0.003981620 0.006032962
0.000049280 -0.000930983 -0.002151021 0.004751543
0.000096626 -0.000973594 -0.001199197 0.003894901
0.000052909 -0.000925506 -0.000981082 0.003654975
0.000193001 -0.001107625 -0.000643327 0.003215893
0.000104744 -0.000975240 -0.000443822 0.002916635
0.000281084 -0.001275018 -0.000310098 0.002689304
0.000031571 -0.000800943 -0.000080095 0.002252299
-0.000004185 -0.000725854 -0.000033512 0.002154476
0.000048645 -0.000847364 -0.000167653 0.002462999
0.000016952 -0.000768131 0.000020519 0.001992570
0.000066113 -0.000905781 -0.000024502 0.002118627
0.000245868 -0.001481000 0.000414065 0.000715213
0.000155645 -0.001138150 0.000352649 0.000948595
0.000263313 -0.001190649 -0.004045913 0.006096234
-0.000010956 -0.000998660 -0.002116690 0.004745778
-0.000022691 -0.000988099 -0.001285867 0.003998037
0.000095900 -0.001118549 -0.000965465 0.003645595
0.000162344 -0.001204926 -0.000749907 0.003365368
0.000248550 -0.001334236 -0.000416223 0.002864843
0.000108589 -0.001096302 -0.000203545 0.002503291
-0.000064301 -0.000767811 -0.000336972 0.002756802
0.000141505 -0.001200004 0.000074097 0.001893556
-0.000027642 -0.000810966 -0.000141596 0.002389650
0.000109426 -0.001153635 -0.000037449 0.002129284
0.000210531 -0.001436728 0.000263880 0.001285563
0.000226509 -0.001487859 0.000159385 0.001619944
0.000362093 -0.002003079 0.000847364 -0.000994373
0.000574620 -0.000942505 -0.004003606 0.005952721
-0.000216160 -0.000388959 -0.001778097 0.004394865
-0.000119781 -0.000475700 -0.001034359 0.003725500
-0.000049725 -0.000552761 -0.000821048 0.003490858
0.000129900 -0.000786274 -0.000619321 0.003228613
0.000067956 -0.000693357 -0.000349221 0.002823463
0.000145407 -0.000825025 -0.000348152 0.002821645
-0.000002060 -0.000544837 -0.000105008 0.002359671
0.000016250 -0.000583289 -0.000068753 0.002283535
0.000066096 -0.000697934 0.000075124 0.001952619
0.000151793 -0.000912176 -0.000075006 0.002327945
0.000244273 -0.001171121 0.000240402 0.001444803
0.000106667 -0.000730781 0.000041752 0.002080483
0.000566789 -0.002479244 0.000753764 -0.000625164
0.000403362 -0.000896710 -0.003818528 0.005758446
-0.000175122 -0.000491772 -0.001762282 0.004319075
-0.000099451 -0.000559875 -0.000943199 0.003581900
-0.000018455 -0.000648971 -0.000809048 0.003434334
0.000145799 -0.000862500 -0.000585327 0.003143496
0.000043215 -0.000708624 -0.000504173 0.003021765
0.000018503 -0.000666615 -0.000239402 0.002571655
-0.000040439 -0.000554626 -0.000124218 0.002352804
0.000208403 -0.001077193 -0.000105451 0.002313395
0.000027037 -0.000660052 -0.000126775 0.002362440
0.000118994 -0.000889943 -0.000089735 0.002269840
0.000225925 -0.001189349 0.000304677 0.001165486
0.000039768 -0.000593650 0.000180524 0.001562775
0.000462668 -0.002200668 0.000630559 -0.000147356
0.000371801 -0.001043052 -0.004150558 0.005940960
-0.000106668 -0.000708124 -0.001813179 0.004304795
-0.000047118 -0.000761719 -0.000934690 0.003514155
0.000000450 -0.000814044 -0.000818607 0.003386464
0.000102067 -0.000946146 -0.000667733 0.003190327
-0.000037110 -0.000737381 -0.000402394 0.002792319
0.000129693 -0.001020945 -0.000262195 0.002553981
-0.000122235 -0.000542283 -0.000241156 0.002514006
0.000200230 -0.001219458 -0.000051117 0.002114924
0.000044632 -0.000861583 0.000086253 0.001798973
-0.000011681 -0.000720802 -0.000119583 0.002313563
0.000267008 -0.001501129 0.000116784 0.001651737
0.000109172 -0.000996055 0.000200662 0.001383328
0.000344283 -0.001889478 0.000614900 -0.000190779
0.000077544 -0.001063261 -0.006085595 0.007277658
0.000041042 -0.001037710 -0.001994035 0.004413566
0.000020129 -0.001018889 -0.000947205 0.003471419
0.000071838 -0.001075768 -0.000780350 0.003287878
0.000116467 -0.001133786 -0.000605760 0.003060912
0.000088805 -0.001092293 -0.000393952 0.002743199
0.000007493 -0.000954062 -0.000334155 0.002641545
-0.000073380 -0.000800404 -0.000161610 0.002313710
0.000091915 -0.001147523 -0.000213130 0.002421901
0.000035651 -0.001018116 0.000115947 0.001665024
0.000250717 -0.001555780 -0.000114517 0.002241184
0.000027066 -0.000929558 0.000179167 0.001418869
0.000097361 -0.001154501 0.000165551 0.001462440
0.000344498 -0.002093623 0.000372201 0.000677172
0.000163802 -0.001239059 -0.010475197 0.010610011
-0.000047708 -0.001091002 -0.002905667 0.005311340
0.000092758 -0.001217421 -0.001214369 0.003789172
0.000183557 -0.001317300 -0.000881369 0.003422872
0.000137225 -0.001257069 -0.000662076 0.003137791
-0.000010733 -0.001035131 -0.000340923 0.002656062
-0.000022159 -0.001015707 -0.000371584 0.002708185
0.000057655 -0.001167355 -0.000194494 0.002371714
-0.000020874 -0.001002443 -0.000179110 0.002339407
0.000236496 -0.001594394 0.000044619 0.001824831
-0.000036297 -0.000912411 -0.000005442 0.001949985
0.000043113 -0.001134760 -0.000014833 0.001976278
0.000065318 -0.001205816 0.000219463 0.001226530
0.000090025 -0.001299701 0.000264810 0.001054212
0.027497822 -0.098146369 -1.348304233 2.696938018
-0.102536424 -0.007122398 -0.680822175 2.229700586
-0.110749837 0.000269673 -0.417325993 1.992554029
-0.075427842 -0.038584521 -0.327957390 1.894248563
-0.105634158 0.000683687 -0.232953970 1.770744121
-0.790646707 1.028202512 -0.195521070 1.714594771
-0.602094299 0.707663409 0.003997685 1.375412879
-0.315232986 0.162626920 -0.207165554 1.776623027
-0.371104837 0.279957803 0.035387865 1.267260871
-0.327000540 0.178517922 -0.046907652 1.456540557
-0.088861996 -0.416828438 -0.057961553 1.484175308
-0.214979448 -0.063699578 0.001784563 1.316886188
0.015131734 -0.800055373 0.095576858 1.016750839
-0.091884216 -0.393394767 -0.053514841 1.583299289
-0.203348150 0.033048930 -1.369085393 2.692235511
-0.145191186 -0.007660943 -0.670814554 2.203445931
-0.122552857 -0.028035439 -0.397453213 1.957420731
-0.041571200 -0.117115264 -0.257741305 1.803737629
-0.073747766 -0.075285729 -0.240755024 1.781655464
-0.480043103 0.534157276 -0.080730300 1.541618378
-0.447060179 0.478086303 -0.141943744 1.645681236
-0.304603835 0.207419252 -0.093141828 1.552957596
-0.308912770 0.216468016 -0.033291570 1.427272062
-0.105048244 -0.252420384 -0.148121679 1.691381307
-0.060956289 -0.362650271 0.120107352 1.020808728
-0.185111270 -0.015016331 -0.108483706 1.660863680
0.010154547 -0.639866954 0.011042756 1.278378997
-0.024592803 -0.507827024 -0.235224678 2.214195234
-0.139349782 -0.047314349 -1.402084911 2.712553066
-0.120067231 -0.060812134 -0.630096235 2.172161002
-0.067841767 -0.107815051 -0.400937700 1.965918326
-0.002541543 -0.179645299 -0.285756094 1.839218557
-0.090174281 -0.065722744 -0.232912246 1.770521557
-0.255004479 0.181522554 -0.140278902 1.631571541
-0.405435260 0.437254888 -0.048567670 1.475662442
-0.109664390 -0.124709758 -0.108193198 1.588950943
-0.189486548 0.042916766 -0.004360675 1.370902655
-0.106115018 -0.148837749 -0.150439107 1.706883043
-0.148877923 -0.041930487 0.002527237 1.324467181
-0.002528503 -0.451708855 -0.100456452 1.612821507
0.125871122 -0.862587661 0.086404099 1.014867735
-0.043258744 -0.219894178 0.016435684 1.280747709
-0.076099788 -0.145619569 -1.321101267 2.647641937
-0.021238477 -0.184022486 -0.650658646 2.178332110
-0.021865884 -0.183457819 -0.347458041 1.905451573
-0.001809300 -0.205520063 -0.260801409 1.810129274
0.014002096 -0.226074877 -0.218089171 1.754603368
-0.071770234 -0.097416382 -0.119594903 1.606861966
-0.248907074 0.203716255 -0.123861476 1.614115141
-0.197960656 0.106918062 -0.067134524 1.506333932
-0.014110949 -0.279166305 -0.023663038 1.415043817
-0.060580954 -0.172285295 -0.116894813 1.629476895
-0.063655784 -0.164598221 -0.049560078 1.461140056
-0.135049341 0.035303735 -0.010783670 1.352566115
0.114658145 -0.763760233 0.092953260 1.020607936
0.021537395 -0.409901384 -0.192229759 2.104303394
0.228891535 -0.402074597 -1.193857860 2.540193415
0.120528869 -0.326220732 -0.626682080 2.143170375
-0.017927434 -0.201610063 -0.377337843 1.918760567
0.056496506 -0.283476399 -0.255653354 1.784907626
0.035779617 -0.256544443 -0.162613949 1.663956405
-0.068560226 -0.100034679 -0.107611988 1.581453464
-0.049356091 -0.132681710 -0.149861032 1.653276840
-0.081461399 -0.071681625 -0.056560656 1.476006128
0.067579283 -0.384667043 -0.103718614 1.575037835
-0.139285889 0.091122842 -0.167571862 1.721900304
0.025112981 -0.319874331 0.103981511 1.043016869
-0.059237131 -0.083694024 -0.097443140 1.607005884
0.087296902 -0.552602936 0.186293353 0.699049091
-0.019836949 -0.145494309 -0.112189955 1.833285650
0.232916488 -0.432400472 -1.233232691 2.568233706
0.127763979 -0.358793717 -0.633860864 2.148673434
0.109242696 -0.342124563 -0.351968324 1.894970154
0.007938596 -0.230690050 -0.243847457 1.776037199
0.006574167 -0.228916293 -0.171592791 1.682106136
0.109181229 -0.382826885 -0.112294528 1.593158741
0.082159817 -0.336890483 -0.096129213 1.565677706
0.168340862 -0.500634468 -0.118110222 1.607441622
-0.083399991 0.028021301 -0.086604932 1.541280516
-0.004880055 -0.152574550 -0.025276536 1.400225207
0.148259897 -0.535424428 -0.021183494 1.389992603
0.083474050 -0.354024060 -0.038019112 1.437132331
-0.059340668 0.102983043 0.078656885 1.063769138
0.030356973 -0.237867988 -0.096737003 1.730265903
0.409123326 -0.587473375 -1.445636835 2.738115354
0.205304337 -0.444800085 -0.642538705 2.175946672
0.116681950 -0.365039939 -0.389341023 1.948068764
0.079191877 -0.323800858 -0.245012133 1.789306981
0.064213484 -0.304328948 -0.181654052 1.706941480
0.234999005 -0.560507228 -0.113790604 1.605146308
0.059080890 -0.261446425 -0.066713119 1.525114580
0.245646475 -0.615921033 -0.124753162 1.635390661
0.097312643 -0.304420000 -0.013017055 1.400744848
0.095826011 -0.301000745 -0.159174166 1.736906195
0.055780954 -0.200888102 0.019626223 1.289905222
0.004537756 -0.057407152 -0.048625458 1.481009925
0.046056249 -0.190266332 0.078319522 1.074785984
-0.012446305 0.032043372 0.004150719 1.356627434
0.532191129 -0.654830203 -1.369657598 2.690780680
0.266442091 -0.468805880 -0.640468040 2.180347998
0.131026848 -0.346932164 -0.383759646 1.949310450
0.105827936 -0.319213360 -0.292492017 1.848916057
0.053888025 -0.251691479 -0.182837204 1.706364805
0.328286733 -0.663289541 -0.098690367 1.580144549
0.261187740 -0.549221249 -0.110240022 1.599778963
0.284155388 -0.592859779 -0.034642232 1.456143164
0.181101503 -0.376446632 0.025227064 1.330417648
0.092229411 -0.172040825 -0.174630839 1.790090814
0.112163877 -0.221876989 0.030426587 1.277447251
0.108906824 -0.212757241 -0.108337377 1.665986341
0.046269404 -0.012317494 0.005449057 1.301869747
-0.159096876 0.768074362 -0.146565148 1.879523721
0.568600927 -0.661985325 -1.330400189 2.670687536
0.333213826 -0.497214357 -0.650557914 2.194797952
0.204763960 -0.381609480 -0.372506291 1.944551498
0.080289273 -0.244687322 -0.272658565 1.834718997
0.114051784 -0.288578585 -0.170897205 1.702429233
0.503147180 -0.872221679 -0.133897630 1.646929872
0.542539422 -0.939188492 -0.106483736 1.600326250
0.283959721 -0.447887067 -0.116636795 1.619617062
0.275790700 -0.430732123 0.057500587 1.253928576
0.174069065 -0.196772367 -0.107011173 1.632305618
0.129331719 -0.084929001 -0.072501115 1.546030471
0.115344795 -0.045765615 -0.006832479 1.362158294
0.041789270 0.189612067 -0.027771398 1.429162836
-0.063399117 0.589327935 0.070685599 1.055026250
0.492668628 -0.564001113 -1.296368915 2.668515840
0.324335043 -0.446167605 -0.678153078 2.235764762
0.220691919 -0.352888796 -0.426347154 2.009139436
0.096252819 -0.216005783 -0.243141738 1.807613474
0.153404307 -0.290302715 -0.194601966 1.744511773
0.726999747 -1.150695874 -0.178270894 1.720015164
0.628032425 -0.982451422 -0.045548694 1.494387418
0.556343769 -0.846242979 -0.092232260 1.583086193
0.275002950 -0.255427286 -0.140477385 1.684400952
0.264470365 -0.231202340 -0.071752650 1.526334064
0.147909645 0.060199460 -0.020270748 1.397629309
0.121114672 0.135225383 -0.085384527 1.579947887
0.114018737 0.157932377 0.093869582 1.006334729
-0.000999942 0.595003352 0.029658230 1.250337864
0.123165853 1.055257198 -1.525334211 2.838003323
-0.077472930 1.195704343 -0.754542396 2.298449062
-0.123887629 1.237477571 -0.483660583 2.054655437
-0.048890727 1.154980978 -0.442373315 2.009239441
-0.131871669 1.262856198 -0.195135428 1.687830200
-0.683954195 2.090979987 -0.171175558 1.651890395
-0.578675179 1.912005655 -0.110311548 1.548421574
-0.554925998 1.866882211 0.014185911 1.311876407
-0.167640706 1.053583135 0.009627936 1.321448153
-0.283973149 1.321147749 -0.092262008 1.555795019
-0.121493955 0.914949763 -0.105755346 1.589528364
-0.025049144 0.644904298 -0.008746980 1.317904943
-0.059084206 0.753816498 0.029760405 1.194681310
0.009898320 0.491682900 -0.038556012 1.454283691
-0.017735363 1.034846604 -1.534358951 2.821398960
-0.086333757 1.082865479 -0.740974590 2.266029916
-0.060856030 1.059935525 -0.433093802 1.988937215
-0.078191785 1.079004857 -0.303837766 1.846755572
-0.077196341 1.077710780 -0.225152320 1.744464496
-0.423939425 1.597825405 -0.098705864 1.554794813
-0.477587453 1.689027056 -0.102028883 1.560443945
-0.320238288 1.390063645 -0.121251984 1.596967836
-0.240558328 1.222735738 -0.039322367 1.424915648
-0.175999957 1.074251487 -0.074030739 1.504744903
-0.042042938 0.739358939 -0.055209804 1.457692566
-0.073281658 0.826827354 -0.058377967 1.466563421
-0.117655813 0.968824651 -0.004044772 1.292697193
0.044954720 0.350904635 0.039684030 1.126527749
-0.152961621 1.002036218 -1.581705307 2.852360117
-0.109622485 0.971698824 -0.710379524 2.242432079
-0.080301146 0.945309620 -0.463459381 2.020203957
-0.022169658 0.881364981 -0.273374417 1.811110491
-0.046531249 0.913035048 -0.199792337 1.715453792
-0.310392604 1.308827081 -0.161979160 1.658734025
-0.290544733 1.275085699 -0.063738250 1.491724473
-0.184958345 1.074471565 -0.149775797 1.655195811
-0.213520476 1.134452037 -0.037390581 1.419186868
-0.004702805 0.654171404 -0.112336847 1.591563277
-0.097841239 0.887017488 -0.033771997 1.395151152
-0.040954640 0.727735013 0.082736592 1.068927109
-0.002032121 0.603182953 -0.048863300 1.490046767
0.065997545 0.344670224 0.062117878 1.068318296
-0.080482965 0.785903754 -1.567978356 2.850800740
-0.061119798 0.772349538 -0.745727464 2.275225125
-0.000713467 0.717983842 -0.447534812 2.006851745
-0.019579239 0.738736191 -0.297119128 1.841394489
-0.040132096 0.765454904 -0.189265564 1.701184861
-0.160647890 0.946228596 -0.078670364 1.535292061
-0.213161783 1.035502216 -0.280118685 1.877754216
-0.159413872 0.933381185 0.003006459 1.339816449
-0.019878144 0.640356171 -0.028498762 1.405977411
-0.112560067 0.853524588 -0.012969372 1.370259814
-0.104552325 0.833505235 -0.208179189 1.858284357
0.028626465 0.460604629 0.101548111 0.991047932
-0.028713549 0.644092675 0.169179665 0.774626956
0.192006763 -0.194644500 -0.317118485 2.622559902
0.017637910 0.545992642 -1.432757463 2.726867242
0.030423703 0.537042587 -0.682541173 2.201715847
0.031456940 0.536112674 -0.449884427 1.992324781
-0.009635392 0.581314240 -0.314150565 1.843017530
-0.010133681 0.581962016 -0.194699122 1.687730660
-0.033688835 0.617294747 -0.118294330 1.573123472
-0.067838455 0.675349101 -0.069734479 1.490571723
-0.067160750 0.674061462 -0.146961861 1.637303747
-0.106958721 0.757637199 -0.058942423 1.452462936
-0.035552970 0.593403974 -0.087997296 1.519289143
0.042353080 0.398638848 -0.007324220 1.317606452
-0.052056151 0.662984692 -0.120961637 1.635791215
0.034273471 0.386729897 0.092446819 0.952884146
0.014675484 0.461202246 -0.126281537 1.784051888
0.083146100 0.554214892 -1.374325238 2.701495152
0.011755229 0.604188501 -0.680593293 2.215882798
0.009371934 0.606333467 -0.444736375 2.003611578
0.031737101 0.581731783 -0.327087162 1.874197441
-0.002742111 0.626554756 -0.145469869 1.638094969
0.085204223 0.494635255 -0.180432157 1.690538401
0.061843119 0.534349133 -0.096315776 1.547540549
-0.013270979 0.677065918 -0.101559795 1.557504184
0.140676465 0.353776300 -0.105090116 1.564917859
-0.041986396 0.773900871 0.056805001 1.192559097
0.095615998 0.429894886 -0.059671014 1.483749135
0.057867156 0.535591644 -0.007619558 1.338005060
-0.038494573 0.843949180 -0.063956191 1.518282290
0.101995400 0.310087290 -0.056892190 1.491439084
0.222801281 0.301090174 -1.550015900 2.848742710
0.075023179 0.404534844 -0.747954890 2.287300013
0.066350683 0.412340091 -0.422187347 1.994109232
0.055625310 0.424138001 -0.326344488 1.888682084
-0.011011806 0.510766249 -0.224614090 1.756432572
0.158178620 0.256980610 -0.159760079 1.659151557
0.226086161 0.141537786 -0.081877738 1.526751572
0.119408412 0.344225507 -0.029052506 1.426383634
0.042455484 0.505826648 -0.169540007 1.721407372
0.207688461 0.125790809 -0.070006235 1.492479700
-0.075889441 0.834735563 -0.036317911 1.408258890
-0.081711094 0.851036192 0.023517305 1.240720289
0.098452286 0.274513369 0.025895838 1.233108983
-0.152015919 1.226292533 0.094927555 0.970788462
0.239984854 0.167814233 -1.588917469 2.877333271
0.102213031 0.264254507 -0.768662141 2.303154551
0.118353488 0.249728097 -0.434633986 2.002529219
0.052534808 0.322128647 -0.315390342 1.871361208
-0.002892166 0.394183709 -0.220947213 1.748585145
0.339953520 -0.120084820 -0.138785210 1.625342141
0.307054182 -0.064155944 -0.144281439 1.634685730
0.186711319 0.164495495 -0.043048278 1.442342727
0.231634919 0.070155937 -0.068316443 1.495405872
-0.001640021 0.606688290 -0.095932461 1.558922710
0.089002464 0.380082075 -0.039097872 1.416836238
0.071014149 0.430449358 -0.062923118 1.483546927
0.012367072 0.618120008 0.048137514 1.128152900
-0.062641878 0.903154012 -0.175961267 1.979728253
0.196236011 0.119251178 -1.523100825 2.828106628
0.127905168 0.167082768 -0.734977766 2.276420496
0.077278149 0.212647084 -0.446566833 2.016850663
0.037816031 0.256055414 -0.301153171 1.856895632
0.116880657 0.153271404 -0.206226061 1.733490393
0.471407361 -0.378518651 -0.138189760 1.631435941
0.476025066 -0.386368751 -0.141098550 1.636380884
0.331378996 -0.111541220 -0.026382217 1.418419855
0.215149471 0.132540771 -0.173663456 1.727710442
0.268971260 0.008750659 -0.048156369 1.439044149
0.001613101 0.677146057 0.043663986 1.209493262
0.076736790 0.466799731 -0.172865946 1.815777059
0.099557952 0.393772010 0.143178128 0.804436008
0.031561332 0.652159164 -0.026373120 1.448730742
-0.001071170 0.176298447 -1.487386315 2.837680861
0.107654489 0.100190487 -0.788282799 2.348308408
0.113769966 0.094686558 -0.514033910 2.101484415
0.048391389 0.166602994 -0.316765422 1.884489072
0.147071893 0.038318344 -0.276894503 1.832656881
0.663007191 -0.735584603 -0.161179862 1.659084918
0.729991459 -0.849457862 -0.148198658 1.637016870
0.358016917 -0.142706241 -0.007950666 1.370545691
0.388527420 -0.206778295 0.046419490 1.256368367
0.296407867 0.005096672 -0.126437515 1.653939470
0.061082055 0.593411203 -0.111082810 1.615552708
0.039371839 0.654199807 0.068605228 1.112426211
0.056518127 0.599331685 0.017006400 1.277542462
0.082742428 0.499679342 -0.156307230 1.936134247
0.003469961 -0.001760141 -0.009423833 0.009613921
0.000840419 0.000080539 -0.002889307 0.005039754
0.000229666 0.000630217 -0.001423182 0.003720241
0.000084053 0.000790391 -0.000832110 0.003070062
0.000048232 0.000836958 -0.000563229 0.002720517
0.000046182 0.000840033 -0.000406480 0.002485394
0.000001552 0.000915904 -0.000191007 0.002119089
-0.000006372 0.000930961 -0.000110047 0.001965265
0.000082073 0.000745226 0.000014473 0.001703773
-0.000122646 0.001216079 -0.000153626 0.002090400
0.000044975 0.000797026 -0.000114294 0.001992071
0.000168067 0.000452369 0.000086662 0.001429395
-0.000077728 0.001238915 0.000094359 0.001404763
0.000355889 -0.000408832 0.000317030 0.000558615
0.001602526 -0.000218327 -0.005552800 0.006704415
0.000288434 0.000701537 -0.002183111 0.004345632
-0.000007432 0.000967817 -0.001240411 0.003497202
-0.000025078 0.000987227 -0.000788095 0.002999654
0.000044319 0.000897012 -0.000562564 0.002706464
0.000033901 0.000912638 -0.000409558 0.002476955
0.000085791 0.000824426 -0.000151897 0.002038932
0.000083947 0.000827929 -0.000157777 0.002050104
-0.000063731 0.001138053 -0.000154201 0.002042594
0.000004310 0.000981558 0.000146241 0.001351578
-0.000051883 0.001122041 -0.000101076 0.001969871
0.000001616 0.000972243 0.000156537 0.001248553
-0.000066786 0.001191130 0.000115315 0.001380463
0.000297560 -0.000193386 0.000180935 0.001131108
0.000508369 0.000703625 -0.004059696 0.005655473
-0.000001620 0.001060617 -0.002044663 0.004244950
-0.000180346 0.001221471 -0.001285460 0.003561667
-0.000063104 0.001092504 -0.000770113 0.002994786
0.000001122 0.001009010 -0.000622058 0.002802313
-0.000058028 0.001097735 -0.000318579 0.002347095
0.000017390 0.000969525 -0.000239210 0.002212169
0.000060606 0.000887414 -0.000252551 0.002237517
-0.000094366 0.001212855 -0.000136983 0.001994823
0.000102759 0.000759468 -0.000129830 0.001978371
-0.000081202 0.001219371 0.000194942 0.001166441
0.000176075 0.000498996 0.000192692 0.001172741
0.000037179 0.000943464 0.000051363 0.001624994
-0.000032601 0.001208627 0.000434031 0.000170855
-0.000303549 0.001376282 -0.004031027 0.005692303
-0.000203297 0.001306105 -0.002080253 0.004326761
-0.000246780 0.001345240 -0.001261012 0.003589444
-0.000108585 0.001193226 -0.000937801 0.003233912
0.000074743 0.000954899 -0.000625711 0.002828195
-0.000075054 0.001179595 -0.000342726 0.002403717
0.000024323 0.001010654 -0.000244441 0.002236634
0.000023387 0.001012431 -0.000188855 0.002131020
-0.000095284 0.001261640 -0.000095184 0.001934310
0.000103542 0.000804341 -0.000086544 0.001914439
0.000032862 0.000981041 -0.000118618 0.001994623
0.000000066 0.001072870 0.000466406 0.000356556
0.000211999 0.000394685 -0.000079317 0.002102871
-0.000073558 0.001479800 0.000633764 -0.000606840
-0.000419737 0.001528312 -0.004190397 0.005858197
-0.000319550 0.001458181 -0.002231585 0.004487029
-0.000373438 0.001506680 -0.001361635 0.003704074
-0.000136985 0.001246582 -0.000966854 0.003269815
-0.000102703 0.001202015 -0.000550419 0.002728450
-0.000093805 0.001188669 -0.000398938 0.002501228
-0.000007761 0.001042395 -0.000248629 0.002245702
0.000026315 0.000977650 -0.000102105 0.001967307
-0.000034661 0.001105699 -0.000215281 0.002204976
0.000040475 0.000932887 -0.000076037 0.001884715
0.000016644 0.000992465 0.000025531 0.001630796
-0.000078128 0.001257826 0.000076295 0.001488656
0.000073921 0.000771267 0.000077474 0.001484883
0.000181298 0.000363235 0.000573290 -0.000399219
-0.000244795 0.001079720 -0.004009248 0.005633801
-0.000178100 0.001033034 -0.001887314 0.004148446
-0.000023372 0.000893779 -0.001347256 0.003662394
0.000029195 0.000835955 -0.000883880 0.003152681
-0.000080920 0.000979104 -0.000590769 0.002771636
0.000150056 0.000632641 -0.000325886 0.002374312
-0.000065425 0.000998958 -0.000229910 0.002211153
-0.000002632 0.000879652 -0.000057775 0.001884096
-0.000044287 0.000967127 -0.000145187 0.002067661
0.000142986 0.000536400 -0.000000368 0.001734578
0.000029492 0.000820135 -0.000067306 0.001901924
-0.000031580 0.000991137 0.000063126 0.001536715
0.000112932 0.000528697 0.000167523 0.001202644
0.000302862 -0.000193038 0.000163563 0.001217690
-0.000161485 0.001066303 -0.003854415 0.005510814
-0.000151543 0.001059343 -0.001731886 0.004025044
0.000095653 0.000836867 -0.001291142 0.003628375
-0.000054705 0.001002261 -0.000831567 0.003122841
-0.000076886 0.001031096 -0.000614953 0.002841244
-0.000025794 0.000954459 -0.000451569 0.002596167
-0.000094728 0.001071646 -0.000183693 0.002140778
0.000209264 0.000494062 -0.000233629 0.002235658
-0.000057026 0.001053270 -0.000056380 0.001863434
0.000185190 0.000496174 0.000057198 0.001602204
-0.000017591 0.001003126 0.000003829 0.001735626
-0.000151926 0.001379263 -0.000050700 0.001888309
0.000344955 -0.000210754 0.000258935 0.000897476
0.000105937 0.000697513 0.000240586 0.000967203
0.000049397 0.000899471 -0.004211947 0.005714318
0.000146299 0.000831640 -0.001781078 0.004012709
0.000088055 0.000884060 -0.001096822 0.003396879
0.000027212 0.000950987 -0.000832879 0.003106541
0.000026129 0.000952394 -0.000499143 0.002672686
-0.000011474 0.001008799 -0.000299354 0.002373002
0.000174833 0.000692077 -0.000334657 0.002433017
-0.000003106 0.001030162 -0.000113955 0.002013683
0.000008493 0.001005804 -0.000011309 0.001798125
0.000240620 0.000471912 0.000119056 0.001498287
-0.000166337 0.001489303 -0.000026500 0.001862176
0.000194457 0.000479081 0.000046884 0.001656703
0.000042312 0.000965947 0.000214229 0.001121199
0.000036963 0.000986270 0.000486376 0.000087041
0.000378755 0.000704978 -0.006585174 0.007458238
0.000332860 0.000737105 -0.002032225 0.004271174
0.000125242 0.000923960 -0.001312229 0.003623177
-0.000040340 0.001106101 -0.000868554 0.003135135
-0.000010640 0.001067491 -0.000533648 0.002699757
0.000054576 0.000969667 -0.000323509 0.002384548
0.000063828 0.000953939 -0.000180499 0.002141431
0.000048372 0.000983305 -0.000134675 0.002054366
-0.000029624 0.001147097 -0.000098930 0.001979302
0.000032937 0.001003207 -0.000004144 0.001761293
0.000104742 0.000823695 0.000015255 0.001712796
-0.000082195 0.001347117 0.000211589 0.001163060
0.000010912 0.001049175 0.000069581 0.001617487
0.000326094 -0.000148518 0.000754733 -0.000986090
0.000777229 0.000465673 -0.011577693 0.011304364
0.000480377 0.000673469 -0.003131167 0.005391796
0.000144892 0.000975406 -0.001653659 0.004062039
-0.000049340 0.001189060 -0.000959667 0.003298647
-0.000022445 0.001154097 -0.000682597 0.002938456
0.000106403 0.000960825 -0.000423417 0.002549686
0.000055102 0.001048037 -0.000213999 0.002193676
-0.000004200 0.001160710 -0.000101075 0.001979120
-0.000005881 0.001164242 -0.000255853 0.002304155
-0.000047618 0.001260236 0.000174166 0.001315110
0.000027482 0.001072486 -0.000034458 0.001836669
0.000203730 0.000578991 0.000027750 0.001662486
-0.000014947 0.001278758 0.000154920 0.001255545
0.000064451 0.000977045 0.000519309 -0.000129136
0.000891497 -0.001520874 -0.009340125 0.010152922
0.000558173 -0.001287547 -0.003017244 0.005726905
0.000387834 -0.001134242 -0.001454559 0.004320488
0.000241119 -0.000972855 -0.001006907 0.003828071
0.000106101 -0.000797332 -0.000664354 0.003382752
0.000183594 -0.000913571 -0.000522090 0.003169356
0.000105029 -0.000780010 -0.000111550 0.002471439
0.000037111 -0.000650966 -0.000257320 0.002748401
0.000161203 -0.000911559 -0.000006047 0.002220727
-0.000053819 -0.000417009 -0.000169271 0.002596144
-0.000030402 -0.000475552 0.000198234 0.001677382
-0.000007100 -0.000540797 0.000045199 0.002105879
0.000059748 -0.000754711 0.000086469 0.001973813
0.000364715 -0.001913585 0.000320172 0.001085742
0.000487269 -0.001195838 -0.005640593 0.007277805
0.000350002 -0.001099752 -0.002374309 0.004991406
0.000169087 -0.000936928 -0.001228340 0.003960034
0.000042747 -0.000797955 -0.000823110 0.003514281
0.000065652 -0.000827730 -0.000530229 0.003133535
0.000189127 -0.001012943 -0.000245557 0.002706528
0.000000940 -0.000693026 -0.000414512 0.002993751
0.000019033 -0.000727402 -0.000125981 0.002445543
0.000028595 -0.000747483 0.000168825 0.001826449
0.000239594 -0.001232781 -0.000224827 0.002731849
-0.000000520 -0.000632496 0.000157812 0.001775252
0.000211435 -0.001225970 0.000007249 0.002196829
-0.000056589 -0.000368291 0.000288260 0.001297593
0.000191710 -0.001311829 0.000355040 0.001043829
0.000474803 -0.001209177 -0.004103686 0.006138082
0.000002873 -0.000878826 -0.002066722 0.004712207
0.000052995 -0.000923935 -0.001195654 0.003928246
0.000125735 -0.001003949 -0.000966477 0.003676151
0.000244168 -0.001157912 -0.000536485 0.003117161
0.000264699 -0.001188709 -0.000330029 0.002807478
-0.000039035 -0.000672361 -0.000101544 0.002419054
0.000084558 -0.000907188 -0.000374954 0.002938532
0.000100157 -0.000939945 -0.000018894 0.002190806
0.000263294 -0.001315162 -0.000111260 0.002403249
-0.000061213 -0.000503892 0.000099725 0.001875785
0.000080214 -0.000899889 0.000209995 0.001567030
-0.000016856 -0.000589264 0.000227607 0.001510672
0.000192738 -0.001385724 0.000552457 0.000276241
0.000157917 -0.001003234 -0.003951233 0.006022364
0.000079733 -0.000948505 -0.002210178 0.004803625
-0.000057781 -0.000824743 -0.001253378 0.003942506
0.000223791 -0.001134471 -0.000991861 0.003654837
0.000104375 -0.000979230 -0.000643127 0.003201483
0.000143284 -0.001037595 -0.000338138 0.002743998
-0.000024651 -0.000752105 -0.000170554 0.002459107
0.000383221 -0.001527062 -0.000227253 0.002566835
-0.000071696 -0.000571736 -0.000219477 0.002550504
0.000310331 -0.001450399 -0.000020924 0.002093834
-0.000151176 -0.000296629 0.000090498 0.001815277
0.000227641 -0.001357318 0.000017901 0.002018549
0.000085991 -0.000904038 0.000064059 0.001870842
0.000582539 -0.002790921 0.001296798 -0.002813564
0.000347218 -0.001240017 -0.004005214 0.006071903
-0.000026603 -0.000978342 -0.002202655 0.004810112
-0.000020870 -0.000983502 -0.001193057 0.003901474
0.000084773 -0.001099709 -0.000966116 0.003651839
0.000237285 -0.001297975 -0.000813711 0.003453713
0.000055601 -0.001025450 -0.000382764 0.002807292
0.000248963 -0.001354165 -0.000203078 0.002501827
-0.000128835 -0.000636349 -0.000240652 0.002573216
0.000126848 -0.001173283 -0.000163688 0.002411592
0.000002475 -0.000887225 -0.000119335 0.002309580
0.000209997 -0.001406028 0.000075027 0.001823674
-0.000144754 -0.000412726 -0.000229737 0.002677013
0.000287851 -0.001797062 0.000298744 0.000985874
0.000385391 -0.002167713 0.000793840 -0.000895489
0.000612238 -0.000957774 -0.004011337 0.005959347
-0.000264945 -0.000343747 -0.001772153 0.004391918
-0.000157514 -0.000440434 -0.001054059 0.003745633
0.000017483 -0.000632930 -0.000817440 0.003485352
0.000169701 -0.000830815 -0.000546820 0.003133546
0.000077815 -0.000692985 -0.000563364 0.003158362
0.000130475 -0.000782506 -0.000008984 0.002215916
-0.000147751 -0.000253878 -0.000458880 0.003070719
-0.000064676 -0.000428336 0.000197986 0.001691299
0.000078262 -0.000757093 -0.000127690 0.002440355
0.000063940 -0.000721288 -0.000161474 0.002524816
0.000267514 -0.001291296 0.000140750 0.001678587
0.000220065 -0.001139457 0.000178658 0.001557284
0.000243014 -0.001226666 0.000587226 0.000004723
0.000453188 -0.000926276 -0.003905480 0.005808243
-0.000179398 -0.000483466 -0.001658168 0.004235124
-0.000107079 -0.000548553 -0.001083623 0.003718034
0.000030903 -0.000700333 -0.000726852 0.003325586
0.000025886 -0.000693812 -0.000610762 0.003174670
0.000053446 -0.000735151 -0.000430038 0.002903583
0.000026552 -0.000689432 -0.000213123 0.002534827
-0.000168910 -0.000318054 -0.000229114 0.002565210
0.000196593 -0.001085611 0.000086152 0.001903152
0.000032048 -0.000707157 -0.000390547 0.002999559
0.000202349 -0.001132910 0.000256610 0.001381666
0.000084437 -0.000802755 0.000054690 0.001947043
0.000148072 -0.001006387 0.000208870 0.001453669
0.000219437 -0.001277577 0.000292909 0.001134320
0.000377326 -0.001051241 -0.004203563 0.005973700
-0.000042679 -0.000757238 -0.001751313 0.004257125
-0.000095688 -0.000709529 -0.001012217 0.003591939
0.000061439 -0.000882369 -0.000777010 0.003333211
-0.000027551 -0.000766683 -0.000573768 0.003068997
0.000005895 -0.000816851 -0.000516330 0.002982839
0.000135955 -0.001037954 -0.000114419 0.002299591
0.000116158 -0.001000338 -0.000283761 0.002621341
-0.000065237 -0.000619410 -0.000347167 0.002754493
0.000103720 -0.001008011 0.000161757 0.001583969
0.000163251 -0.001156837 0.000086669 0.001771688
-0.000157072 -0.000259934 0.000011722 0.001981538
0.000171590 -0.001311651 0.000154547 0.001524499
0.000703848 -0.003334231 0.000905855 -0.001330472
0.000158317 -0.001122619 -0.006086483 0.007281122
0.000036370 -0.001037256 -0.001998603 0.004419606
0.000067280 -0.001065075 -0.001002830 0.003523410
0.000069388 -0.001067393 -0.000742185 0.003236700
0.000118982 -0.001131865 -0.000708515 0.003192929
0.000025068 -0.000990994 -0.000355465 0.002663354
0.000062691 -0.001054954 -0.000339869 0.002636841
-0.000123957 -0.000700322 -0.000153208 0.002282186
0.000178328 -0.001335120 -0.000128693 0.002230704
-0.000039283 -0.000834614 0.000033288 0.001858148
0.000342870 -0.001789999 -0.000085315 0.002154656
-0.000183983 -0.000314809 0.000121015 0.001576932
0.000410299 -0.002216512 0.000219658 0.001261272
-0.000017804 -0.000589720 0.000263230 0.001095699
0.000227461 -0.001300948 -0.010469923 0.010602545
-0.000004581 -0.001138519 -0.002912749 0.005312523
0.000225852 -0.001345908 -0.001211749 0.003781623
0.000047815 -0.001150068 -0.000894803 0.003432983
0.000143036 -0.001273855 -0.000572677 0.003014219
-0.000047283 -0.000988376 -0.000481763 0.002877847
0.000080346 -0.001205346 -0.000245653 0.002476460
-0.000064434 -0.000930264 -0.000312028 0.002602572
0.000064367 -0.001200746 -0.000025555 0.002000980
0.000239189 -0.001602837 -0.000113595 0.002203471
-0.000162552 -0.000598485 -0.000107165 0.002187398
0.000174140 -0.001541220 0.000014615 0.001846413
0.000143011 -0.001441608 0.000301539 0.000928256
-0.000113782 -0.000465795 0.000108619 0.001661351
0.205669378 -0.238429266 -1.382362925 2.720748227
-0.063276406 -0.050167220 -0.679859560 2.228995880
-0.059278705 -0.053765151 -0.397824550 1.975164378
-0.047922487 -0.066256991 -0.370139612 1.944710946
-0.198065517 0.128928941 -0.188448980 1.708513133
-0.709210987 0.895647145 -0.163961610 1.671782077
-0.479887449 0.505797120 -0.142356208 1.635052894
-0.582563340 0.700881312 -0.016708380 1.396322023
-0.198673559 -0.105287193 0.085949281 1.180740944
-0.178136485 -0.152522461 -0.465487131 2.449044665
-0.183238416 -0.139767634 0.200714302 0.783541083
-0.064955338 -0.470960246 -0.077120941 1.561479752
-0.077493402 -0.430838442 0.058551241 1.127328761
0.013782830 -0.777688118 -0.308812130 2.523309554
-0.093867710 -0.048514706 -1.356952867 2.685182671
-0.118581771 -0.031214863 -0.632489957 2.178058643
-0.090148949 -0.056804403 -0.435642496 2.000895933
-0.055372511 -0.095058485 -0.261932705 1.809815158
-0.032693661 -0.124540989 -0.234253351 1.773831999
-0.545991231 0.645405365 -0.164080819 1.668573202
-0.418402851 0.428505114 0.014585262 1.364840856
-0.289868667 0.184290167 -0.260548089 1.887594215
-0.005813240 -0.412226204 0.065898284 1.202056864
-0.531321637 0.796443086 -0.047850597 1.463679285
0.042918729 -0.639157829 0.047135758 1.226213397
-0.101826614 -0.233870877 -0.013019737 1.394648781
-0.062310706 -0.360321785 -0.117246130 1.728173242
-0.105675987 -0.195533719 0.089621996 0.942074372
-0.069637005 -0.100317402 -1.341509303 2.677971582
-0.052004534 -0.112660131 -0.642554798 2.188703437
-0.091412418 -0.077193036 -0.350651061 1.925990081
-0.016302547 -0.159813896 -0.313669555 1.885310423
0.011814159 -0.196365613 -0.262794432 1.819172765
-0.374552891 0.383184962 -0.079070311 1.543586583
-0.216504860 0.114503302 -0.109287539 1.594955874
-0.201804859 0.086573301 -0.076422719 1.532512715
-0.086041966 -0.156528763 -0.104914283 1.592344996
-0.203047048 0.112582920 0.006176232 1.336836819
-0.207724108 0.124275568 -0.054483422 1.488485954
0.108416651 -0.760918540 -0.035322002 1.434833978
-0.057522266 -0.229913997 0.071337632 1.093523145
-0.041719156 -0.289965816 -0.214750631 2.180658528
0.018713550 -0.202628069 -1.420770372 2.717154366
-0.044712352 -0.158229938 -0.636182465 2.167942841
0.044014145 -0.238083784 -0.340925374 1.902211466
-0.074689340 -0.107509947 -0.297264563 1.854184573
0.049004618 -0.268312087 -0.185383514 1.708739214
-0.207393567 0.116285190 -0.108578775 1.593532106
-0.090556550 -0.082337745 -0.144882254 1.655248022
-0.174773696 0.077674831 0.029691468 1.323557953
0.037867865 -0.368872426 -0.271680886 1.956439870
-0.286167494 0.376408883 0.060820565 1.191686547
0.028967763 -0.411429258 -0.054133344 1.479071321
-0.054543527 -0.177597651 -0.065068587 1.509690000
-0.070208571 -0.127469511 -0.021166606 1.369203659
0.083829468 -0.712814048 -0.260937229 2.280332016
0.238508969 -0.397350713 -1.188936304 2.546060002
0.042732063 -0.260306881 -0.641909280 2.163141091
0.085105727 -0.298443178 -0.390885975 1.937220123
0.027799765 -0.235406619 -0.246655433 1.778566523
0.014599558 -0.218246350 -0.178100424 1.689445015
-0.043422644 -0.131213047 -0.080340485 1.542805107
-0.086255402 -0.058397356 -0.169421495 1.694242827
-0.141453198 0.046478454 0.014885073 1.344060352
0.195844350 -0.661846365 -0.014292594 1.405333451
-0.212257975 0.276788965 -0.173762995 1.772115365
0.040385133 -0.354818807 -0.035036808 1.425299897
0.151552634 -0.666087802 -0.076382738 1.541068499
-0.140031772 0.266982310 0.161515699 0.779793491
0.293122876 -1.379005331 -0.088418280 1.729542599
0.326515009 -0.483019108 -1.260309294 2.590961017
0.109173513 -0.330880064 -0.612403191 2.137426752
0.066104739 -0.292118169 -0.389844682 1.937124100
-0.038971617 -0.176534175 -0.214277583 1.744000286
0.103240957 -0.361410514 -0.248743832 1.788806409
0.076034200 -0.320600378 0.001220703 1.413859606
0.154840033 -0.454570298 -0.283092362 1.897191829
-0.025320062 -0.112266122 0.063439630 1.238781053
0.144650306 -0.469203878 0.044300546 1.278973129
0.001013800 -0.138839922 -0.222760386 1.893213259
-0.004788141 -0.124335069 -0.114949165 1.623685207
-0.095849238 0.130635998 -0.108504269 1.605639499
0.127792577 -0.585017822 0.158633218 0.750799528
0.125206962 -0.575192482 0.095687961 0.989991499
0.448704091 -0.604975982 -1.436087575 2.736273034
0.195857894 -0.427983647 -0.656830112 2.190792819
0.141886737 -0.379409607 -0.383545665 1.944836823
0.055065100 -0.283905805 -0.241841164 1.788961869
-0.045389746 -0.153314510 -0.163239798 1.686780096
0.337389851 -0.727483904 -0.108419035 1.604548952
0.185661904 -0.469546388 -0.206829979 1.771847562
0.064393827 -0.239137044 0.023307213 1.334586903
0.234650802 -0.596676675 -0.055785166 1.500680890
0.161226018 -0.427799676 -0.276389652 2.008071198
-0.019161145 0.023168232 -0.065266699 1.480263815
0.014579996 -0.071306961 -0.102963423 1.585814641
-0.033415782 0.082279529 0.271458470 0.387664564
0.066507025 -0.297427132 -0.217716707 2.246530214
0.552733722 -0.663513334 -1.333981832 2.673828046
0.238222867 -0.443355739 -0.677135031 2.214035293
0.147893543 -0.362059349 -0.345031537 1.915142156
0.100855267 -0.310317245 -0.331698179 1.900475462
0.139912483 -0.361091623 -0.125901073 1.632939234
0.244729721 -0.518317482 -0.183755116 1.719720298
0.294180171 -0.602383248 -0.113101046 1.599608376
0.314312913 -0.640635458 -0.092473063 1.560415209
0.135875331 -0.265916552 0.098868585 1.158597767
0.088984032 -0.158066568 -0.221232123 1.894829380
0.155208185 -0.323626950 -0.098553912 1.588133851
-0.039615864 0.221880378 0.009664891 1.285121209
-0.001294563 0.099252215 -0.057295570 1.499394687
-0.083220559 0.410570996 -0.148736098 1.846868691
0.584786420 -0.662025275 -1.299556571 2.659639278
0.335049202 -0.487209226 -0.709034843 2.246274075
0.167000850 -0.335965713 -0.368774445 1.940039726
0.079985588 -0.240248922 -0.259209368 1.819518138
0.136180339 -0.313302096 -0.230786745 1.782568730
0.562890784 -0.953367764 -0.076612216 1.551306936
0.386953640 -0.654274611 -0.128490375 1.639499808
0.320089797 -0.527233311 0.023611196 1.350506827
0.451654535 -0.803519248 -0.102916931 1.616215883
0.030446343 0.165259573 -0.266192492 1.991749664
0.079333944 0.043040572 0.037788159 1.231798038
0.029691972 0.182038090 0.030750029 1.251504801
-0.043540952 0.416383450 0.009329917 1.320049161
0.058529604 0.028515343 -0.206446660 2.140000142
0.437650781 -0.519627234 -1.322629531 2.694838802
0.343305415 -0.453585478 -0.709555787 2.265687189
0.202960771 -0.327275302 -0.433000223 2.016787187
0.084011100 -0.196430662 -0.241383997 1.806009334
0.222392551 -0.376326541 -0.185731605 1.733661228
0.675157446 -1.055473883 -0.217217751 1.780890447
0.666597091 -1.040921279 -0.080414443 1.548324816
0.513745283 -0.750502849 0.003011228 1.389816044
0.306189732 -0.314636212 -0.079985838 1.564109874
0.340259143 -0.392995855 -0.126310557 1.670656725
0.237623392 -0.136406476 0.021579269 1.300932160
0.066272601 0.343375730 0.064371511 1.181113885
0.103585538 0.223974329 -0.019417806 1.449239702
-0.153973820 1.202699875 -0.153115252 1.957289991
0.115789778 1.066966828 -1.548065635 2.852220283
-0.116375692 1.229482654 -0.758708165 2.299670063
-0.068220480 1.186142965 -0.430067079 2.003893094
-0.057483336 1.174332106 -0.462613867 2.039694562
-0.100221014 1.229891086 -0.178604679 1.670482631
-0.805190014 2.287344585 -0.193916513 1.693450382
-0.545877413 1.846513152 0.017912394 1.333341229
-0.346101944 1.466939766 -0.140277197 1.633901450
-0.291834702 1.352978562 0.114343735 1.099197515
-0.233063940 1.217805813 -0.030977123 1.433435481
-0.317814003 1.429680970 -0.269339922 2.029342480
0.203228097 -0.029236887 0.140078034 0.882972221
-0.058219045 0.807393981 -0.100966907 1.654316044
-0.175358365 1.252523394 0.009119660 1.235987095
-0.010164977 1.042285443 -1.558481548 2.839274572
-0.143360504 1.135522310 -0.772336171 2.288972818
-0.087413171 1.085169712 -0.420831938 1.972619016
-0.031103503 1.023229076 -0.286585195 1.824947596
-0.032712809 1.025321174 -0.220314808 1.738796096
-0.522863144 1.760546676 -0.161207280 1.650134804
-0.392224631 1.538461197 -0.028441559 1.424433071
-0.324726817 1.410215352 -0.221647699 1.791524734
-0.248513461 1.250167311 -0.000050664 1.326170981
-0.030825131 0.749484163 0.115748020 1.059834013
-0.183390209 1.130896860 -0.118005692 1.644218293
-0.059042261 0.782722610 -0.053151237 1.462625823
-0.102491991 0.921761749 0.122594654 0.900238962
-0.012453199 0.579614343 -0.034836831 1.498478598
-0.193203103 1.031898504 -1.579578017 2.847943115
-0.099162465 0.966070059 -0.713640494 2.241786859
-0.062280878 0.932876632 -0.399869585 1.959393048
-0.086638958 0.959670520 -0.300345528 1.849916583
-0.003015100 0.850959509 -0.231086557 1.759879924
-0.252695917 1.225480734 -0.151222312 1.640083557
-0.254405232 1.228386569 -0.017756826 1.413192224
-0.264821147 1.248176808 -0.125663921 1.618215703
-0.279847019 1.279731137 -0.096272207 1.556493106
0.013012883 0.606153377 -0.061196074 1.475818002
-0.044176586 0.749127048 -0.011195344 1.350816175
0.017741467 0.575756503 -0.011700687 1.352231137
0.072572640 0.400296747 0.021018191 1.247530727
0.056747649 0.460431715 -0.010199100 1.366156431
-0.070988540 0.784417631 -1.573608015 2.848163175
-0.043685141 0.765305252 -0.687381666 2.227804741
-0.042150607 0.763924171 -0.439929261 2.005097582
-0.093150470 0.820024023 -0.308743230 1.860792945
0.109665070 0.556363830 -0.278277331 1.821187277
-0.179564314 0.990207906 -0.071584565 1.511148129
-0.342688683 1.267519341 -0.113431852 1.582288518
-0.035981549 0.684775793 0.008113983 1.351351435
0.149308109 0.295667529 -0.287445119 1.972025521
-0.210442493 1.123093897 0.084856132 1.115732661
-0.100605504 0.848501424 -0.117390969 1.621350415
0.034851573 0.469221617 -0.161980650 1.746201519
-0.101882832 0.906771717 0.051467029 1.063168934
0.096820077 0.151700673 0.281166153 0.190312276
0.035631957 0.540777116 -1.413674439 2.713267130
0.024531783 0.548547237 -0.670923631 2.193341573
-0.006919800 0.576853661 -0.442352189 1.987627282
0.009977523 0.558266606 -0.205165817 1.726722266
-0.053944277 0.641364943 -0.268836553 1.809494220
-0.014377531 0.582014824 -0.154628717 1.638182466
0.009101334 0.542100751 -0.039142384 1.441855695
0.065568113 0.434813874 -0.203804447 1.754713609
-0.280744068 1.162069422 0.051715362 1.218122036
0.235361997 -0.024974504 -0.163193306 1.712411962
-0.116103111 0.853688266 -0.096531724 1.545758008
-0.020191665 0.585136220 -0.005052983 1.289617535
0.006423196 0.499968664 0.131997090 0.851057297
0.025016145 0.429315458 -0.137366363 1.874638403
0.102567977 0.547212747 -1.374024235 2.697676819
-0.010733009 0.626523435 -0.697388691 2.224031946
0.079899411 0.544954259 -0.349673545 1.911088324
-0.041432097 0.678418922 -0.268474317 1.821769171
-0.075857621 0.723172101 -0.271784598 1.826072536
0.061456248 0.517201297 -0.069789274 1.523079549
0.213700609 0.258385876 -0.218662698 1.776164377
0.172427358 0.336805052 -0.169801177 1.683327488
0.167550405 0.347046654 -0.140894618 1.622623717
-0.069049878 0.891227294 -0.043483366 1.398577843
-0.124116758 1.028894494 -0.040355530 1.390758252
-0.012193021 0.715508035 -0.042685856 1.397283166
0.023351812 0.601764567 0.174886016 0.701053164
0.014241488 0.636383799 -0.279230492 2.426695874
0.140080162 0.350752469 -1.500309199 2.816868648
0.152832428 0.341825883 -0.766757772 2.303382658
0.039737066 0.443611706 -0.453299176 2.021269929
0.065330141 0.415459322 -0.243820039 1.790842873
0.021148617 0.472895302 -0.241051855 1.787244234
0.090940871 0.368206921 -0.164282879 1.672090770
0.224649092 0.140902938 -0.101568735 1.565476723
0.138248553 0.305063962 -0.050746221 1.468913946
-0.009062288 0.614416713 -0.119617553 1.613543737
0.164217910 0.215872266 -0.001215338 1.341218650
0.000618696 0.624870300 -0.180398652 1.789176933
0.120198698 0.290046301 0.082643012 1.052660286
0.021101836 0.607156265 0.149775171 0.837837374
0.061666001 0.453012441 -0.164909969 2.033640891
0.250596270 0.163073696 -1.586502289 2.875927794
0.103122002 0.266305682 -0.766933606 2.302229725
0.146526510 0.227241626 -0.473454482 2.038098520
0.015083110 0.371829369 -0.333661556 1.884326299
0.081229191 0.285839467 -0.143177475 1.636697003
0.244031937 0.041635347 -0.272198851 1.830229066
0.305851360 -0.063457675 -0.053392072 1.458257531
0.244937925 0.052277851 0.125523851 1.118317283
0.063332006 0.433650263 -0.268521841 1.945813198
0.090918519 0.370201284 0.124664873 1.041483775
0.021285021 0.544285031 -0.005177658 1.366090101
0.197468204 0.050972126 -0.179288345 1.853600016
-0.093980248 0.983607186 0.041839487 1.145990944
0.043278339 0.462024562 0.038014504 1.160525881
0.207770330 0.113794127 -1.416664804 2.762235505
0.121367432 0.174276155 -0.794526982 2.326739037
0.131964354 0.164738925 -0.436204568 2.004248873
0.039713099 0.266215308 -0.304272284 1.859123357
0.056402819 0.244518673 -0.210369775 1.737050100
0.492745222 -0.409994933 -0.144302215 1.637948759
0.547613399 -0.503270836 -0.107516089 1.575412344
0.173992875 0.206608152 -0.133332658 1.624463824
0.237109307 0.074063651 -0.144273604 1.647439811
0.141825344 0.293216760 0.098038292 1.090122460
0.027120912 0.579977839 -0.061501672 1.488972370
-0.044462819 0.780412285 0.107155715 1.016731696
0.143808845 0.177942951 -0.140060805 1.807824570
-0.118169866 1.173462040 -0.172311972 1.930379004
0.028891938 0.161891527 -1.528874727 2.867404149
0.099218121 0.112663199 -0.782961892 2.345265173
0.035728878 0.169803516 -0.487170103 2.079052571
0.083824054 0.116898822 -0.391256353 1.973547443
0.178640070 -0.006361994 -0.186198309 1.706971996
0.710749606 -0.804526298 -0.185629681 1.706119054
0.604510076 -0.623919094 -0.161640106 1.665336774
0.354796775 -0.149463827 0.123007938 1.124505499
0.126948028 0.329018519 -0.035483829 1.457338193
0.516597505 -0.567175259 -0.191059067 1.815161234
0.099746799 0.474951506 -0.066975366 1.504951981
0.177391576 0.257546135 -0.115888687 1.641909278
-0.156110947 1.324754226 0.116288084 0.898943598
-0.059472699 0.957528885 0.336412658 0.062470227
