0.000467468 -0.007085950 0.070096557 0.896030513
0.037472117 -0.032989204 -0.082778638 1.003043147
0.007977604 -0.006444142 -0.001693070 0.930066138
-0.031073134 0.036511670 -0.104202665 1.042826696
-0.004728796 0.002264033 -0.027310842 0.942867329
0.003635906 -0.010283020 -0.074047131 1.012971762
-0.003596471 0.002012020 0.006938877 0.875295545
0.024564931 -0.051494644 0.028541694 0.834250193
-0.005665004 0.011988219 -0.069872720 1.040920454
-0.063628708 0.145304734 -0.037602773 0.966699578
0.123281604 -0.321971046 0.015312038 0.834412549
-0.087399024 0.267934703 -0.044449557 1.001745013
-0.000740515 -0.009372531 -0.006777844 0.881195529
0.106630859 -0.417383746 -0.034165384 0.985268182
0.019167807 -0.013025130 -0.078835492 0.998168352
-0.007552142 0.005678835 -0.050465170 0.978309126
-0.008166448 0.006231710 -0.077159684 1.002334189
0.001599095 -0.004510388 -0.038827970 0.960169302
0.053477247 -0.071951982 -0.096474863 1.035110260
-0.120902191 0.189617174 -0.031977586 0.938364345
-0.014794428 0.009233972 -0.133713532 1.111315457
0.136676996 -0.278561731 0.022863158 0.813819751
-0.049798403 0.113036590 0.004531740 0.852315727
0.030558687 -0.071784713 0.010675785 0.838184423
-0.042772627 0.111543573 -0.072371773 1.045803317
0.106785549 -0.307219313 -0.119954766 1.179035697
-0.222450102 0.746334785 -0.029793585 0.890519914
-0.066840718 0.155019133 0.083578606 0.459705591
-0.006557570 0.002330480 -0.101374096 1.020778093
0.040137417 -0.030356011 -0.067555610 0.997105153
-0.010747642 0.015440541 -0.102175450 1.028263008
-0.054644063 0.063726606 -0.048833209 0.969586542
0.027347661 -0.042862632 -0.055558072 0.978328864
-0.047278718 0.069076937 -0.122572452 1.078850434
0.029633717 -0.061674206 -0.023314961 0.910112694
0.042585090 -0.086281815 -0.122896775 1.099318138
-0.021910743 0.049159428 0.023317928 0.792267277
0.001413978 -0.004487428 -0.053793179 0.969622818
0.118286397 -0.296668477 0.108764984 0.563227412
-0.176208480 0.527917166 -0.099445707 1.146217335
-0.029142597 0.057306332 0.012207530 0.788926972
-0.108498136 0.358857379 -0.107591904 1.244164814
-0.032705972 0.021925857 -0.059242848 0.991381051
0.021478935 -0.016003577 -0.083062058 1.008054497
0.008207515 -0.004059299 -0.044616450 0.973453451
-0.043705755 0.053045298 -0.082134038 1.014722799
0.049372497 -0.067956425 -0.035018018 0.953471976
-0.072305795 0.114561014 -0.085857788 1.029731630
0.001854227 -0.011511027 -0.076788393 1.014313659
-0.136253296 0.250893262 -0.012975936 0.893069991
0.049584301 -0.139365672 -0.095601357 1.066583368
0.213673241 -0.516770227 -0.220249541 1.353274184
-0.078449150 0.213535750 0.087186907 0.584683066
-0.169124507 0.467426745 -0.079494845 1.051391962
0.080836928 -0.332449859 0.054677833 0.622039387
0.076099972 -0.314449425 -0.042876976 0.992747657
-0.053569249 0.037200505 -0.098435587 1.017398271
0.006193847 -0.004633661 -0.078218286 1.003246161
0.018048923 -0.015303229 -0.081271510 1.005994062
-0.002514472 0.007316505 -0.036431564 0.956670121
-0.007049475 0.013212009 -0.015620586 0.929615850
-0.009032855 0.016187079 -0.037913611 0.963055388
-0.028521507 0.049317789 -0.190213093 1.221964514
-0.117791230 0.218930261 0.106540956 0.658131828
-0.086736752 0.153715859 -0.226755684 1.358054741
0.097855064 -0.270845308 -0.026961261 0.898527576
-0.119552209 0.272672875 -0.000262459 0.831780573
0.129470969 -0.424592012 -0.022396440 0.893755718
-0.141005183 0.440931687 -0.043373214 0.960881396
-0.051562156 0.101048188 0.009196699 0.761115728
0.005134106 -0.001664722 -0.071237986 1.005072864
-0.004318928 0.004952402 -0.030800106 0.976766349
0.030568868 -0.026446614 -0.132459669 1.068259953
-0.042476010 0.053902754 -0.090901884 1.022546389
0.034552951 -0.046234892 0.041280677 0.850709066
-0.045313445 0.073564702 -0.047437835 0.983786834
-0.000624510 -0.002406489 -0.074084130 1.029085536
-0.067884641 0.125387758 -0.032155823 0.949421755
-0.074328204 0.138919238 0.040605059 0.796623910
0.346111070 -0.828091071 -0.138178137 1.207825251
-0.186936363 0.504527513 -0.085044318 1.074990704
-0.047481431 0.114053707 0.003702938 0.826498392
0.070391405 -0.263139371 -0.087307805 1.117732772
0.098277143 -0.369105175 0.028256701 0.678587655
0.022331982 -0.012783779 -0.082351868 1.003631803
-0.012282384 0.011446277 -0.036586823 0.971596272
0.019226728 -0.016911923 -0.096998788 1.025967038
-0.044694203 0.053401102 -0.029396723 0.951604766
-0.049705328 0.059915565 -0.113820705 1.061355938
0.112729982 -0.183737400 -0.001888275 0.893457293
-0.054436432 0.100445510 -0.080128341 1.026465409
0.058325659 -0.113802460 -0.050059873 0.969335321
-0.074727005 0.165608123 -0.026175075 0.919177248
0.082613699 -0.196275489 -0.140154924 1.181330895
-0.067250699 0.178385506 0.009303889 0.807683862
-0.000824153 -0.007608820 -0.128024637 1.192203728
-0.090379040 0.278966824 -0.065149775 0.991004165
-0.096598255 0.302599839 -0.178166788 1.420468809
0.021212659 -0.014977969 0.014038683 0.945292830
-0.001861487 0.001173933 -0.062994067 0.999215754
-0.024124883 0.021210989 -0.099722123 1.032271004
0.011480849 -0.017955317 -0.049534160 0.977064243
-0.011738577 0.012229935 -0.120139987 1.068851815
0.037026682 -0.060917952 -0.123004586 1.073148713
-0.018048349 0.032709603 0.064837062 0.753817903
0.101214371 -0.193889562 -0.070977236 1.011865066
0.005346852 0.007432218 -0.153825246 1.185845879
-0.026388162 0.080422749 -0.026139611 0.892168924
-0.087199160 0.232450243 -0.108294107 1.097555164
-0.148529009 0.404173819 -0.109970245 1.102248352
0.082940199 -0.336527659 -0.071287862 0.978464723
0.109562499 -0.437692395 0.107114470 0.300535868
0.034508816 -0.025245292 0.040204825 0.926686971
0.018329400 -0.013919700 -0.063712601 0.999429168
0.020735397 -0.016085098 -0.104006206 1.035693412
-0.082969022 0.097989766 -0.169383050 1.107607942
0.007700420 -0.019880505 -0.034988514 0.932895052
0.009143469 -0.022045078 -0.117969783 1.057366955
0.100812163 -0.177881863 -0.111908953 1.047063543
0.010246284 -0.005806695 -0.052796919 0.934750681
-0.234973403 0.509154624 0.010334251 0.802175230
-0.163310578 0.344330132 0.104721760 0.585083964
0.026500204 -0.130196825 -0.021986567 0.901854782
0.014398858 -0.096313056 0.056662844 0.681636434
-0.024699958 0.028803156 -0.039117144 0.988132399
0.063702502 -0.307126185 0.221480219 -0.002137566
0.044724183 -0.037554044 0.171864043 0.836875791
0.085445119 -0.066058699 -0.061272386 1.000071289
-0.035603598 0.042885143 -0.092533209 1.028206028
-0.065672923 0.075961401 -0.047623234 0.978805055
-0.019885506 0.016437762 -0.090684571 1.034784791
-0.020005861 0.016618294 -0.017763372 0.925402993
-0.062182987 0.088319410 -0.011172001 0.914197661
0.099422245 -0.218730527 -0.045908110 0.980196268
-0.163470202 0.333343588 -0.087463239 1.067462035
0.078698853 -0.223645228 -0.029239946 0.933548463
-0.170147862 0.398471560 -0.034500366 0.946699514
0.083425044 -0.311532564 -0.084306429 1.086156487
-0.046860372 0.105380772 0.100469208 0.494874441
-0.034938252 0.060076716 -0.073498343 1.155951126
0.039502434 -0.025183645 0.089771753 0.912524280
-0.001467798 0.003495517 -0.044559541 1.006556184
0.017826189 -0.013869071 -0.011492369 0.976795730
-0.014069667 0.021216371 -0.112418275 1.087814229
-0.037968490 0.052284839 0.014747974 0.922498112
0.007484143 -0.015894109 -0.058090673 1.031756082
0.001875495 -0.006359407 -0.005078020 0.941634569
0.010301832 -0.022369449 -0.047366338 1.021982373
-0.028648467 0.059426176 -0.100338733 1.133224398
-0.002992376 0.000417168 -0.050595987 1.018816083
0.044609336 -0.118587111 0.082010441 0.687300014
-0.012491922 0.041296409 -0.200065327 1.477112150
0.082331453 -0.262138396 0.106758194 0.495276869
-0.051985489 0.248265974 0.145594859 0.347697545
0.011471150 -0.004997763 -0.006541908 0.981884688
-0.014227289 0.012991143 -0.069487695 1.025946738
-0.014510662 0.013246179 -0.060442970 1.017806486
-0.049713770 0.051969599 -0.047720390 1.003811648
0.004837167 -0.018946617 -0.087067464 1.054962842
0.087506799 -0.142951065 -0.018053647 0.951442116
-0.017077945 0.034843005 0.029487620 0.870621960
-0.013198127 0.027471350 0.056673905 0.818968020
-0.033969840 0.071091947 0.000380576 0.937184006
-0.038248210 0.080932197 -0.093236543 1.152503375
0.015766098 -0.054103574 -0.246220668 1.534963686
0.004201046 -0.021721428 0.149208272 0.427762675
0.022667090 -0.080812768 -0.045803892 1.051801608
-0.031435971 0.124778860 0.121322281 0.416722157
-0.004450399 0.006174534 -0.026237668 0.993033201
-0.024485492 0.020199099 -0.078329151 1.029497238
-0.016702545 0.013194447 -0.014538761 0.972085890
0.025730418 -0.033481814 -0.061191342 1.023403730
-0.037063153 0.048149825 -0.044970204 1.002316250
0.074472205 -0.119153211 -0.142966177 1.149310210
-0.123346639 0.217138833 0.052643437 0.816773857
0.153820314 -0.309478370 -0.074563649 1.058467318
-0.084903374 0.191841350 -0.015542503 0.934522918
-0.102042830 0.231262098 0.031754367 0.825740118
0.064041625 -0.183949038 -0.091230089 1.133201258
0.101475449 -0.288763745 -0.091173925 1.133043999
0.039738659 -0.091206013 -0.018219851 0.899590959
0.101955544 -0.327630172 0.129448779 0.338450170
-0.006775747 0.005022647 -0.063590113 1.021182450
0.001352610 -0.000667203 -0.098138457 1.045366290
-0.031376127 0.028788660 -0.020585055 0.975568230
-0.014087973 0.009771689 -0.095540915 1.058019678
-0.008591970 0.002626886 -0.109106574 1.075655034
0.012571581 -0.029118440 0.019311006 0.883028663
0.052007987 -0.096160333 0.024265060 0.874606772
0.003488390 -0.003973099 -0.087067814 1.086139229
0.030598917 -0.060905204 -0.001527071 0.906503676
-0.022350260 0.060877902 -0.220358021 1.409814852
0.019063847 -0.042657367 0.125918210 0.544124275
-0.072352711 0.213308990 -0.147195572 1.308842852
-0.019658593 0.044687811 0.042858329 0.700670358
0.062353133 -0.266956742 0.026580618 0.762525658
-0.021787126 0.014733603 -0.045869055 1.007943840
-0.024479824 0.016618492 -0.099354988 1.045383993
0.023346469 -0.026425171 -0.061351642 1.011180982
0.004011944 -0.005157193 -0.045456008 0.993695785
0.004145978 -0.005331437 -0.066554829 1.021124250
0.020892932 -0.030451869 -0.014918741 0.943670118
0.030239801 -0.046341546 -0.002964736 0.923348310
-0.091057136 0.184122630 -0.041400209 0.996375707
0.105420992 -0.228481418 -0.045211602 1.004379633
-0.056142846 0.143115401 0.085766593 0.703129790
-0.023659790 0.061907762 -0.090287739 1.143265621
-0.040449379 0.108918608 -0.145939554 1.299090698
0.032211247 -0.123595397 -0.037700838 0.952726802
0.158265766 -0.602602563 0.152144888 0.231313052
-0.035852644 0.023743654 -0.012711585 0.982691676
0.020232448 -0.015515910 -0.091943150 1.038153770
-0.006755015 0.008772807 0.000751614 0.954728484
0.005435284 -0.004636523 -0.073542919 1.036452473
-0.024672218 0.034503228 -0.062726721 1.022391416
-0.029225103 0.041332555 -0.003964006 0.934247343
-0.033938091 0.049344636 -0.047936457 1.009000512
-0.034545295 0.050498323 0.083621770 0.759039884
-0.069377611 0.123646183 -0.174305099 1.300686285
0.140376556 -0.358788390 -0.194357587 1.346807006
0.079924679 -0.207658698 0.020615064 0.809375377
0.001030466 0.013245093 -0.015925761 0.911689687
-0.045244187 0.161323987 -0.129384717 1.274758351
0.102229938 -0.399077683 0.215442193 -0.035583892
-0.007309172 0.003991891 -0.017997028 0.987242938
0.025601176 -0.019045352 -0.063299242 1.018954488
-0.037492618 0.037739060 -0.062260911 1.018019989
-0.028123566 0.027433104 -0.111223201 1.071878509
0.039263874 -0.060170566 -0.039651086 0.978834764
-0.087919059 0.130603835 0.031433694 0.872207593
0.092541452 -0.176179044 -0.006132128 0.936069493
-0.219270826 0.416264277 0.031268012 0.865009228
0.054053595 -0.157716982 -0.103805934 1.148664502
0.100290900 -0.264062781 -0.103497779 1.147955743
0.069135054 -0.186173164 0.041471528 0.785532478
-0.010004636 0.035417964 -0.074412358 1.110007352
0.042996192 -0.134184689 0.082128160 0.609077686
0.077538250 -0.265444509 -0.116682656 1.364558777
-0.032641932 0.024643400 -0.056017939 1.004667552
-0.091568363 0.065891901 -0.064100627 1.010325434
0.042778085 -0.055019898 0.011804101 0.942011180
-0.002113814 -0.005638808 -0.086030395 1.049629128
0.032840735 -0.051079720 -0.139662292 1.119350592
-0.014473554 0.019891713 0.024527902 0.873065302
0.007802567 -0.017977695 -0.013099019 0.937031069
-0.115959821 0.217170840 0.029807101 0.855509440
0.023991693 -0.076727325 0.024123782 0.867444410
0.138692623 -0.340539458 -0.089926400 1.129759824
0.001949108 0.001319329 -0.128240407 1.225544841
-0.005180571 0.021282430 0.092737802 0.606805868
0.027950653 -0.084737491 -0.023265783 0.978017343
-0.128958424 0.511516996 -0.044887367 1.060179361
-0.003707842 -0.000494124 -0.005021096 0.964060605
0.024484310 -0.020228631 -0.051258507 0.996426792
-0.046085227 0.043283951 -0.046625722 0.992257286
0.020254801 -0.029690081 -0.056825599 1.003477150
0.017955363 -0.026700813 -0.032542340 0.971908915
-0.109738223 0.164839567 -0.066208824 1.022408641
0.030777191 -0.074036643 0.054373761 0.817418242
-0.044766182 0.069495764 -0.038322224 0.993540610
0.116948845 -0.270105777 0.039682975 0.829729700
0.041378689 -0.096294423 -0.104427015 1.161182669
-0.047038059 0.124747447 -0.075151336 1.087993473
-0.034223275 0.088866051 -0.006451307 0.895633395
0.072120247 -0.251433223 0.041385995 0.742554026
0.156982408 -0.573909432 0.019902886 0.824189838
0.042381236 -0.029075750 0.122453876 0.878087308
-0.041269479 0.029479749 -0.085486477 1.023645553
-0.000757403 -0.006981118 -0.028887682 0.972706639
-0.004924235 -0.002397603 -0.119653089 1.072548588
0.045738220 -0.068258791 -0.016879733 0.938943231
-0.077941992 0.117261526 -0.039165011 0.972371147
0.038296161 -0.080343339 -0.015576487 0.932270656
-0.065508601 0.116885707 0.030625772 0.844486366
-0.076005012 0.138928169 -0.056430982 1.027305540
0.163868333 -0.412780515 -0.218023904 1.398969252
0.042861663 -0.110263840 -0.195966593 1.343825974
0.062572822 -0.165455084 0.170397867 0.318005505
-0.028530404 0.126075245 0.085415556 0.589948905
0.100563554 -0.364481790 0.008545816 0.882053910
-0.039817587 0.025033730 -0.064897541 1.020074071
0.096745302 -0.070560291 0.279519873 0.778981886
0.005122264 0.011900442 -0.029553764 1.057148152
-0.029999536 0.050534422 -0.022206314 1.049065957
0.077919778 -0.089760681 -0.005878805 1.027840195
-0.047585059 0.098496575 -0.019966955 1.048972421
-0.046513209 0.096674430 -0.040444746 1.083784666
-0.058947072 0.120298769 0.005598666 0.996302184
0.049886348 -0.108251403 0.220285602 0.545459640
0.046946621 -0.101490030 -0.084540824 1.246560404
-0.060446798 0.166993518 0.052649983 0.903583386
0.080718494 -0.228269294 -0.052903580 1.199133358
-0.027804163 0.119003215 0.061274578 0.833763247
0.240801372 -0.901697806 0.121764101 0.603903063
-0.017196422 0.013350063 -0.023304821 0.993559123
0.082471828 -0.056417711 0.232104971 0.814772271
0.036884100 -0.015388757 -0.028172725 1.049022191
-0.052511031 0.082945889 0.020134456 0.995884291
0.036424548 -0.032670359 -0.037697545 1.071065889
-0.100838935 0.173224866 0.097219921 0.868689691
0.079096769 -0.132665839 0.004290344 1.026669976
-0.112600299 0.231558585 0.066460991 0.908545749
0.081537833 -0.176131474 -0.154859983 1.373319772
0.010075655 -0.011768469 0.128312080 0.722024040
-0.058336818 0.159262715 0.044879920 0.930604440
-0.001244800 -0.000594934 -0.091467478 1.312377149
-0.048505583 0.150639575 0.188804100 0.415508086
0.018789620 -0.105082195 -0.039397182 1.282672949
-0.040204142 0.026128573 -0.066542927 1.016094836
0.076902868 -0.055846333 0.272221283 0.778959892
0.021818052 -0.006269999 -0.048579562 1.067680645
0.012625283 0.003842046 -0.005538466 1.020335438
-0.051642448 0.087390094 0.013136265 0.996058290
0.006701940 -0.000126488 0.016782280 0.990589267
-0.005276443 0.020236762 0.053141732 0.928778196
0.035782860 -0.057775912 0.057872554 0.919789634
0.044970800 -0.077070584 -0.043932785 1.133580837
-0.135182253 0.337281428 0.031958811 0.959030170
0.030972443 -0.078105311 -0.083659503 1.248075956
-0.022432174 0.071427613 0.061556980 0.841469809
0.065068308 -0.208573933 0.175451863 0.477006179
-0.061301383 0.271630888 -0.044358524 1.312285640
0.020426820 -0.005072051 -0.042882862 0.999089034
0.023493433 -0.007218680 0.297971386 0.760491064
-0.003507723 0.017082360 -0.006844400 1.034825264
-0.008631454 0.022718464 0.006122591 1.020561573
-0.030239215 0.050808552 -0.110905740 1.172698399
-0.030533034 0.051249280 0.018543597 0.978524394
0.021715255 -0.037572814 -0.010499362 1.027897424
-0.005596130 0.014318817 0.111244957 0.796583222
-0.043294014 0.093484371 -0.029594891 1.092346889
0.141675785 -0.331946159 0.019186731 0.980149161
-0.034114500 0.107529555 0.002950828 1.020738918
0.051123055 -0.131135595 -0.022625322 1.092352136
-0.098626837 0.348064066 0.132589361 0.595665143
0.084250931 -0.346871443 0.065565709 0.850355017
0.007796137 0.003072806 -0.067581538 1.020282688
-0.015298087 0.019238763 0.307613630 0.757646075
0.020699072 -0.013158680 -0.006532071 1.040377198
-0.029614981 0.042186780 -0.024451026 1.060088049
-0.002902336 0.007460342 -0.072948915 1.123135302
0.004512648 -0.003662133 0.060997591 0.922215543
0.041554885 -0.066633939 -0.084442526 1.169463749
0.002215822 0.008110281 0.067781830 0.880237475
-0.126615951 0.278656993 -0.010938642 1.045550459
0.214365577 -0.505600505 0.059776292 0.882906115
-0.141597503 0.384307193 -0.039865977 1.132011787
-0.000738923 -0.010096824 0.018278654 0.969206823
0.067044482 -0.227003724 0.245496471 0.242109798
0.144417125 -0.521019761 -0.154896686 1.763603775
0.010010366 0.001333659 -0.086318856 1.034237626
-0.011854901 0.016639345 0.272468047 0.783086798
0.015219169 -0.007727317 -0.005699395 1.033437489
-0.037994013 0.050807184 0.009284023 1.016955729
0.003665960 -0.003350778 -0.070540888 1.120728110
-0.018956745 0.030583279 -0.002722740 1.019000887
0.107909546 -0.185089422 -0.009478334 1.030485398
-0.084081912 0.179694345 0.117438478 0.789343459
0.014784383 -0.027924866 -0.006241797 1.049072023
0.078084236 -0.173514525 0.077042561 0.857518004
-0.014442251 0.057801693 0.027263169 0.981966485
0.005031585 0.003274951 -0.129607885 1.421205428
-0.045361233 0.164531971 0.114771941 0.639189974
0.130852891 -0.505081691 -0.106927610 1.481648256
0.077636063 -0.044003483 -0.090105539 1.031688633
-0.019704789 0.024135112 0.357323012 0.718488653
-0.019685689 0.024117922 -0.041940202 1.077825536
-0.000825291 0.003371483 -0.025494108 1.059734832
-0.017941684 0.025622794 0.009166596 1.014675919
0.028083560 -0.043415072 0.012759563 1.009286468
0.043476233 -0.069582616 0.047409551 0.950381486
-0.017549779 0.046366804 -0.004832746 1.049641851
0.063247740 -0.123307978 0.008169411 1.022337322
-0.062881181 0.166788534 0.010118482 1.017854458
-0.014042554 0.044691966 0.014731489 1.006321941
-0.017100623 0.053254560 0.046931196 0.916162763
-0.033597055 0.106043142 0.047853001 0.913212988
0.086459630 -0.350172253 -0.168605978 1.735757098
0.064689990 -0.034848190 -0.162384520 1.079251294
-0.057856941 0.050934661 0.346156379 0.723272671
-0.020337697 0.017167342 -0.018668170 1.051614757
0.011828069 -0.018215001 -0.005388262 1.037006857
-0.049565662 0.061596846 -0.042105903 1.084739789
0.055894539 -0.096593455 0.004801153 1.014379205
0.104789303 -0.179714557 -0.019299395 1.055350137
-0.162197228 0.327559845 0.039168610 0.944260929
0.032916124 -0.082178175 0.127626627 0.758499102
0.077307199 -0.184277645 -0.063358530 1.197764955
0.036285088 -0.081722367 -0.032875940 1.121558481
0.046035059 -0.109022286 -0.048793543 1.166127766
-0.081254867 0.298305482 0.179533987 0.435479660
0.106734976 -0.416055912 -0.170374895 1.765133396
0.052619461 -0.024451333 -0.113173730 1.051815334
-0.091484497 0.076421436 0.346266350 0.730207284
0.006273501 -0.011560760 -0.011321304 1.052036163
-0.001321149 -0.003206644 -0.060477874 1.106108393
-0.016734894 0.016831223 -0.070741756 1.119451438
0.061951433 -0.101198266 0.047346938 0.942318397
-0.039638023 0.071503812 -0.018051273 1.053495359
0.000012777 -0.003832705 -0.002318622 1.023603322
-0.003643041 0.003844511 0.107386683 0.793222193
0.113928738 -0.266570575 0.024111861 0.984754279
-0.035959148 0.108149140 -0.022167368 1.100452352
-0.069625169 0.202413997 0.073619765 0.832248383
0.020543435 -0.086125539 -0.012812616 1.108832009
0.171277965 -0.658916747 -0.033634158 1.187953866
0.006429032 0.000215058 -0.128260263 1.055575673
-0.069644479 0.053466514 0.421912099 0.670455026
0.003169723 -0.012066265 -0.035467139 1.082096330
0.014840712 -0.024904353 -0.072167542 1.122466773
0.001776095 -0.007920351 -0.052978384 1.097520869
0.015919925 -0.029136098 0.053793179 0.937363525
0.064598179 -0.111889130 0.010729436 1.010571890
-0.095020287 0.191385951 0.046127455 0.943315655
0.096404073 -0.210605188 -0.114685866 1.281023613
-0.002925493 0.017852810 -0.092800834 1.230688040
-0.048923570 0.132848002 0.199304056 0.500425816
-0.000143603 -0.003735903 -0.038723936 1.166904183
0.080999477 -0.263393763 0.134298227 0.613233253
0.061965588 -0.191064987 -0.201143932 1.887913442
0.019846043 -0.018794210 -0.073186462 1.019859406
0.089654066 -0.067659825 0.401613140 0.687499690
-0.042243646 0.051048112 -0.060591087 1.103483484
0.008261668 -0.004507734 -0.022205122 1.061258921
0.018676743 -0.018047331 -0.045218457 1.091176255
-0.044868427 0.077270424 0.066122397 0.924164974
-0.054182562 0.093104453 -0.016098028 1.063939701
0.065873954 -0.135002923 0.039988770 0.957374785
0.009271893 -0.016138600 -0.130046575 1.314448994
-0.074752137 0.177116664 0.146087373 0.679340926
0.039561219 -0.108666727 0.017944975 0.999696923
0.024139522 -0.065485975 -0.049246836 1.187833989
-0.012498567 0.051755913 0.092932001 0.732861706
0.011277329 -0.038592493 0.143499681 0.540704523
-0.018644993 0.010538991 -0.090574330 1.028510782
0.065258603 -0.048193525 0.381839894 0.697820831
-0.025444956 0.033439676 -0.057952390 1.093633876
-0.010467926 0.016964943 0.035662664 0.990657315
-0.001779733 0.005670291 -0.059880600 1.114863553
0.025353780 -0.035029977 0.003417133 1.019916953
-0.014823988 0.033272230 0.019474633 0.992619204
-0.042970989 0.086751531 0.053117294 0.928698147
0.088365109 -0.189054263 0.011089442 1.016956634
0.062547367 -0.129673457 -0.110363338 1.296298021
-0.079336713 0.225036743 0.038685805 0.923675164
-0.019079493 0.056316532 0.063899740 0.853076146
-0.036638584 0.112505621 0.183385441 0.470721898
-0.021576126 0.055268283 -0.099567330 1.545942414
-0.015285239 0.006689133 -0.070086424 1.014910253
0.060655115 -0.046469114 0.406906033 0.681015539
-0.032579507 0.037442044 -0.069612248 1.109881981
0.014811665 -0.014688246 0.007428530 1.025137123
0.028794611 -0.032866075 -0.037869206 1.084024177
-0.041840096 0.073085984 -0.035688273 1.080752777
-0.003488088 0.007887570 0.008123520 1.006272728
-0.060456788 0.116128098 0.127703593 0.779070592
0.054190132 -0.124630424 0.020377035 1.004456353
-0.047118667 0.108379809 0.072417838 0.884762509
-0.024472429 0.051764215 -0.050453353 1.191940487
0.004302735 -0.028806243 0.043956925 0.927591713
0.127754174 -0.423850855 0.114246228 0.702665941
-0.145126683 0.613096390 -0.173089887 1.794543163
0.005729096 -0.002295985 -0.063579086 1.013612153
0.034721357 -0.022590568 0.376877807 0.705292333
-0.000892752 0.009462130 -0.019589062 1.062112506
-0.026091835 0.037181122 -0.040852442 1.085502224
-0.053805724 0.073209176 -0.059652314 1.109942057
0.006148674 -0.016722421 0.011403558 1.003358249
0.039163985 -0.072848451 0.039311065 0.955915485
0.062864246 -0.117878947 0.022947200 0.987006828
-0.038006148 0.093948871 -0.023207063 1.083930777
-0.114475880 0.269829252 0.048475254 0.919061451
0.065741478 -0.180714144 0.083399627 0.831750519
-0.053187137 0.152285974 -0.045957256 1.193949786
0.038506159 -0.141132579 0.016723278 0.993372073
0.172019420 -0.648482965 -0.200315726 1.818120277
-0.000096741 0.002959000 -0.078530316 1.027172508
-0.045783238 0.034939548 0.326701720 0.743510088
0.036551895 -0.039162070 0.020349021 1.019227510
-0.000651723 0.001761911 -0.048565286 1.095033249
0.033549849 -0.042700131 -0.060653076 1.110747375
-0.035366840 0.060674902 -0.062737450 1.113873936
0.001133384 -0.001375480 0.146535091 0.758110606
0.006766644 -0.012078675 0.046932714 0.947355120
-0.057734179 0.123373048 -0.016856786 1.081313064
0.000166427 -0.009798344 0.096155978 0.821383712
0.059022233 -0.156937858 -0.059570481 1.210699860
-0.026223970 0.081751506 -0.037291041 1.148317430
0.047983164 -0.155711326 0.020252867 0.964176922
-0.074414229 0.309398760 -0.084388038 1.361812353
0.005119078 -0.000523651 -0.098043388 1.035537812
-0.009885750 0.009979728 0.364049993 0.712072451
0.009324328 -0.007309342 0.020366902 1.021387224
-0.003586450 0.006892515 -0.057570359 1.107118213
-0.013561539 0.019860129 -0.082749109 1.139850587
0.019717675 -0.030058691 -0.011410710 1.032842990
-0.006729520 0.014901542 0.083323151 0.871795421
0.007880268 -0.012857055 0.060016534 0.916077992
-0.061909658 0.133701783 -0.039041629 1.124100125
0.115640755 -0.274664159 0.026587838 0.973152355
-0.163431433 0.423016310 0.008041065 1.019519286
0.051672726 -0.179275323 0.032552473 0.950887346
-0.011875343 0.024078499 -0.020673676 1.121211024
-0.070361003 0.246324006 0.007074327 1.015768616
-0.001204035 0.004504193 -0.061374906 1.009867074
-0.024354832 0.020709751 0.235785260 0.801854961
-0.012081604 0.009663846 0.127025812 0.899738461
0.011057463 -0.015789128 -0.038299574 1.081596390
-0.004296751 0.004171349 -0.038261404 1.081546770
0.023536637 -0.037578733 -0.000887513 1.025485933
-0.008553646 0.016974749 0.030165922 0.972695092
-0.047954082 0.091835577 0.089167388 0.860592307
0.065924854 -0.147310178 -0.017220374 1.084006597
0.039856960 -0.087354022 0.003263950 1.036892654
-0.047862441 0.131944480 0.015811128 1.005524709
0.081859239 -0.231276219 -0.119438441 1.384223495
-0.085586314 0.304549559 0.124540349 0.603491356
0.151087620 -0.594811379 -0.023935141 1.167698209
0.002020034 0.003592892 -0.090265577 1.030218336
-0.068852393 0.053203590 0.261293665 0.784126870
0.027700280 -0.033693813 0.068064912 0.958032743
0.003025512 -0.006551568 -0.014716392 1.049092180
-0.032311585 0.039386657 -0.054633008 1.100983779
0.023575711 -0.044444287 0.018633600 0.991083867
0.098622656 -0.172024097 0.004962088 1.014325437
-0.086775235 0.180231892 0.017302639 0.990878392
-0.050345139 0.103728691 0.131322114 0.751437504
0.016481402 -0.049972349 0.001660585 1.049659015
0.035851680 -0.098398042 -0.014465255 1.089973614
-0.051027758 0.144864379 0.019452269 0.995004549
-0.029846624 0.077084749 -0.061369945 1.253635639
0.046034088 -0.211261952 -0.018441976 1.090509358
0.020213667 -0.008574554 -0.081313555 1.022559973
-0.065991244 0.051768883 0.227582170 0.806332969
0.010422722 -0.017003685 0.132413475 0.891984792
0.038905655 -0.048334912 -0.017832524 1.057255395
-0.042350863 0.057298557 -0.034791819 1.079302477
0.007356557 -0.017262573 0.014394518 1.005522972
0.064380872 -0.114203911 -0.006626847 1.041259293
0.059687056 -0.105285660 -0.054737945 1.132670379
-0.094867878 0.219279687 0.017584558 0.980793129
-0.025622642 0.060015647 -0.040487637 1.114359176
0.040291680 -0.104770159 0.003284614 1.004928548
0.058467910 -0.155663601 0.124792129 0.664707512
-0.139582974 0.478099236 0.047494578 0.912059678
0.038327412 -0.197960221 -0.155855054 1.684788270
-0.037464901 0.027295456 -0.102096206 1.040584627
-0.061774510 0.044312182 0.187867295 0.837610180
0.012661244 -0.022679995 0.155059658 0.867137052
-0.016092119 0.008948705 -0.026388178 1.066729676
0.004676374 -0.018050336 -0.040222993 1.084714935
0.031036571 -0.057590631 -0.026088351 1.063512972
0.009247544 -0.020549283 0.096862351 0.854496773
-0.032780721 0.059304419 -0.068264032 1.168236896
0.043265902 -0.100393482 0.010169742 1.003525978
0.019452515 -0.045622694 -0.014516708 1.060304812
-0.058377319 0.148951892 0.074633769 0.837428620
-0.068648856 0.177712194 -0.097689903 1.319934894
0.045573599 -0.187799667 0.174596933 0.448617004
0.075284900 -0.300702609 -0.205283773 1.892163671
0.004990199 0.012711581 0.064157847 0.904967604
-0.046550679 0.048790195 -0.053335431 0.987212898
0.019845718 -0.010966560 -0.062006101 0.995016500
0.003442882 0.007076560 -0.117055518 1.055570860
-0.025900575 0.045223052 -0.033691219 0.947197276
-0.083557117 0.131707865 -0.071639998 1.004120443
0.035744794 -0.071105389 0.058545193 0.782805613
0.038301385 -0.075962911 -0.022086509 0.936005845
-0.175672914 0.373383095 -0.057350085 1.010059352
0.067028052 -0.184829115 -0.061843380 1.020393931
-0.072011195 0.162769004 -0.047133572 0.983619411
0.072692341 -0.242400890 0.002131462 0.845677318
0.080881489 -0.268606164 -0.012160641 0.891412046
0.084587974 -0.282690808 0.227795406 -0.020420920
-0.014830850 0.016545405 -0.042910280 0.976825030
-0.009441870 0.012773120 -0.070922975 0.996433916
-0.093944802 0.088825757 -0.112196776 1.033580336
0.034193390 -0.052126258 -0.019164986 0.931245365
0.060557317 -0.086399362 -0.080334227 1.010765375
0.009571142 -0.009920098 -0.064550921 0.987090416
-0.025095651 0.049013451 -0.077019063 1.008286258
0.037092634 -0.069144289 0.026907930 0.810824973
-0.056597657 0.127605313 -0.060159550 0.993666673
0.045755480 -0.107806896 -0.075138193 1.028117552
0.026152683 -0.058799905 -0.047567494 0.959190805
-0.078969826 0.235543114 0.048725742 0.689569747
0.062156140 -0.216059983 -0.002870560 0.854677917
-0.025959789 0.118780543 0.020713584 0.765058171
-0.018824213 0.014807912 -0.036155286 0.980437190
0.005679371 -0.002344596 -0.089686518 1.017909053
0.036257179 -0.029864623 -0.102117037 1.029096519
-0.103970263 0.124385567 -0.038492395 0.959109412
0.041083786 -0.064184690 -0.112464997 1.055273791
-0.023330500 0.032436740 -0.059875236 0.976389148
0.018689922 -0.038997980 -0.030871641 0.927083036
-0.012086307 0.019476854 -0.130257057 1.115915324
-0.116951456 0.239693658 -0.025935763 0.896840617
-0.049079710 0.083588644 0.018535550 0.794556599
-0.079216100 0.158929620 -0.172319440 1.271694073
0.074814736 -0.272356714 0.075691771 0.577262694
0.076349696 -0.277268585 -0.117539385 1.195602403
0.029724665 -0.100093470 -0.017313139 0.814742673
0.001216500 -0.001524178 -0.058903400 0.995582374
-0.015509227 0.010183831 -0.086453860 1.014867696
0.076031731 -0.072203029 -0.071370585 1.001292748
-0.042970410 0.058699329 -0.116735142 1.051193763
-0.000463866 0.003440823 -0.030971758 0.939701367
-0.064722971 0.099829481 -0.012545285 0.912061657
0.087610847 -0.159138018 -0.050207990 0.976088259
-0.031930200 0.067989970 0.021996804 0.838899151
-0.153678254 0.323660872 -0.085347871 1.064322957
-0.087854534 0.172266318 -0.090675928 1.076577490
-0.066423278 0.118688178 -0.073817185 1.034430633
0.137540006 -0.452409008 0.059600458 0.660861237
-0.074278713 0.225410905 -0.028974319 0.944300529
-0.055990646 0.155916251 -0.143232801 1.378482755
0.009202290 -0.004063261 -0.089246934 1.014746996
0.005339698 -0.001359447 -0.104163593 1.025188658
-0.018135086 0.019767858 -0.050898480 0.977250057
-0.007131770 0.007664210 -0.039230003 0.964414732
-0.008702803 0.009706553 -0.122624010 1.072826938
-0.081668552 0.119155177 -0.000445247 0.889558792
0.088505856 -0.170141325 -0.279724698 1.364333873
0.071537292 -0.137901055 0.110930244 0.622089492
-0.158919868 0.346058960 0.017713006 0.817845683
-0.026106074 0.040587239 0.077183526 0.681063489
-0.036791873 0.067301737 -0.145940605 1.238873818
-0.060191224 0.132819919 0.117148729 0.502223695
0.024612066 -0.138550612 -0.259460649 1.707373724
-0.146804093 0.512830782 -0.053818974 0.925935367
0.025304659 -0.013710082 -0.107103593 1.029227081
-0.019157321 0.017413304 -0.054407123 0.992339553
0.032669455 -0.029230793 -0.101147866 1.034406221
0.005115945 0.001078068 -0.048275309 0.976246407
-0.096587739 0.133292853 -0.021379287 0.941281579
0.071468875 -0.118792069 -0.062023386 1.002247729
-0.045238136 0.079609856 0.065076076 0.786178636
-0.142831814 0.265037841 -0.159756598 1.213360712
0.107331330 -0.260304736 -0.040101995 0.962086058
0.152035222 -0.363123685 -0.065844341 1.021293452
-0.141176281 0.369905071 -0.050256459 0.982323746
0.177754624 -0.523101449 -0.007288901 0.862014586
-0.106659744 0.387024544 -0.094313239 1.140492472
-0.146002045 0.536525284 -0.106983489 1.188639422
-0.004222475 0.002211218 -0.088836556 1.009428861
-0.025817090 0.017327448 -0.036482515 0.972781033
0.035885500 -0.038204881 -0.102349495 1.032061314
-0.019864629 0.023120261 -0.052835662 0.977596096
0.048829910 -0.066182635 -0.063744768 0.991777934
-0.088855505 0.140345487 -0.046086002 0.965289785
0.099810523 -0.180386770 0.066448474 0.773981170
0.079111490 -0.141058607 -0.109987894 1.109210265
0.021103066 -0.019240923 -0.047823179 0.978664370
-0.267548609 0.644657916 -0.110906336 1.123755627
0.038367069 -0.120131279 -0.115995227 1.136477854
-0.014496023 0.027885376 0.034133784 0.716116632
0.077477746 -0.266430690 -0.159533546 1.335852096
0.108319811 -0.383630536 0.054215792 0.523604622
-0.012261154 0.009551505 0.009201170 0.951377332
-0.003713445 0.003568109 -0.054731074 0.996129902
-0.001210934 0.001315849 -0.138206151 1.071257469
-0.026344914 0.028963228 -0.082797140 1.010307555
-0.044293624 0.052296549 -0.131330161 1.073400480
0.003654900 -0.019626236 -0.116549404 1.051229346
0.107409368 -0.196008837 0.137696017 0.619012117
0.034228403 -0.056965005 -0.051547903 0.978575561
-0.081556178 0.186182604 -0.210365305 1.312092089
0.135930106 -0.314035839 -0.152257943 1.178445159
-0.125210802 0.338816431 0.138534727 0.451463485
-0.116911172 0.315577468 0.111864033 0.526141426
-0.035193779 0.054081807 -0.027804478 0.973080670
-0.084499265 0.241442653 -0.070604388 1.135720325
0.013949531 -0.004851386 0.049938563 0.921092568
-0.014011730 0.014721497 -0.080547040 1.012432488
0.032165464 -0.026837977 -0.053858744 0.988413023
-0.131461234 0.153151395 -0.157943424 1.102906174
-0.030888824 0.022407266 -0.109948490 1.040512761
0.058205580 -0.111234339 -0.038950434 0.934015677
0.032573468 -0.067659748 -0.187735923 1.186951015
-0.041356160 0.072806543 -0.052900631 0.930763965
-0.149453610 0.299811178 0.089115777 0.632529520
-0.031227611 0.027891386 0.378210454 -0.032388223
0.081984308 -0.255138412 -0.116921682 1.205442117
-0.012130632 0.008383416 -0.112136427 1.192043403
-0.040599912 0.099485114 0.135043186 0.401068632
-0.031137850 0.063529279 -0.112675137 1.342398246
-0.018860055 0.012884932 0.146153876 0.850527372
0.035370948 -0.025076770 -0.000946224 0.953497440
0.009128312 -0.001458398 -0.086728016 1.030701050
-0.060133616 0.074729724 -0.123130425 1.070743702
-0.016844236 0.018453533 -0.074472410 1.007488284
-0.130393628 0.188777620 -0.051636684 0.973234695
0.039004241 -0.099198765 0.156534966 0.619342880
-0.114334593 0.192145016 -0.232292795 1.358115617
0.255564669 -0.584643397 0.052908348 0.759193243
-0.227230937 0.525786472 0.009781120 0.858385867
-0.133340293 0.291059862 -0.056946883 1.025205873
0.193815987 -0.624977707 -0.095651425 1.133578590
0.027831613 -0.093827702 0.143289489 0.368967652
-0.140927426 0.547456639 -0.056209046 1.127062077
-0.004691597 0.004289109 0.058950189 0.927826760
0.016774824 -0.010737385 -0.010192097 0.976226360
-0.009791135 0.013171978 -0.045422305 1.007933546
0.005334575 -0.003466303 -0.116458279 1.086073119
-0.062552208 0.084786510 0.041464557 0.880773440
0.040656524 -0.070026587 -0.026696616 0.983015200
-0.083157134 0.140456637 -0.039135828 1.004161860
0.136788541 -0.277440140 -0.062909745 1.049332302
-0.148783510 0.322261139 0.161410234 0.578260369
0.160578581 -0.389271655 -0.129370659 1.247056407
-0.107639753 0.281274181 -0.071419886 1.102179476
0.051191944 -0.163454562 0.028403097 0.822675129
-0.047189926 0.151367425 0.053229440 0.743230830
-0.027534451 0.076676621 0.060412962 0.715933446
0.021428767 -0.014108598 -0.035327675 0.997112871
-0.022203695 0.016434125 -0.045149031 1.003987820
-0.012933724 0.008091152 -0.058470354 1.015977011
-0.025463793 0.021874228 -0.046615617 1.002936800
0.106751172 -0.150005220 -0.108076010 1.082835308
-0.024158914 0.046359908 0.004856585 0.913436415
-0.012944719 0.027295776 0.054637511 0.828808838
-0.028360262 0.056585308 -0.000064373 0.932742417
0.122494401 -0.260209469 -0.132601826 1.211071055
-0.371974068 0.877067986 -0.053266572 1.028599976
0.054887443 -0.190085792 0.055038938 0.757836201
0.062151578 -0.210425372 -0.092717834 1.171555155
0.084048048 -0.280494075 0.076696587 0.629429000
-0.020177827 0.115564243 0.050700980 0.728212303
-0.025284199 0.019148376 0.042125883 0.955095379
-0.015778434 0.012494341 -0.126335926 1.073018644
-0.018660460 0.015088164 -0.048608768 1.003064204
0.012102975 -0.018751615 -0.026638815 0.978897255
-0.068664291 0.086245827 -0.040180376 0.996501282
0.079465402 -0.135948713 -0.105013822 1.093751453
-0.051013297 0.085865082 0.080115228 0.779032059
0.031080385 -0.070112912 0.014921432 0.902900269
0.071675260 -0.155362145 -0.122733683 1.191975997
0.061750858 -0.132536022 -0.007942913 0.927957232
-0.069182074 0.194796308 -0.156000083 1.298100156
0.034555680 -0.095669399 0.087991485 0.614923779
-0.067113017 0.229670437 -0.077904972 1.145792448
0.123842482 -0.495960451 -0.110153562 1.268337091
-0.024768345 0.020523610 -0.091315215 1.037240180
-0.031424035 0.025182593 -0.077897911 1.027848067
-0.029411095 0.023370946 -0.029920630 0.984668516
0.025045476 -0.036531282 -0.036780847 0.992214755
-0.031108374 0.036468719 -0.073291344 1.039678398
-0.003387112 -0.005113173 -0.014967319 0.952192361
-0.093750526 0.148504635 0.007251504 0.914420362
0.230773500 -0.468091007 -0.202937497 1.313779457
-0.314630409 0.677257150 0.093327738 0.691622492
0.111427811 -0.302676737 -0.010643301 0.930755877
-0.011740149 0.005243163 0.007690192 0.884922144
0.180261865 -0.532362466 -0.081902425 1.135781468
-0.077663022 0.292997186 -0.020322505 0.938725721
-0.077930455 0.294013428 -0.079801907 1.164747446
-0.003084318 0.001862060 -0.111845738 1.047820095
-0.013224644 0.008960288 -0.034472944 0.993659140
0.003917085 -0.006467268 -0.070911033 1.026453419
-0.034410252 0.035692804 -0.043797509 0.996628541
0.077962615 -0.110391918 -0.133985845 1.113873374
-0.127812365 0.198270552 -0.037782183 0.969567881
0.127522523 -0.235798770 0.083974928 0.762580787
-0.093585023 0.184305562 0.031681966 0.861937413
-0.093007559 0.183092888 -0.025059873 0.981095269
0.149195546 -0.373974243 -0.165565272 1.304257682
0.120830483 -0.303061585 -0.116811612 1.182373530
-0.154114236 0.466783614 0.094456203 0.590823658
0.088848598 -0.310697463 -0.011950435 0.931324906
-0.014105326 0.080527441 -0.152464816 1.465279547
0.006089006 0.001620821 -0.054717663 1.009520950
-0.031258494 0.027764071 -0.048611167 1.005246402
-0.039836335 0.035484128 -0.027270311 0.986039632
0.066873716 -0.081896931 -0.041374877 1.001554655
-0.080946609 0.110269484 -0.072318596 1.041781489
-0.019942215 0.018762893 -0.083611886 1.058721423
-0.014392771 0.009328839 0.091738436 0.760625868
-0.111652243 0.194121833 -0.075411526 1.078210791
0.286872291 -0.642779650 0.080640893 0.750500727
-0.193404910 0.461857888 -0.014571842 0.969490013
-0.078720488 0.175146833 -0.183731347 1.392388774
0.204460013 -0.617758556 0.078980457 0.656795737
-0.034407476 0.146617421 -0.034104094 1.018666306
-0.225557931 0.872989142 0.267232821 -0.126413959
0.000109233 -0.000021344 0.014196039 0.970663607
0.063479846 -0.044380772 -0.064868931 1.026009085
-0.102266542 0.104790973 -0.064643010 1.025805756
0.004580935 -0.012741255 -0.062850438 1.023833927
0.090515345 -0.124455984 -0.083714704 1.050957471
-0.148881485 0.234639261 -0.008452533 0.938064215
0.137679319 -0.252514118 0.046479719 0.844679385
-0.036901394 0.079189231 -0.122137709 1.165052494
-0.097567839 0.206588761 -0.053530025 1.020976363
0.123748724 -0.302439324 0.068280979 0.740811061
0.030880406 -0.070268529 0.012219749 0.880964135
-0.080651221 0.242020022 -0.157119445 1.355113871
-0.095936513 0.290932956 0.005366108 0.835160094
0.274331921 -1.116087076 -0.102073184 1.243429396
-0.042261555 0.029160545 -0.017413200 0.984909207
-0.058924856 0.040824855 -0.086758440 1.033450874
0.051289759 -0.058368296 -0.009903309 0.964281259
-0.141761887 0.153988519 -0.090585085 1.053031214
0.203883916 -0.295351008 -0.060408399 1.013801523
-0.099656367 0.159959417 -0.010634658 0.939140912
0.030562800 -0.061413174 -0.033978236 0.978824995
-0.076693333 0.142373477 0.156580564 0.616763280
0.016244725 -0.052796437 0.066134616 0.806699762
0.107216060 -0.262030502 -0.467999466 2.035208125
0.210740767 -0.520842271 0.082231177 0.659631518
-0.019767103 0.124579754 0.200601321 0.328195119
-0.033052476 0.167092949 -0.134288789 1.399843489
0.379101238 -1.399091142 0.161774094 0.274804548
-0.003747374 0.001682073 -0.000378490 0.964359760
0.003688147 -0.003522792 -0.032189192 0.986627252
-0.022610610 0.020146089 -0.056801127 1.008777992
0.002403602 -0.007369546 -0.074613419 1.028371514
-0.005433742 0.002819002 -0.068233891 1.020078128
0.008791690 -0.018519146 -0.092321612 1.056209710
-0.040214837 0.064791953 0.046600120 0.820042758
-0.072041422 0.125262462 0.105546453 0.708044728
0.089706962 -0.214409128 -0.040585985 1.014922833
-0.000079535 -0.007900190 -0.073227567 1.089998470
-0.065024518 0.154462268 -0.049024828 1.029491623
-0.018981290 0.025541232 0.098046488 0.617691945
0.049672566 -0.194151111 -0.144567711 1.394057394
0.045039670 -0.176546108 -0.020974131 0.924401794
0.005916229 -0.003758929 0.119709976 0.882827815
-0.100458055 0.070703068 -0.079070930 1.021974447
0.054152516 -0.068446442 -0.036880067 0.984002671
-0.048587512 0.044567591 -0.109180549 1.063533203
0.110721576 -0.162534215 -0.046539892 0.982100351
-0.056004383 0.087554722 0.128670304 0.719285057
-0.129280931 0.212124857 -0.208825544 1.293028015
0.101990448 -0.227290756 0.068465198 0.766175613
0.017877552 -0.050653684 -0.056442605 1.028481986
-0.000851601 -0.007576632 -0.259789763 1.496180439
0.043727655 -0.119024773 -0.207140479 1.364557229
0.050038084 -0.136693973 0.082625578 0.553212285
-0.079962478 0.279307831 0.073878479 0.581203002
0.240591397 -0.938796878 -0.053131584 1.063841233
-0.012076405 -0.001975421 -0.087697213 1.027764055
0.107630004 -0.085769905 0.294464546 0.760250828
0.017018719 -0.004219751 0.008242128 1.017850997
-0.033206770 0.051028288 0.032011878 0.991704272
0.008551337 -0.003257248 -0.047037590 1.094468577
-0.068346220 0.112089087 0.061234817 0.932059966
-0.000683062 -0.002938284 0.073975351 0.910401057
0.053985774 -0.106809072 -0.039879098 1.126724508
-0.182995424 0.390851421 0.050616252 0.936684281
0.242370170 -0.587489424 -0.160967669 1.423327290
-0.099234637 0.266522593 0.089793617 0.796424075
0.007402357 -0.032060987 -0.148776436 1.464420212
-0.173420393 0.546571824 0.211894347 0.310273688
-0.187634269 0.600584550 -0.270147265 2.142031792
-0.011371005 0.001367175 -0.002910495 0.974985659
0.042883652 -0.036611084 0.303342360 0.760608664
-0.039487518 0.037522967 -0.073281509 1.099570138
0.053468473 -0.064728626 -0.012527113 1.032740300
0.017123824 -0.017480583 -0.003246664 1.020675718
-0.017588067 0.034587252 -0.063517675 1.111082233
-0.053132435 0.095012680 -0.010536913 1.021014936
0.063034032 -0.125703605 0.239320483 0.546285890
-0.003705394 0.014449184 -0.076615196 1.209750785
-0.006063530 0.019872897 0.079858880 0.849860418
0.136035903 -0.335375685 -0.091973558 1.279441512
-0.139818640 0.437017021 0.108284626 0.718718606
0.111771522 -0.368071508 -0.001394948 1.069693248
0.019665413 -0.018068299 -0.159333432 1.669859483
0.025468357 -0.018136627 -0.046634975 1.002044769
0.055502532 -0.039160549 0.312917847 0.750357797
0.000658920 0.010198700 -0.060421810 1.086363480
-0.055678586 0.072169958 0.062391780 0.951268528
0.052311464 -0.068217102 -0.091696956 1.151583877
0.006124981 0.001062623 0.025640124 0.975578258
-0.083378774 0.153219011 -0.029495965 1.069309612
-0.139835937 0.260487618 0.160875378 0.707604064
0.094582006 -0.231790039 0.027380579 0.987943129
0.026179294 -0.074463805 -0.134232012 1.359652082
0.031579999 -0.087965567 0.234944063 0.436711894
-0.063249221 0.177556245 -0.125752955 1.446663528
-0.081861588 0.237115819 0.035007006 0.932231645
0.158170238 -0.675005108 0.054698739 0.857403060
0.017645747 -0.020191817 -0.021166803 0.986127377
0.051961665 -0.044212959 0.275834219 0.778226665
0.012686759 -0.008865545 -0.036767116 1.059567860
-0.031861100 0.040137101 0.032871973 0.982964860
0.030568401 -0.041021246 0.008691547 1.014399412
-0.028176261 0.047095746 -0.063907489 1.123297967
0.092494036 -0.158043764 0.096790825 0.850110825
-0.015926916 0.047956042 -0.005903842 1.045230691
-0.072648403 0.167071160 0.110799048 0.800154633
0.054530500 -0.125440313 0.052693474 0.933797450
-0.199935465 0.510724600 -0.056362956 1.206438524
0.064423576 -0.229480703 0.039691618 0.937485723
0.151212212 -0.507204339 0.028690502 0.972689295
-0.027962250 0.173658604 0.070857112 0.812456178
0.017401868 -0.014095768 -0.102697617 1.040074709
-0.016013580 0.009295045 0.327138920 0.739189138
-0.004702624 -0.000884815 -0.034820429 1.064952544
0.031206435 -0.040384781 -0.022549041 1.051454017
-0.033267300 0.043431072 -0.037055603 1.070312546
-0.022837435 0.027786274 -0.031759135 1.062367845
-0.068509566 0.105428899 0.111235420 0.819277094
-0.019117796 0.011584538 -0.019171841 1.067050887
-0.053375891 0.083526533 0.199952674 0.606889427
-0.013310087 -0.008624815 0.142189230 0.739745344
0.101085511 -0.294613808 -0.122242788 1.400825390
0.063830399 -0.190299496 -0.122011573 1.400177988
-0.162262233 0.533196936 0.122144242 0.618879369
0.209322854 -0.878826378 -0.208648009 1.875889905
0.048165105 -0.034221034 -0.093330746 1.038022879
0.008148769 -0.006209600 0.309439618 0.756083628
-0.044472045 0.041149131 -0.027269715 1.059122019
0.077324095 -0.092826625 -0.035998238 1.068723396
-0.053834541 0.077679596 -0.070302470 1.113318895
0.059363404 -0.092117322 0.068827255 0.904624308
-0.145076537 0.255430588 0.000637174 1.020547449
0.094391761 -0.199559173 0.030587326 0.963642160
-0.031267066 0.064324352 -0.044289817 1.120884154
-0.072500688 0.159161681 0.032348029 0.944617112
0.125463212 -0.335748070 -0.025918488 1.090283404
-0.039749500 0.126847515 0.153031015 0.589224806
0.117443560 -0.376170284 -0.130530617 1.496622039
-0.078880410 0.369860792 0.078676497 0.701635019
0.060979467 -0.038331011 -0.088117724 1.033059421
-0.047917481 0.037896851 0.326507707 0.742821624
0.000258374 -0.005461418 0.016272064 1.022033695
0.030295582 -0.038502347 -0.065253996 1.111712364
-0.075713429 0.099309362 0.001498460 1.024934173
0.072833222 -0.123510614 -0.040464392 1.087878451
-0.068407144 0.116598015 0.175703231 0.720393483
-0.068849522 0.117438533 -0.206008031 1.445644871
-0.133896308 0.254036777 0.100200152 0.802607715
0.044203576 -0.155592948 -0.056366907 1.162711944
0.116644657 -0.336695649 0.013961397 0.986891185
0.156640895 -0.448685113 -0.094860919 1.291593663
0.055865983 -0.126205392 0.013646784 0.944369010
0.050191947 -0.104644056 -0.010876433 1.037557231
0.028183610 -0.018344154 -0.120728917 1.055505488
-0.052212507 0.037933127 0.326681455 0.742318233
-0.036828532 0.024087550 -0.035240046 1.068047575
0.075634340 -0.099621612 -0.044481174 1.078212816
0.079172016 -0.104220591 -0.051745760 1.087656777
-0.097984050 0.161513508 -0.089092829 1.143677382
-0.076257039 0.124577588 0.117214364 0.792955143
0.097087886 -0.204777764 -0.017701990 1.049296212
0.138735648 -0.292238062 -0.027095669 1.069022937
-0.258864484 0.622242225 0.014497038 0.973359713
-0.135844999 0.314693510 0.141645295 0.655489071
0.075539593 -0.277183337 -0.049906659 1.191834533
0.011602952 -0.072586083 0.215885077 0.341300963
0.020764221 -0.107398904 -0.010564477 1.201809259
0.051564941 -0.030581393 -0.133320399 1.064439748
-0.112680520 0.084390428 0.382465147 0.703389872
0.062530566 -0.073299546 -0.043064346 1.086366405
-0.042537843 0.042275707 0.005972984 1.032425341
-0.014694520 0.006079389 -0.113306019 1.187488039
0.048620633 -0.088893342 -0.004116296 1.023703454
0.058178583 -0.105141856 0.090708169 0.862501860
0.013539079 -0.020326800 0.038980260 0.960784887
-0.009299747 0.027634732 -0.117483111 1.289357950
-0.315592731 0.732108580 -0.011205074 1.044918471
0.071915002 -0.236660752 0.005768141 1.002485432
0.039658802 -0.146343395 -0.008909104 1.043581718
0.041940092 -0.153643523 0.274506851 0.136650648
-0.044200214 0.173689638 -0.146963903 1.738239493
0.006979760 -0.010308885 -0.174337338 1.090275501
-0.040391740 0.022851164 0.408574069 0.682237524
0.026248338 -0.037124904 -0.030739300 1.077619545
-0.037585627 0.033092459 0.022822627 1.018701425
0.010931121 -0.029979311 -0.069643242 1.138907050
-0.042842640 0.050681330 -0.108547781 1.197263858
-0.026760232 0.023341236 0.047488826 0.932001619
0.188418610 -0.385498559 -0.056520125 1.129618622
0.054694233 -0.104677380 0.244296135 0.497904506
-0.243943350 0.582189048 -0.104501222 1.300138411
0.217569586 -0.571593292 0.000922680 1.036578655
-0.186678676 0.560301822 -0.237946454 1.705412218
0.060930620 -0.232047938 0.092547749 0.647830753
0.154844519 -0.588920749 -0.206144837 1.782862566
-0.040110792 0.013626630 -0.118615634 1.041824344
0.114501815 -0.094602193 0.428073432 0.659142005
-0.047777771 0.051449430 0.021707410 1.024871414
0.027914330 -0.031811883 0.027250657 1.018773842
0.078321798 -0.097341589 -0.108312343 1.195005736
-0.071120115 0.126821280 -0.040881028 1.093858764
-0.005918327 0.015978237 0.050113219 0.939168540
-0.052570366 0.104617110 -0.034864557 1.100626313
-0.054852696 0.109410003 0.023233289 0.978620841
0.058699453 -0.151759933 -0.220591373 1.539417553
0.068431015 -0.176088840 0.169700808 0.563687098
-0.217026453 0.623192058 0.056418465 0.880877654
-0.096565115 0.237715772 0.152098759 0.574700708
-0.206456793 0.655304141 -0.350128731 2.483165148
-0.022524778 0.003931421 -0.066575710 1.013889404
0.035093494 -0.036401369 0.384497367 0.698138255
-0.002810116 -0.002288121 -0.086904147 1.122399607
0.065149120 -0.077043282 0.004010202 1.022393821
-0.053682405 0.077437695 -0.064504727 1.111463226
-0.050368821 0.072467319 0.114681693 0.842683595
-0.086577519 0.134022107 -0.100846923 1.209082252
0.199721038 -0.409945144 -0.075146583 1.160251607
-0.123737909 0.269318614 0.119245620 0.752028000
-0.303344016 0.682412652 0.140022602 0.704240942
0.191747602 -0.555316393 -0.062941323 1.211650754
0.029790905 -0.101837651 -0.017102953 1.083303320
-0.096542968 0.302430749 -0.040070620 1.156799855
-0.009995727 -0.026448760 -0.300243366 2.145456278
0.053959816 -0.042064867 -0.275602059 1.157779076
0.052667596 -0.041160314 0.419020976 0.671542960
-0.028470981 0.031864404 -0.089280584 1.129014352
-0.028868104 0.032301239 0.045990364 0.980216305
-0.014637156 0.013801007 -0.154431425 1.240764622
-0.016331450 0.016342448 0.105075215 0.851504661
-0.048640527 0.071267882 0.034608853 0.971297480
0.110734451 -0.231544575 -0.118235392 1.261701542
0.063479305 -0.132308771 0.056643473 0.894455943
-0.019226982 0.057915685 0.009338257 1.003257936
-0.062095415 0.165086767 0.005248786 1.013481615
-0.030196972 0.075771130 0.081550459 0.799836932
-0.061657231 0.176443957 -0.009347599 1.090710725
0.060845263 -0.289065513 -0.137498759 1.577685127
-0.019022614 0.007345725 -0.094874209 1.031699630
0.004797422 -0.009328300 0.361334703 0.712353398
-0.028546453 0.020681187 -0.039632907 1.073224237
0.013701758 -0.025791846 -0.004218222 1.034268083
0.057607579 -0.082869411 -0.002292990 1.031765281
0.005299705 -0.004407601 -0.047440518 1.099486572
-0.137862876 0.238968793 0.098891294 0.850722487
0.001808210 -0.026406266 -0.044522897 1.123209446
-0.055869711 0.094717363 -0.023863906 1.079825566
0.209377824 -0.515351955 -0.019423361 1.069612313
-0.102156032 0.263482685 -0.045710015 1.135328947
0.089160087 -0.272202440 -0.104177122 1.299036846
-0.315602216 1.023036949 0.509900631 -0.666011995
0.067464751 -0.432617505 -0.220948024 2.111212859
0.015241679 -0.014235931 -0.104824311 1.042553905
-0.011672364 0.004603899 0.388588928 0.697164643
0.013214854 -0.017794597 -0.038135639 1.081216743
-0.009743237 0.007459304 -0.009987358 1.050253634
-0.005669439 0.002163366 -0.085498074 1.148417561
-0.018566323 0.021508693 0.089091041 0.886533888
0.058582741 -0.109644719 -0.204478277 1.385601744
-0.094054232 0.180365525 0.291260883 0.443697351
0.103908085 -0.235355323 -0.006640552 1.069290336
0.159591693 -0.363427617 -0.102621292 1.290046035
-0.299714119 0.784836912 0.106588222 0.767022249
-0.080013619 0.169675524 0.059138224 0.899882240
0.288444282 -1.009389777 -0.126852016 1.495051017
-0.153185287 0.668802564 0.109656013 0.596320520
0.001817739 -0.005589646 -0.077379052 1.025989982
-0.001718381 -0.003114362 0.195373308 0.835063332
0.015913468 -0.018983026 0.148400033 0.877339279
0.014140818 -0.017033110 -0.020344861 1.062958666
-0.026537932 0.035849262 -0.114448043 1.185292799
0.021607465 -0.036368833 -0.022472734 1.047329835
0.015549515 -0.026070318 0.154354031 0.746724326
0.068581560 -0.126831201 -0.151514465 1.327874462
-0.048622987 0.119298336 0.045194615 0.914785412
-0.198333703 0.463632974 -0.020605321 1.066125261
0.352890225 -0.914426844 0.021918618 0.959815414
-0.260300481 0.802507103 0.080478172 0.795848666
-0.099345859 0.287452304 0.395727618 -0.212949576
0.060028717 -0.318171076 -0.214296294 2.105141261
0.038819176 -0.024046700 -0.128719218 1.052323941
-0.081235445 0.059991533 0.266461090 0.775697730
0.036198688 -0.045699184 0.113722655 0.913162318
-0.049439174 0.048502467 -0.075659779 1.121483000
0.001117927 -0.017221762 0.028270476 0.986373673
0.061449109 -0.107718535 0.052978980 0.949310918
-0.034068839 0.054661980 -0.069853092 1.158125446
0.158340163 -0.310915119 0.103158392 0.829403631
-0.167088059 0.372484117 -0.193461730 1.452305857
0.072345487 -0.178213028 -0.121775837 1.287428306
-0.060649514 0.154274474 0.183601806 0.523984200
0.084373777 -0.251790733 0.140376356 0.645015459
-0.133273961 0.444682040 0.057864794 0.909052459
-0.131613420 0.438371983 -0.334227701 2.399003923
0.015013733 -0.014886114 -0.097799605 1.033886525
0.005773025 -0.008417617 0.190998923 0.831727559
-0.058993511 0.049872263 0.163556894 0.856425384
0.053075941 -0.073404137 0.020443208 1.013850442
0.031590231 -0.045472715 -0.032156102 1.082229543
-0.047244819 0.072779861 -0.052691089 1.113032024
-0.084334663 0.135832597 0.057789108 0.925215683
0.105661745 -0.225160573 0.035035623 0.968447305
0.012782627 -0.030114434 -0.066451414 1.181570073
-0.118877699 0.272704308 0.186209634 0.600449673
0.061215309 -0.177528211 -0.145392441 1.429454861
0.118982559 -0.339276508 0.120338173 0.685409155
-0.114446546 0.407696637 0.240292985 0.301553751
-0.020517878 0.050767704 -0.381548204 2.664550239
0.002515284 -0.008173604 -0.065305833 1.017135562
-0.003936796 -0.003657148 0.203055752 0.829282457
-0.071027646 0.056724615 0.150111282 0.876932478
0.012091095 -0.034706002 -0.041849628 1.088089484
-0.001051426 -0.017620726 -0.133053629 1.206654680
0.105783863 -0.177873659 0.091980078 0.869104120
-0.063249789 0.109483558 0.036440505 0.963521397
-0.066210423 0.115108762 0.126757667 0.791918791
0.038787806 -0.105387510 -0.104628180 1.277829048
0.061713065 -0.158115604 0.106901501 0.791310791
-0.043080701 0.103868812 -0.035792992 1.148047024
0.198863669 -0.573575414 -0.187840268 1.573779389
-0.208873720 0.731184251 0.345066145 -0.131521159
-0.030648366 0.053927913 -0.191193830 1.906266723
-0.019739342 0.013727819 -0.141158410 1.063381587
-0.103005809 0.072014345 0.239628270 0.796830915
-0.006232279 -0.015081830 0.141062107 0.885540459
0.101134112 -0.133184863 -0.035873664 1.080169812
-0.090873106 0.116424512 0.014421936 1.014785533
0.058660605 -0.107876054 -0.020565386 1.067266516
0.036041600 -0.069423745 0.010344986 1.014718883
0.078450023 -0.149999748 -0.032181155 1.095518551
-0.061801667 0.144528787 0.077567082 0.865047263
-0.229408630 0.530024796 0.148373807 0.702191799
0.149521783 -0.417301238 -0.092391188 1.304104285
0.252862545 -0.706655366 -0.023992056 1.112586720
-0.037621651 0.222894074 -0.057329743 1.219267321
-0.215670302 0.899478942 -0.143774086 1.547755818
