0.001779025 0.000359143 -0.000709037 0.000374890 -0.000084781 0.000007008 -0.000851035 
0.149999567 -0.066244887 0.045895304 0.026801273 -0.006817608 0.000949201 -0.000054666 -0.148202485 
0.004525069 -0.003262803 0.002041556 -0.000705975 0.000122637 -0.000008217 -0.001751457 
0.065247204 -0.030215252 0.019309080 0.012842008 -0.003382846 0.000482244 -0.000028015 -0.061976926 
0.003724944 -0.002149039 0.001013303 -0.000221742 0.000014031 0.000000965 -0.001350990 
0.026173345 -0.012790247 0.007619235 0.005699984 -0.001518266 0.000213869 -0.000011905 -0.023082820 
0.003700516 -0.002299142 0.001175942 -0.000296836 0.000031506 -0.000000652 -0.001225187 
0.032109089 -0.016415920 0.008728469 0.007540231 -0.002086519 0.000308482 -0.000018340 -0.027814746 
0.007339608 -0.005592014 0.003071235 -0.000900964 0.000131478 -0.000007371 -0.002917528 
0.019423132 -0.009951177 0.005861458 0.004763134 -0.001368163 0.000210488 -0.000013000 -0.016566471 
0.002291042 -0.001782213 0.001286420 -0.000467254 0.000081685 -0.000005346 -0.000540016 
0.070960627 -0.036780949 0.017992776 0.016815566 -0.004651849 0.000684563 -0.000040627 -0.062626574 
0.000766311 0.000156962 -0.000175292 0.000092927 -0.000020719 0.000001732 0.000103870 
0.088966864 -0.045945625 0.022228994 0.020878708 -0.005786373 0.000860150 -0.000051931 -0.078773690 
-0.000665107 0.001926603 -0.001417683 0.000572425 -0.000115625 0.000009121 0.000663657 
0.088798393 -0.043719145 0.023436658 0.019060838 -0.005047545 0.000710203 -0.000039997 -0.080864232 
-0.004548637 0.006324434 -0.004490312 0.001708699 -0.000323216 0.000023826 0.002351510 
0.159872996 -0.077268791 0.043514181 0.033498174 -0.008997802 0.001307740 -0.000077841 -0.149509361 
-0.005933927 0.008204668 -0.005985757 0.002327983 -0.000446895 0.000033106 0.002930152 
0.281698162 -0.133858431 0.079102857 0.057587387 -0.015493828 0.002267737 -0.000136686 -0.268736035 
-0.001922904 0.002160285 -0.001573796 0.000584322 -0.000104996 0.000007253 0.000111122 
0.133598519 -0.057309713 0.041738217 0.022570583 -0.005590290 0.000761144 -0.000043076 -0.132829480 
0.000799625 -0.001203362 0.000688646 -0.000198100 0.000026429 -0.000001130 -0.000897476 
0.024318800 -0.006845106 0.010366717 0.001572339 -0.000114887 -0.000017659 0.000002913 -0.026509929 
0.006511441 -0.008237352 0.005955605 -0.002255575 0.000420331 -0.000030168 -0.003242728 
0.040538862 -0.019406583 0.011362062 0.008566691 -0.002338222 0.000348368 -0.000021139 -0.036273796 
0.003361426 -0.004742381 0.003424241 -0.001282518 0.000235967 -0.000016607 -0.001865944 
0.028038491 -0.013252572 0.008112159 0.005793408 -0.001547380 0.000223711 -0.000012844 -0.024617688 
0.006657967 -0.008520408 0.006063760 -0.002264646 0.000416217 -0.000029371 -0.003336106 
0.056736438 -0.028748255 0.014799334 0.013117726 -0.003693470 0.000564963 -0.000035171 -0.049989776 
0.013205315 -0.014773447 0.010098257 -0.003698050 0.000675321 -0.000047864 -0.006061112 
0.036077167 -0.013674469 0.011557333 0.004361553 -0.000714789 0.000036213 0.000002318 -0.034890998 
0.010492463 -0.012051564 0.008310618 -0.003070136 0.000564702 -0.000040125 -0.004868810 
0.004898177 0.002771724 0.004139485 -0.003118567 0.001329596 -0.000257736 0.000019320 -0.007088530 
0.006120158 -0.007318317 0.004981662 -0.001829526 0.000336585 -0.000023922 -0.003075502 
0.007898451 0.005347139 0.006609188 -0.006399398 0.002880451 -0.000589287 0.000045709 -0.013153133 
0.002509075 -0.003926667 0.002869154 -0.001104731 0.000209052 -0.000015058 -0.001540750 
0.082117490 -0.032413945 0.026282374 0.011244284 -0.002336880 0.000251329 -0.000009977 -0.082556245 
0.001862877 -0.003695498 0.002980123 -0.001246996 0.000254254 -0.000019768 -0.001253574 
0.152628753 -0.062238305 0.049170982 0.023082152 -0.005399479 0.000698042 -0.000037711 -0.155292252 
-1.954793725 2.409144983 -1.021361191 -0.059497575 0.097962277 -0.012721013 1.211391190 
-12.464902983 7.367413267 -2.329005695 -3.626685303 1.086169157 -0.172086298 0.011036608 11.238114835 
-1.851140213 1.985632322 -0.787664873 -0.032465634 0.066676009 -0.008627113 1.256049382 
1.411999918 0.081127148 1.040033250 -0.265750354 0.140932837 -0.030937498 0.002516629 -1.292435428 
-0.908108167 1.053439687 -0.263728407 -0.145572773 0.072437403 -0.008118361 0.800218060 
1.431826584 0.188896833 1.103543718 -0.333456364 0.151581469 -0.028897439 0.002020328 -1.421313540 
-0.448010159 0.706290113 -0.156227071 -0.103878155 0.048359548 -0.005292609 0.530971677 
1.579670332 0.431984292 1.310643456 -0.566794645 0.247598254 -0.047918004 0.003495868 -1.868228319 
1.373732433 -0.788527788 0.616806267 -0.284666237 0.063067761 -0.005153781 -0.423747996 
13.428602303 -5.738822978 4.185945062 2.279403681 -0.565215122 0.077419066 -0.004454187 -12.583467196 
1.640091152 -0.855603823 0.391362639 -0.059325367 -0.004296029 0.001250941 -0.597330650 
14.309520154 -6.540749657 4.214783474 2.759770357 -0.720556048 0.102281547 -0.005963247 -13.034530411 
2.202656232 -1.130289176 0.371467077 0.042669344 -0.039435929 0.004758556 -0.932465200 
2.304464127 1.080665963 2.096087606 -1.292648688 0.580749740 -0.119301186 0.009237322 -3.564950063 
2.231212707 -0.914969087 0.040370527 0.261062854 -0.097530336 0.010060326 -0.988897478 
1.482929738 0.237200797 1.159281300 -0.400646602 0.201034575 -0.044563015 0.003702434 -1.542280139 
3.400443437 -1.916994214 0.532307471 0.197978594 -0.109068094 0.012398054 -1.531599706 
1.243976659 0.003241973 0.918532442 -0.131674775 0.079423106 -0.018744899 0.001607961 -0.989498905 
4.140548312 -2.749158669 0.982418453 0.147635686 -0.123952942 0.015113650 -1.787304336 
0.878332701 -0.208447690 0.675157292 0.181196821 -0.077812407 0.016276564 -0.001266264 -0.338531948 
-1.130327724 2.975534203 -1.512793163 0.170145580 0.045842203 -0.008271189 1.334636027 
-11.416571910 6.957675236 -1.950864714 -3.560206094 1.128577741 -0.191872435 0.013303757 10.140763817 
-0.595309017 2.207478537 -1.090761231 0.117311649 0.033832270 -0.005944426 1.091688332 
-14.608218084 8.889671835 -2.510252094 -4.464375694 1.362587232 -0.220679005 0.014486870 12.638990087 
-0.404121253 1.698995662 -0.787095923 0.078971504 0.024769468 -0.004213971 1.009604590 
1.363549459 0.033109809 1.098233850 -0.202343157 0.115277506 -0.026580584 0.002248909 -1.277093923 
0.775817183 0.430063545 -0.056545630 -0.107394316 0.043128312 -0.004514264 0.385930510 
22.647452437 -10.585019198 6.574954148 4.535283103 -1.215547639 0.178421599 -0.010856460 -21.011086441 
1.386250510 -0.109197415 0.147336865 -0.106048827 0.029842874 -0.002802603 -0.032023027 
32.296585813 -15.750520385 8.790678304 6.924715651 -1.887300176 0.278885040 -0.016929847 -29.537200899 
2.064666807 -0.577661306 0.225307244 -0.004593639 -0.012958162 0.001751373 -0.344805718 
32.288407470 -15.310802013 8.964355777 6.521580041 -1.713980257 0.243340102 -0.014162158 -29.851682194 
3.182648737 -1.727675276 0.877192873 -0.170098716 0.003314162 0.001508192 -0.942084252 
18.474810099 -7.443351339 6.056017619 2.683204318 -0.578419872 0.064640124 -0.002777926 -18.125411127 
2.607387628 -1.128955948 0.325969792 0.117673343 -0.065577631 0.007455680 -0.747823881 
17.267257990 -8.271315458 4.999559241 3.634711917 -0.984158824 0.143455175 -0.008512708 -15.656625397 
3.369878414 -2.009443493 0.793171859 0.044908443 -0.072037469 0.009203466 -1.102242962 
1.400446473 0.044494598 1.088354176 -0.218575081 0.111357964 -0.022086476 0.001572301 -1.281689596 
4.591720953 -3.716675897 1.971237198 -0.307568621 -0.027672790 0.007512162 -1.570977874 
1.048458647 -0.152439761 0.843293057 0.048406686 -0.013339074 0.003631610 -0.000360081 -0.625611722 
0.035065910 -0.031834007 0.020038106 -0.006992419 0.001237757 -0.000086189 -0.016543086 
0.157489173 -0.069387372 0.048181541 0.027976248 -0.007098210 0.000987508 -0.000056963 -0.155766911 
0.018489492 -0.016798812 0.010774903 -0.003813137 0.000682836 -0.000047962 -0.008322195 
0.097995207 -0.048251306 0.027066571 0.021754955 -0.006134477 0.000941958 -0.000059363 -0.091033371 
0.006423897 -0.004866196 0.002855022 -0.000927951 0.000154583 -0.000010202 -0.002592837 
0.003126877 0.000320320 0.002457553 -0.000858380 0.000497705 -0.000118600 0.000010527 -0.003131369 
0.000625995 0.000429554 -0.000417165 0.000203684 -0.000045772 0.000003895 0.000289322 
0.039437780 -0.020005800 0.010720740 0.009139425 -0.002535700 0.000377691 -0.000022827 -0.034757717 
0.000852188 0.000224849 -0.000367186 0.000202367 -0.000043935 0.000003342 0.000248602 
0.036691561 -0.018530010 0.010247754 0.008456705 -0.002327364 0.000341377 -0.000020158 -0.032492966 
0.000138660 0.000390718 -0.000187389 0.000080908 -0.000020057 0.000001914 0.000469213 
0.061392839 -0.032309556 0.015553780 0.015149226 -0.004336816 0.000668651 -0.000042182 -0.053725345 
0.000707799 0.000251508 -0.000320094 0.000193791 -0.000051300 0.000005004 0.000146895 
0.072247082 -0.036443671 0.018546144 0.016163617 -0.004344886 0.000621842 -0.000035695 -0.064381757 
0.001570192 -0.000532153 0.000397729 -0.000156817 0.000029935 -0.000002111 -0.000333983 
0.084782520 -0.042465119 0.022252020 0.019095334 -0.005301608 0.000797033 -0.000049053 -0.076775559 
-0.002269497 0.004800560 -0.003905339 0.001625010 -0.000326540 0.000025074 0.001096690 
0.170789221 -0.083892192 0.045787694 0.037010081 -0.010136332 0.001504956 -0.000091710 -0.158631267 
0.000951945 0.002152868 -0.002366773 0.001123080 -0.000243510 0.000019685 -0.000517637 
0.258748460 -0.120634163 0.074034547 0.050912467 -0.013437406 0.001931320 -0.000114491 -0.249010922 
-0.000005849 0.000662364 -0.000820784 0.000394554 -0.000086450 0.000007149 -0.000895859 
0.118031294 -0.048840892 0.038147216 0.018572320 -0.004448322 0.000588742 -0.000032599 -0.119118111 
0.000525472 -0.000638562 0.000215161 -0.000022227 -0.000000923 0.000000145 -0.000862750 
0.005370078 0.004283175 0.006290904 -0.004135615 0.001668695 -0.000313155 0.000022640 -0.010412419 
0.007067881 -0.008765987 0.006252277 -0.002325443 0.000423236 -0.000029608 -0.003501300 
0.048236116 -0.024254237 0.012886390 0.011157895 -0.003160086 0.000484652 -0.000030208 -0.042548602 
0.003427332 -0.004942419 0.003617568 -0.001357008 0.000247037 -0.000016987 -0.001865954 
0.004740733 0.001048462 0.003271682 -0.001922749 0.001001177 -0.000224359 0.000019021 -0.005195656 
0.006563125 -0.008502715 0.006016534 -0.002203193 0.000391707 -0.000026400 -0.003254641 
0.051040757 -0.024677702 0.013813548 0.010644427 -0.002792224 0.000392461 -0.000021927 -0.045644629 
0.014008572 -0.015437538 0.010353760 -0.003685939 0.000648155 -0.000043856 -0.006450619 
0.006530175 0.003718162 0.005167768 -0.004653460 0.002156875 -0.000451879 0.000035911 -0.009752944 
0.010580903 -0.012081268 0.008288631 -0.003049148 0.000559680 -0.000039779 -0.004923999 
0.006897945 0.003822910 0.005242376 -0.004931453 0.002315990 -0.000492168 0.000039729 -0.010194114 
0.004977107 -0.005805771 0.003680893 -0.001233495 0.000203405 -0.000012634 -0.002614241 
0.007122475 0.005035676 0.006185516 -0.005826728 0.002570753 -0.000516862 0.000039534 -0.011973295 
0.001567024 -0.003301563 0.002696471 -0.001144622 0.000236859 -0.000018530 -0.001032907 
0.066603734 -0.022918963 0.023071230 0.006188393 -0.000705424 -0.000026117 0.000008869 -0.069639419 
-0.000438849 -0.001534156 0.001557301 -0.000716163 0.000153402 -0.000012284 -0.000128737 
0.150728078 -0.061442369 0.048660559 0.022867960 -0.005403865 0.000712853 -0.000039820 -0.153467866 
-0.554102650 1.168628278 -0.299462982 -0.288130476 0.134040706 -0.014912626 0.518998061 
-13.129396084 8.279754807 -2.240304345 -4.329201966 1.378110763 -0.233224150 0.016032055 11.368195048 
0.035651510 0.027062201 0.547890148 -0.526298930 0.157275210 -0.015017823 0.395948035 
1.693458538 0.251312511 1.264252567 -0.470041674 0.228585001 -0.047960510 0.003750277 -1.831888582 
-0.596599377 0.780337707 -0.090474877 -0.209941585 0.084655421 -0.009013435 0.637948862 
2.072161547 0.481398442 1.518191476 -0.792673208 0.390013195 -0.085061748 0.006973642 -2.494602808 
0.392377540 -0.160974249 0.419516771 -0.310691587 0.085461328 -0.007856282 0.149455261 
2.208276032 0.953991804 1.903935700 -1.164619543 0.510821554 -0.101444778 0.007598659 -3.227885426 
1.501098437 -0.922061914 0.712570927 -0.325072667 0.072097690 -0.005964613 -0.486891493 
24.998148761 -11.665936859 7.093350499 4.996152441 -1.351687757 0.203020672 -0.012807946 -23.176727313 
1.787489006 -1.037873092 0.531643199 -0.115486266 0.006739450 0.000403615 -0.658449049 
1.493423447 0.421620995 1.286801503 -0.501504055 0.203872513 -0.036017192 0.002345092 -1.786821532 
2.200929781 -1.110583021 0.364751947 0.033130572 -0.034078073 0.004037066 -0.938213550 
24.879373151 -11.892578156 7.069289252 5.232873830 -1.428488028 0.210244624 -0.012586716 -22.961541341 
3.140913572 -2.044488267 0.944011181 -0.129682201 -0.013200694 0.002988756 -1.362480755 
1.705868374 0.295885530 1.284785838 -0.524013677 0.272648250 -0.063197834 0.005511864 -1.880216690 
2.851214848 -1.325773345 0.100405116 0.373605196 -0.145279746 0.015342774 -1.285681851 
1.279689704 0.096880368 0.988474329 -0.203785914 0.099851149 -0.020576572 0.001558817 -1.134124457 
3.965121696 -2.594561182 0.893786845 0.177460287 -0.129243301 0.015474736 -1.703004739 
0.629882350 -0.287133884 0.545167093 0.340280753 -0.164333676 0.036352958 -0.002961394 0.030058615 
-0.938513374 2.818405237 -1.447376260 0.163119460 0.043541863 -0.007810207 1.247503105 
0.988947422 -0.260318559 0.732714062 0.113582931 -0.018774953 0.000096226 0.000210513 -0.435651864 
-0.902260966 2.443593579 -1.177101833 0.114352816 0.042005076 -0.007140317 1.245893253 
-7.616410425 4.624199959 -1.057317980 -2.196232728 0.632144323 -0.096856688 0.006060288 6.807549203 
0.450743521 0.737235445 -0.096732514 -0.183076173 0.073671033 -0.007757813 0.644081121 
1.773519730 0.159782533 1.287065416 -0.478718261 0.269231372 -0.063248586 0.005422610 -1.844185302 
0.619225892 0.554931758 -0.085107727 -0.126533792 0.053193470 -0.005722915 0.459141312 
2.694800537 0.974716146 2.213830578 -1.338731127 0.614704298 -0.125775670 0.009599664 -3.931978726 
1.530902583 -0.254959893 0.240403126 -0.137078152 0.034724502 -0.003095290 -0.096817091 
21.377529938 -9.676864937 6.321079204 3.968055574 -1.002225212 0.136319036 -0.007528062 -20.018954196 
1.504648864 -0.024666614 -0.129126104 0.120757442 -0.035668909 0.003393688 -0.086873971 
29.376258489 -13.976998831 8.188778155 6.032432637 -1.623670955 0.239018621 -0.014628555 -27.096246714 
2.394479867 -0.709648427 0.060410162 0.169048458 -0.064787660 0.006688898 -0.625831340 
31.178240447 -14.511054510 8.926188660 6.090215822 -1.572047883 0.217250914 -0.012118271 -29.186613615 
2.956469685 -1.580102039 0.667133509 -0.008666331 -0.044101596 0.006114643 -0.881285459 
20.604075266 -10.705709383 5.559606869 5.134343285 -1.530488418 0.245782167 -0.015985973 -18.169940045 
2.746721543 -1.287641958 0.220657520 0.300187337 -0.129535309 0.014222206 -0.829825586 
2.027453690 0.347860504 1.470617618 -0.713579239 0.373531982 -0.083902506 0.006972228 -2.305652932 
2.773029512 -1.580163835 0.347040771 0.352714566 -0.159552867 0.017624585 -0.799668230 
1.249131685 -0.127502219 0.894139674 -0.069384331 0.057566104 -0.013677336 0.001168443 -0.837551001 
