8.773881328 -4.068747219 2.204540489 1.500079325 -8.131860696 -0.294646226 0.022764473 
-3.919678820 2.093102818 -1.372430017 -0.775188951 0.152217383 -0.011510040 4.751730161 
-3.822768348 1.536907152 -1.117497716 -0.496698587 3.816279714 0.086281213 -0.006075249 
-4.015480481 2.317835093 -1.251604745 -0.897288105 0.176616487 -0.013301895 4.597864243 
6.834948247 -3.375009512 1.654642882 1.338126399 -6.192405838 -0.281313723 0.022982831 
-2.435759457 1.794475184 -0.738057126 -0.787531508 0.172626669 -0.014458914 2.925885942 
6.729020354 -2.910363578 1.838605031 1.017237954 -6.489373053 -0.194511950 0.014988365 
-3.798630026 2.428514938 -1.079870341 -1.019861659 0.217949587 -0.017928374 4.186978418 
-1.566993140 0.830781336 -0.317575979 -0.321356105 1.322188934 0.059067918 -0.004038930 
0.445596930 0.374311321 -0.018223621 -0.221563451 0.054283685 -0.004647675 0.285853065 
1.845970497 -0.717055778 0.511439216 0.197570104 -1.809103209 -0.025613280 0.001059161 
0.543110832 0.088340717 -0.157088378 -0.045817734 0.011912882 -0.001179347 0.481368557 
-1.590419159 0.592324593 -0.482730541 -0.169404760 1.624697233 0.025099996 -0.001538296 
0.532545191 0.138444872 -0.137427105 -0.076174277 0.017649459 -0.001572938 0.445257749 
2.696825033 -1.572095821 0.528162324 0.702213921 -2.210039818 -0.160595516 0.013855400 
6.980815409 -2.958631497 1.441588359 1.107701141 -0.227174918 0.018445204 -5.439958245 
2.663454128 -1.380608849 0.589862438 0.571573414 -2.322022651 -0.130468215 0.011760648 
2.216595523 -0.236573059 0.381722868 -0.175406318 0.090725669 -0.011184306 -1.340916991 
7.636459365 -3.282329418 2.027461770 1.100621892 -7.288347954 -0.200222177 0.014781581 
0.795364109 -0.385394274 -0.398050320 0.215700036 -0.053333479 0.004994651 0.749740619 
0.267786747 -0.151277438 0.018639744 0.051394395 -0.174721265 -0.008547290 0.000707495 
2.385303763 -0.771804745 0.229163837 0.265330285 -0.046625123 0.003171959 -1.109779745 
-4.453764174 1.671916249 -1.324013815 -0.458907816 4.507000901 0.055305389 -0.001326232 
3.275100712 -1.202632940 0.536252134 0.469280849 -0.100834861 0.008926271 -2.041282942 
-1.748783037 0.575274321 -0.561865954 -0.132810006 1.853039912 0.012113366 0.000045634 
3.216193958 -0.962897087 0.630482492 0.302579667 -0.054890167 0.004504495 -2.190011674 
4.580304349 -2.405616896 1.034491046 0.988775795 -4.004903338 -0.212148965 0.017701982 
3.208185251 -0.813559771 0.684111088 0.161779914 -0.003664664 -0.001700193 -2.290799327 
-1.097724546 0.522135269 -0.263656508 -0.197206112 0.998539453 0.038811028 -0.002801747 
5.848800085 -2.401199880 1.200613284 0.909570286 -0.184138150 0.014624589 -4.445794702 
5.578584619 -2.302300077 1.566455713 0.738554412 -5.460526016 -0.124488198 0.008321707 
-0.983739853 1.028298771 -0.465884506 -0.473320079 0.109886692 -0.009544352 1.740038210 
7.663179490 -3.553002332 1.947620994 1.308122701 -7.125940145 -0.257741448 0.020387675 
6.265662038 -2.975280709 1.116573540 1.287904397 -0.295660531 0.026321887 -4.482657398 
-4.873267506 2.134022643 -1.276585854 -0.744605106 4.620176972 0.138770491 -0.010046429 
6.167110121 -2.350056037 1.356792207 0.807691725 -0.148385134 0.011047053 -4.902995837 
-0.552136425 0.312998463 -0.119872223 -0.140969918 0.469232329 0.030391259 -0.002250833 
6.216118680 -2.585374486 1.258870147 0.982886157 -0.201247461 0.016642232 -4.749169237 
-5.517949022 2.490908354 -1.473420658 -0.930041737 5.248153448 0.188760711 -0.015064230 
-2.642975882 1.461924474 -1.111504886 -0.535371616 0.106103898 -0.008013406 3.668463079 
6.591501529 -3.073508243 1.631924441 1.133350212 -6.068343690 -0.222948350 0.017218447 
37.028797206 -15.691013544 9.693053683 5.484726182 -1.030229053 0.077048865 -34.536415909 
4.017232130 -1.538560674 1.191963442 0.453151621 -4.053916987 -0.069005557 0.004006191 
37.039387169 -15.759353615 9.653608494 5.529655169 -1.043337538 0.078566509 -34.472338982 
1.309488046 -0.460678226 0.422706769 0.122362082 -1.378504187 -0.015759205 0.000584867 
32.100725671 -13.219509221 8.530610534 4.488027260 -0.814158834 0.058483425 -30.120191135 
-0.538075533 0.204222971 -0.149268810 -0.048338126 0.528757292 0.001515311 0.000670118 
36.462990811 -15.392535168 9.568189772 5.358860468 -1.002571737 0.074781983 -34.042680792 
0.856683550 -0.462427395 0.183020776 0.191060914 -0.730538652 -0.040228129 0.003158478 
34.241882100 -14.292656888 9.040559287 4.920728215 -0.909702349 0.067191922 -32.035152280 
-2.220435109 0.950639678 -0.624966615 -0.339040312 2.172454499 0.067291009 -0.005404161 
34.246049846 -14.240425770 9.073665337 4.874790612 -0.891810776 0.064632617 -32.096815871 
-2.189295989 0.831624146 -0.682370411 -0.259729133 2.259988326 0.045234805 -0.003236156 
31.433495821 -13.100478303 8.253303907 4.531358892 -0.842888907 0.062378203 -29.307849340 
-2.161580840 0.663461700 -0.750106942 -0.139057396 2.378649498 0.010200678 0.000347480 
39.447152342 -16.706503907 10.360404353 5.817549944 -1.085711676 0.080399681 -36.884330239 
-4.526332458 1.797730765 -1.335443103 -0.578748169 4.547117046 0.102210593 -0.007302415 
36.751535473 -15.498113155 9.647611770 5.377039768 -0.999695455 0.073908381 -34.325592556 
-9.971005548 4.412457603 -2.655493302 -1.575457974 9.501661338 0.303763960 -0.023288912 
34.851623678 -14.404063525 9.275620256 4.903848933 -0.896368728 0.065367388 -32.769572550 
0.307070095 -0.226860940 0.021063782 0.105602439 -0.187585483 -0.024488420 0.001972405 
24.207253569 -9.822763417 6.405197631 3.365134452 -0.626569361 0.046786344 -22.544583139 
0.270049827 -0.028684322 0.117154301 -0.033735380 -0.345660361 0.015837625 -0.002050498 
33.954465764 -14.205205227 8.965549514 4.928816291 -0.922116591 0.068856695 -31.761874342 
-2.357099407 1.093061284 -0.598212167 -0.405992519 2.187381187 0.079107311 -0.006052960 
37.847124284 -15.994237099 9.945323825 5.577260203 -1.046710026 0.078425835 -35.374395038 
0.668993482 -0.178908279 0.246552463 0.017156131 -0.763617070 0.005760795 -0.001150296 
32.283826782 -13.574370653 8.444265556 4.726132820 -0.883677880 0.065806404 -30.036325936 
-3.587727755 1.539966053 -0.977487746 -0.531112374 3.459350744 0.098884389 -0.007349558 
36.106261741 -15.327340624 9.460269351 5.393746512 -1.023543271 0.077566342 -33.657097615 
-3.595988962 1.723887306 -0.899833313 -0.672561496 3.312693013 0.141134975 -0.011586685 
41.233140197 -17.759249373 10.731987927 6.310418445 -1.205047327 0.091529014 -38.371386736 
-3.585134425 1.566226472 -0.967152332 -0.553445825 3.434546578 0.106213297 -0.008062414 
29.779508781 -12.437597361 7.792198187 4.325246794 -0.811835782 0.061067335 -27.679925828 
-6.924611789 3.006043776 -1.884227570 -1.053803706 6.663897444 0.199374839 -0.014916664 
29.768665397 -12.549964819 7.740057569 4.415985738 -0.838165573 0.063413180 -27.574679775 
-6.958678870 3.036072581 -1.854445743 -1.052276669 6.638194798 0.194235534 -0.014094065 
33.078188451 -14.013162391 8.606665270 4.908400646 -0.920227383 0.068184428 -30.700893979 
0.131728884 -0.103055711 0.025395367 0.056276314 -0.103679424 -0.014341670 0.001359458 
26.880699564 -10.801940714 7.240102710 3.634419336 -0.661262933 0.048091131 -25.316038403 
-2.354934360 1.202811885 -0.542392348 -0.504342921 2.101178553 0.112909626 -0.009719529 
-3.662444598 2.129076437 -1.288611845 -0.888729253 0.200237479 -0.017354389 4.448880603 
-5.511629189 2.337487822 -1.501384230 -0.782666196 5.327557605 0.138179712 -0.009575248 
-3.738616382 2.079331376 -1.255914794 -0.776733259 0.148990387 -0.010879615 4.468660748 
8.115813246 -3.630987614 2.142266290 1.293743922 -7.687479864 -0.247346240 0.018919026 
-0.178273704 0.613662154 -0.222459114 -0.297493903 0.066570439 -0.005443500 0.938241987 
-0.707163999 0.310372046 -0.178965873 -0.088601586 0.658632473 0.006145825 0.000750649 
-0.182697758 0.711483807 -0.195629843 -0.373546159 0.089317075 -0.007960863 0.879635571 
7.990067567 -3.609243249 2.106245086 1.313998522 -7.560977104 -0.258087344 0.020112775 
-5.154822594 2.957575771 -1.473691162 -1.163445656 0.232814106 -0.017937092 5.535711670 
-3.666013855 1.872284804 -0.871851894 -0.762058536 3.281954156 0.160369920 -0.012877629 
-0.997463585 0.905537829 -0.504922435 -0.388494517 0.085006948 -0.007009496 1.828836901 
-3.597347973 1.551331720 -0.990176390 -0.537942283 3.479810252 0.099208763 -0.007196168 
1.633169967 -0.517722409 0.071564736 0.227850950 -0.056056396 0.005389727 -0.445695763 
0.814812458 -0.740964014 0.035380312 0.420829842 -0.429408412 -0.114137833 0.011312452 
10.381927999 -4.923820890 2.118180428 1.987798796 -0.429458621 0.036101642 -8.249407780 
5.271754843 -2.637632249 1.247102885 1.054477928 -4.724977709 -0.226455937 0.018982647 
3.464428490 -1.023838110 0.609857290 0.213304429 -0.007573463 -0.001890301 -2.328062069 
3.086102851 -1.343924130 0.789936007 0.446106717 -2.894363043 -0.082333010 0.006309577 
3.656344009 -1.618780823 0.370177492 0.635943294 -0.130450375 0.010779748 -1.992268227 
3.060666267 -1.394577264 0.793122243 0.507684671 -2.866320031 -0.101438120 0.008405757 
3.567457282 -1.531204379 0.444554635 0.643621697 -0.142672941 0.012421306 -2.040571803 
-6.494782722 2.619897787 -1.829318730 -0.808638355 6.388312148 0.124814421 -0.006716942 
10.554058737 -4.815931562 2.284423912 1.916355039 -0.410405703 0.034860718 -8.613361567 
-2.541963495 0.949807038 -0.730051395 -0.249368232 2.540658246 0.027236764 -0.000337436 
0.730511672 0.177998677 -0.041153507 -0.139724707 0.042769769 -0.004407633 0.180326001 
5.338774261 -2.735814029 1.251718644 1.102703616 -4.750180190 -0.230822946 0.018611882 
0.719317124 0.212919668 -0.018403469 -0.164064963 0.048288791 -0.004749676 0.152368796 
-2.651854807 1.243662599 -0.659641859 -0.450137099 2.438091447 0.082008093 -0.005316404 
7.908923370 -3.073248882 1.851107235 1.038560720 -0.185337881 0.012667273 -6.606506047 
2.199701050 -0.859547876 0.611364575 0.241109344 -2.158340945 -0.032905650 0.001716921 
2.301516594 -0.553620185 0.371542156 0.155163728 -0.023676019 0.001395998 -1.306545225 
2.217326953 -1.008180065 0.564848336 0.359995392 -2.069944710 -0.071418446 0.006071333 
2.385547548 -0.933230608 0.217766324 0.420491631 -0.102971254 0.010212899 -1.054220652 
-1.460080727 0.670743484 -0.336252395 -0.247490775 1.319884543 0.049456043 -0.003689348 
9.866520379 -4.296623536 2.206456319 1.644748329 -0.341785493 0.028577270 -8.163122883 
-1.427089334 0.739137272 -0.345228814 -0.325331717 1.290454765 0.073740674 -0.005998354 
1.277298331 -0.102287988 0.079892419 -0.028797015 0.020462155 -0.002575238 -0.307392816 
-6.392454146 2.848826102 -1.661943718 -1.019301230 6.032938017 0.196045359 -0.015030449 
-2.375778608 1.090730510 -1.162686308 -0.297850406 0.037882122 -0.000981119 3.646643851 
1.451006119 -1.062749996 0.140112730 0.529166914 -0.934696331 -0.129751505 0.011791850 
35.371460489 -14.923032077 9.245244443 5.184418842 -0.967348121 0.072079761 -32.956860617 
1.376839176 -0.608210504 0.331687309 0.186790739 -1.261809388 -0.022902758 0.000001158 
28.380060747 -11.396766579 7.580700828 3.744143304 -0.652860915 0.045353965 -26.675367421 
1.331022680 -0.521104527 0.378978617 0.152920519 -1.321038092 -0.022600000 0.001218836 
33.768634213 -14.207575731 8.823653132 4.928930009 -0.916613457 0.067825000 -31.438870014 
-3.507932401 1.719751622 -0.868662726 -0.694473927 3.209643286 0.151639411 -0.012964164 
33.799095318 -14.159847448 8.842538673 4.865994464 -0.890035535 0.064337098 -31.493299630 
-6.558097155 3.007597955 -1.704835710 -1.115698368 6.162248168 0.221911897 -0.017384503 
40.977230217 -17.349455515 10.826585655 6.050671255 -1.133329936 0.084445364 -38.424140265 
1.369402850 -0.525029446 0.384396287 0.127314942 -1.348186608 -0.006164338 -0.001217727 
34.312767941 -14.346397925 9.031199130 4.930132409 -0.904894635 0.065919348 -32.058167819 
-3.163469899 1.211318705 -0.968592459 -0.371356996 3.234483064 0.060648612 -0.003842809 
39.919585665 -17.085724470 10.397694973 6.032556665 -1.146131213 0.086819965 -37.170977652 
-7.118746192 3.123220522 -1.944102442 -1.120816399 6.856582967 0.218099847 -0.016767982 
34.412374540 -14.314288173 9.092202889 4.891463029 -0.892648960 0.064694276 -32.226637979 
-1.599343115 0.426055073 -0.576955829 -0.046607815 1.802544076 -0.010798814 0.002347679 
38.268883267 -16.150414804 10.051246392 5.601421998 -1.042309957 0.077269998 -35.778279376 
-6.846007401 3.122397401 -1.758391451 -1.146804107 6.411139490 0.226697721 -0.017662568 
32.796542852 -13.520998158 8.715994748 4.605230045 -0.843568156 0.061555486 -30.787411291 
-0.450256780 0.232664278 -0.154442717 -0.135743373 0.469428751 0.040392013 -0.004313166 
25.292359040 -10.553756945 6.593395731 3.751853879 -0.733643664 0.058391790 -23.381402546 
-4.498635465 1.829378413 -1.285987514 -0.597868896 4.442143019 0.106134451 -0.007746511 
37.012402052 -15.974295746 9.548078871 5.701443556 -1.093503153 0.083368546 -34.248724503 
-4.549861416 2.188372778 -1.117069619 -0.858035775 4.155425962 0.183765154 -0.015816854 
33.135537816 -14.148160977 8.586696566 5.017057258 -0.955415630 0.071906734 -30.680247694 
1.656860182 -0.756530739 0.446554892 0.286318249 -1.583936056 -0.061156623 0.005264573 
35.694522577 -14.887497747 9.439042893 5.097309665 -0.931454706 0.067505953 -33.451668358 
1.671576509 -0.994535431 0.348914956 0.475832909 -1.398411757 -0.119756317 0.011479375 
40.339657086 -17.083504645 10.625086085 5.954087449 -1.114601309 0.083214979 -37.771458116 
1.673502353 -0.881672882 0.386994967 0.370192967 -1.476385081 -0.080124001 0.006453724 
37.192848371 -15.886268172 9.685032876 5.610503422 -1.065793700 0.080490935 -34.586911494 
-6.037474275 2.510316247 -1.658682664 -0.801919082 5.858081735 0.129246813 -0.007798441 
33.080105147 -14.036431646 8.612419408 4.943926132 -0.938867304 0.071159452 -30.706635050 
-6.079518027 2.863375162 -1.497100682 -1.065980704 5.577817763 0.209541888 -0.016094337 
33.109524879 -14.130168314 8.541335431 4.978049455 -0.938555148 0.070245805 -30.603938184 
-9.624967124 4.456395672 -2.457720924 -1.673362373 8.975823183 0.340908472 -0.027617328 
29.718776496 -12.446582544 7.739199003 4.318194542 -0.804009060 0.059741849 -27.561460368 
0.502160508 -0.172670650 0.181888543 0.047848373 -0.557545629 -0.007659859 0.000897905 
22.792707580 -8.590391058 6.325058570 2.683350018 -0.448957979 0.030020515 -21.766602203 
