10.181810508 -4.702896191 2.561477786 1.724380317 -9.449090539 -0.334656509 0.025351985 
0.891138441 -0.701455606 -0.419146642 0.467237531 -0.127632355 0.012245063 0.796787288 
-3.749132774 1.645974840 -1.028744009 -0.595127300 3.614858684 0.115458853 -0.008858277 
0.654479814 0.223550332 -0.044454876 -0.191259494 0.060590301 -0.006249547 0.227878898 
12.361088987 -5.846089965 3.100017439 2.205047845 -11.407927085 -0.439618214 0.034033701 
4.618693788 -1.655842872 0.957471372 0.514643517 -0.078252985 0.004004378 -3.431485585 
12.241992511 -5.583849855 3.233226175 2.079307212 -11.577604075 -0.422409482 0.034399372 
-10.087948423 5.110185755 -2.826656089 -1.953954746 0.392074503 -0.030332967 10.318372049 
2.270883710 -0.532807668 0.834717712 -0.002163864 -2.588370120 0.029220344 -0.003551281 
1.212091773 -0.608491482 -0.070710611 0.415790760 -0.126468102 0.013225741 0.083846480 
2.313092002 -0.662802221 0.777469805 0.083655751 -2.514688898 0.013786149 -0.003253323 
1.280391765 -0.390511360 -0.029382716 0.155816313 -0.023316411 0.000173036 -0.063383902 
2.397705589 -1.058334207 0.632253835 0.360748645 -2.273473334 -0.063366872 0.004167374 
10.538537613 -4.721171548 2.322097826 1.806368452 -0.366701323 0.028781907 -8.676386233 
2.483813424 -1.248230409 0.545550844 0.461054029 -2.165102096 -0.082635262 0.005293220 
2.322565396 -1.058947012 0.125872166 0.480167416 -0.110613625 0.009252966 -0.843440894 
4.778400793 -2.286007972 1.197140368 0.903879843 -4.409597877 -0.197036682 0.016850936 
2.360820439 -0.840435687 0.144489437 0.241489566 -0.029832599 0.001457326 -0.946463328 
4.939888423 -2.513870366 1.067648473 0.979390087 -4.281629169 -0.205023246 0.017113114 
2.623233585 -1.630986475 -0.147910709 0.815863718 -0.194329686 0.017204754 -0.544410572 
4.842588030 -2.354320738 1.165596071 0.911110247 -4.390111832 -0.186250948 0.015021642 
-4.301074301 2.362565282 -1.462082192 -0.907938039 0.188469160 -0.015479195 5.095249829 
-9.089807586 3.832891533 -2.532093186 -1.306431086 8.863716391 0.244131068 -0.018593300 
-4.256020716 1.821459071 -1.614643376 -0.484196331 0.060477749 -0.002440324 5.422029882 
-2.167726693 0.879544903 -0.613405121 -0.289299858 2.138833878 0.054359984 -0.004128080 
-12.310228534 5.965938721 -3.492562510 -2.177765686 0.424717792 -0.033078046 12.576220091 
-2.202243573 0.986910095 -0.561833766 -0.356986767 2.065106382 0.069077989 -0.005233597 
-6.850097968 3.122669894 -2.187955001 -0.980244638 0.155648013 -0.009228807 7.694722794 
-2.252949894 1.138240064 -0.502854328 -0.438754483 1.973585913 0.087592550 -0.006659533 
-3.201821749 1.635638237 -1.218362786 -0.580765520 0.122744943 -0.011043055 4.200566850 
9.783416515 -4.309652018 2.642379126 1.539609902 -9.370251273 -0.302211951 0.024227675 
-14.790402805 6.832905839 -4.242248855 -2.368984136 0.432240958 -0.031200690 15.114390696 
6.165166322 -2.817082932 1.556407236 1.003234751 -5.728097148 -0.189738826 0.014660503 
-3.518145649 1.846812770 -1.261307645 -0.645855002 0.122349439 -0.009236512 4.419997802 
-0.624429584 -0.002092640 -0.263097117 0.123382122 0.800860932 -0.049665538 0.005969416 
6.857819823 -2.672163572 1.561925584 0.931835490 -0.173772683 0.013132706 -5.570519986 
-0.741079298 0.670377026 -0.052555453 -0.393567124 0.424078841 0.104917040 -0.009929993 
-0.854167689 0.428428026 -0.702742944 -0.066275371 -0.000563780 0.000859858 2.135848235 
-12.058184844 5.845439192 -2.978602219 -2.282455338 11.032643130 0.473851092 -0.038385916 
-8.744817204 3.981868827 -2.814379826 -1.340217898 0.234056174 -0.015405200 9.636936429 
18.576075220 -7.614047748 5.216216558 2.461184118 -18.257445747 -0.430148095 0.030927565 
58.979609006 -25.899635191 15.147217391 9.317661594 -1.784473717 0.133985543 -54.675686848 
-6.884404325 3.990820626 -1.383552377 -1.797187517 5.666658749 0.408244914 -0.034479635 
38.752621089 -16.374122325 10.173099037 5.848010000 -1.128192739 0.085967406 -36.146439808 
8.021845151 -4.088118312 1.887342530 1.663970849 -7.186266753 -0.364709890 0.031685229 
50.944776496 -21.833859184 13.280051864 7.702162163 -1.447889318 0.106585726 -47.535172044 
22.570447847 -10.091758879 5.927939118 3.548878999 -21.377553479 -0.656881562 0.047348043 
50.873113207 -20.950323387 13.652609154 7.060909032 -1.273085141 0.091545231 -48.233969392 
-4.087680401 2.423706561 -0.741230265 -1.109705476 3.234280224 0.257100421 -0.022508028 
60.453215900 -26.087460381 15.745791256 9.230093250 -1.751365524 0.131762482 -56.481895166 
-3.934701192 1.439436057 -1.146179379 -0.391227509 3.934812317 0.050943969 -0.002162970 
46.812076874 -19.658369942 12.344766426 6.814959217 -1.265379232 0.092830930 -43.915542004 
-3.776622577 0.845309115 -1.433201860 0.010129651 4.367171944 -0.067662441 0.011049944 
62.569372064 -26.591143156 16.465001182 9.179716256 -1.680012718 0.120511274 -58.817289217 
-21.751606205 9.681960736 -5.802289620 -3.541796511 20.700500190 0.708911857 -0.056674268 
62.447145270 -27.004298196 16.333190218 9.620189186 -1.844081435 0.140086307 -58.450290295 
-15.372849596 6.199448429 -4.363255564 -1.957468851 15.139092766 0.312993290 -0.017524957 
54.112234515 -22.091051966 14.657580967 7.340653730 -1.291998894 0.088644581 -51.569823957 
-15.458819724 6.597581878 -4.186289711 -2.255268054 14.852873836 0.412006057 -0.029730851 
80.362812768 -34.623646917 21.291085598 12.243984638 -2.337735566 0.177989986 -75.863291828 
6.938233159 -3.787184548 1.518007644 1.641032877 -6.009214642 -0.379110336 0.033973412 
64.473776863 -28.133953201 16.694441894 10.127035196 -1.971349758 0.153570028 -60.104147198 
-3.766433035 1.869744374 -0.957035628 -0.845326719 3.449968895 0.217550522 -0.022149354 
49.093795183 -20.582975048 12.920580845 7.055999661 -1.284377060 0.091393190 -46.066368413 
8.494301375 -3.793948471 2.238974179 1.334580439 -8.076255154 -0.251620564 0.018977821 
66.407968833 -28.899884852 17.340847348 10.421895945 -2.044040478 0.161221461 -62.149422235 
8.500711939 -4.324081109 2.015019264 1.752838186 -7.641282762 -0.380596817 0.032729422 
52.105164876 -21.173041379 14.126008205 7.037087220 -1.252884753 0.088774767 -49.689383820 
-6.313589668 2.755432278 -1.630591281 -0.949156984 5.920743181 0.170428728 -0.012075356 
60.785217954 -25.546216043 16.212418715 8.792364326 -1.621523051 0.118840475 -57.500753867 
-6.215950793 2.866819637 -1.649151623 -1.123291025 5.856642105 0.236975019 -0.019480361 
32.703953372 -11.615051425 9.469031196 3.256474250 -0.449862394 0.021330702 -32.168613044 
-6.262715776 2.784843590 -1.650402375 -1.027951917 5.916537577 0.204035381 -0.015628078 
32.670873981 -12.937941468 8.881214720 4.327225948 -0.780310629 0.055525874 -31.006197026 
-6.248666738 2.069437187 -1.928477757 -0.446443461 6.468329608 0.021094875 0.003828089 
39.909044558 -15.803579953 10.924131092 5.131845568 -0.877931975 0.058093158 -38.129750972 
-6.255628387 2.326026308 -1.813755285 -0.658204833 6.251900792 0.091879543 -0.004688681 
31.334668338 -11.417741407 9.001638894 3.463303755 -0.569619549 0.037760628 -30.633317082 
-23.543210762 9.859547861 -6.438550403 -3.244336564 22.768155750 0.552307472 -0.035252534 
40.152480312 -16.023393198 10.970704106 5.303905130 -0.942114482 0.066559827 -38.315270726 
-7.298243272 3.494452047 -1.809996497 -1.362361743 6.724204634 0.283087474 -0.022975722 
-5.102915069 2.066545886 -1.949722473 -0.536624985 0.055959107 -0.000076761 6.389572715 
0.905820911 -0.631759961 0.186268429 0.346301300 -0.722000716 -0.097862714 0.010620419 
3.701085019 -1.821534042 0.494660761 0.870934595 -0.216581291 0.020312759 -2.130070312 
-8.121630762 4.394254215 -1.789404673 -1.891068836 7.019211916 0.423626148 -0.036383944 
-3.078238143 1.652955965 -1.119602479 -0.570493819 0.095329671 -0.005539553 3.949641021 
-8.029610175 3.932689648 -1.947794099 -1.520240220 7.281524379 0.301404689 -0.022730259 
7.983930341 -3.876358896 1.578927585 1.670379161 -0.381555510 0.033272659 -6.083152255 
3.988620087 -1.686540167 1.078649308 0.545281669 -3.844752795 -0.091334045 0.005410466 
-2.992969707 1.313353392 -1.202995396 -0.310990546 0.018899682 0.001991653 4.091921575 
-11.775123054 5.339380456 -3.070289633 -1.948139765 11.092346574 0.380454421 -0.029419757 
1.989699880 -1.169116669 -0.053467681 0.659843054 -0.174785222 0.016350939 -0.336717449 
-2.958054287 0.817897842 -0.990520953 -0.071109964 3.217816924 -0.030396399 0.005505210 
1.796354941 -0.330526978 0.267658746 0.067746699 -0.010146414 0.000970728 -0.860521242 
-3.007112589 1.232374896 -0.863701917 -0.421786018 2.979531328 0.084753601 -0.007767680 
-3.603282407 2.181938797 -1.269902055 -1.029710016 0.267811365 -0.026617067 4.413016444 
5.175139365 -2.656960182 1.181246098 1.083631169 -4.559129377 -0.239400907 0.020613799 
13.084816677 -6.588255458 2.553605625 2.700710701 -0.579943435 0.048793519 -10.289949615 
4.924885489 -1.917564861 1.460694340 0.587912509 -4.958111495 -0.104351690 0.008362006 
6.892795254 -3.432499815 1.010130786 1.409721764 -0.301141060 0.025606104 -4.662817472 
5.017828780 -2.031861894 1.386059773 0.607414504 -4.889989237 -0.090517620 0.005686794 
-5.763588276 2.641457017 -2.002486333 -0.838330408 0.133070662 -0.007597733 6.786571692 
-7.670019026 3.404883718 -2.008965553 -1.184042511 7.253067623 0.207656304 -0.012842915 
3.050683767 -1.866957230 0.195229717 1.098873359 -0.313028063 0.032407458 -1.246403373 
6.931755511 -3.773358293 1.454213903 1.559490683 -5.869395434 -0.325747568 0.025868857 
-18.706841912 8.467044301 -5.347115412 -2.895343574 0.511356174 -0.034761639 18.954104786 
6.736286438 -3.160359156 1.690883926 1.151663872 -6.215439213 -0.218302680 0.015929102 
-8.805688470 4.476437206 -2.456467539 -1.651061521 0.320373823 -0.024339301 9.087616927 
6.680145133 -3.550546109 1.570847890 1.599252230 -5.937766827 -0.401392458 0.040662354 
-2.969672009 1.652781649 -1.066171239 -0.578335111 0.098508535 -0.005475163 3.817354215 
6.767165762 -3.525036863 1.555418752 1.469429856 -5.968023305 -0.327677748 0.029011706 
-3.133168882 2.188291720 -0.835113158 -0.872278755 0.155876481 -0.008627580 3.461434175 
-0.431497891 0.459193070 -0.012711896 -0.303913555 0.210133828 0.089738768 -0.008683358 
-14.586751378 6.355849353 -4.416938683 -2.071805403 0.349655517 -0.022285642 15.339764050 
-0.408363818 0.149611507 -0.093742460 -0.060656772 0.381948175 0.021247767 -0.002753949 
-14.820207931 7.364702531 -4.010361200 -2.762863683 0.537675202 -0.039995502 14.679388365 
-0.563965197 0.803317243 0.124889599 -0.481601581 0.012931202 0.120665833 -0.010720358 
23.452352977 -10.913587241 5.522725511 4.216474130 -0.868906059 0.070567820 -20.523754721 
-0.292598882 -0.266912780 -0.255631726 0.236563725 0.622102137 -0.067964537 0.006784595 
-9.787324800 4.091496389 -3.270134827 -1.242033019 0.188709204 -0.010443141 10.967652631 
16.617203405 -7.018538054 4.509686470 2.285340926 -16.055269685 -0.386113815 0.025197326 
45.585290938 -19.561363526 11.869923941 7.021612611 -1.359403529 0.104298514 -42.443405797 
25.021022332 -12.313672511 6.142940237 4.917286272 -22.838630072 -1.054715983 0.088865197 
50.785433457 -22.082917940 13.128121906 7.964404798 -1.549562393 0.120460899 -47.158800400 
-12.790877592 6.975808474 -2.870101297 -3.106861285 11.084405503 0.731578292 -0.066670258 
40.245456436 -17.109675709 10.426707948 6.026647236 -1.123515679 0.081354514 -37.331827116 
15.950158160 -7.652602475 3.973144051 2.972305295 -14.708808758 -0.626117815 0.051867210 
40.168410747 -17.804788694 10.137201145 6.721247430 -1.379573268 0.111991178 -36.739065285 
-21.971058057 9.615087029 -5.907330150 -3.359682985 20.993263344 0.613867668 -0.043338050 
40.063042300 -15.557299555 11.139280353 4.968707839 -0.841800953 0.055604102 -38.595157441 
-13.126106657 5.676014380 -3.493016156 -1.914085680 12.486116888 0.332516721 -0.022498516 
59.309962032 -25.712860058 15.421122854 9.206327258 -1.779692618 0.137672904 -55.339705258 
-13.124176326 6.467315166 -3.218109755 -2.634618333 11.918831125 0.581541297 -0.050494818 
53.788923763 -23.036922545 14.079956682 8.210281935 -1.589955999 0.122717684 -50.330812628 
-24.827482475 10.785727592 -6.728618017 -3.794863787 23.830085535 0.719802753 -0.053950900 
96.905285375 -43.764660380 24.829730626 16.220150088 -3.240518833 0.257381345 -89.955625882 
-24.825958447 10.887639518 -6.702508718 -3.893670590 23.767525772 0.751808046 -0.057256118 
75.613845932 -33.005173338 19.750273179 11.846993415 -2.299446985 0.178011529 -70.831160037 
-24.828371486 10.458715778 -6.851968615 -3.551444779 24.082588375 0.655924325 -0.049146772 
104.193730011 -44.364914711 27.959862797 15.340852652 -2.856793192 0.211897657 -99.196718967 
16.993663161 -8.441626469 4.151207877 3.366350242 -15.464796233 -0.713670095 0.058888900 
48.218264489 -20.055648257 12.785696032 6.872974134 -1.263420457 0.092756560 -45.419362320 
3.939549743 -2.314642761 0.811697931 1.064576745 -3.326700935 -0.265590959 0.026683794 
61.803369283 -26.924654695 16.000469953 9.651326659 -1.864349851 0.143711073 -57.573940491 
3.964402911 -1.988289184 0.934422334 0.775225638 -3.580486486 -0.164464040 0.014160195 
72.863379840 -32.106414393 18.802039336 11.595991541 -2.245931011 0.172073953 -67.843979448 
3.887977476 -2.469072742 0.782734422 1.226465962 -3.202204149 -0.308153993 0.027980237 
72.810816221 -31.475192509 19.190166682 11.218829502 -2.163316353 0.166647124 -68.505332308 
-18.114597858 7.587324314 -4.977168071 -2.505871575 17.541122643 0.431536196 -0.029440629 
64.846764127 -28.611209565 16.696170614 10.391247395 -2.024998493 0.156206334 -60.225662349 
-18.142437168 8.847266351 -4.482515788 -3.542130577 16.564107141 0.762401603 -0.064882798 
64.872553462 -26.739473144 17.559788113 8.960258260 -1.604426585 0.114103366 -61.908686559 
-18.140464075 8.067529098 -4.771511757 -2.854789976 17.141179913 0.525796285 -0.036953497 
27.125764361 -10.241611134 7.455659680 3.226225680 -0.541560168 0.035827666 -25.843501481 
-17.953210328 7.562332593 -5.018231476 -2.615709055 17.498445718 0.492493074 -0.036678923 
19.382483470 -6.412665945 5.702915420 1.831600259 -0.290855177 0.019090148 -19.016258146 
-18.037457681 7.814438005 -4.896923922 -2.769655441 17.328443233 0.535762102 -0.042401520 
40.137382421 -15.645006452 11.188981221 5.104698409 -0.902955680 0.063389742 -38.715555202 
-30.170805937 14.217484228 -7.510875153 -5.403664485 27.770235236 1.099590459 -0.087505074 
35.075447916 -13.236997633 9.940167123 4.161844368 -0.707934996 0.047830051 -34.060459730 
