0.001101366 0.000026280 -0.009659333 0.009726467
0.000317952 0.000574670 -0.002845286 0.004956634
0.000087979 0.000781645 -0.001393346 0.003649888
0.000253367 0.000599719 -0.000853518 0.003056078
-0.000059475 0.001006414 -0.000520368 0.002622983
-0.000049841 0.000991963 -0.000364681 0.002389452
0.000153945 0.000645526 -0.000359849 0.002381238
-0.000300480 0.001508933 0.000128160 0.001454021
0.000393239 0.000052124 -0.000057194 0.001843263
0.000155754 0.000598339 -0.000461989 0.002774292
-0.000360620 0.001889274 0.000040550 0.001517944
0.000312658 0.000004098 0.000261320 0.000899789
-0.000189737 0.001611759 0.000106625 0.001394812
-0.000174943 0.001555544 0.000746892 -0.001038200
0.000458111 0.000615698 -0.005462212 0.006602768
0.000064740 0.000891058 -0.002142814 0.004279190
0.000031102 0.000921332 -0.001216801 0.003445778
-0.000068718 0.001031134 -0.000791429 0.002977870
0.000110395 0.000798287 -0.000472601 0.002563393
0.000060160 0.000873640 -0.000482639 0.002578449
-0.000036768 0.001038418 -0.000036251 0.001819589
-0.000188182 0.001326103 0.000042536 0.001669894
0.000119300 0.000680392 -0.000211612 0.002203605
0.000206272 0.000480356 -0.000138912 0.002036396
-0.000062170 0.001151461 0.000171226 0.001261051
-0.000038136 0.001084167 0.000075177 0.001529987
0.000225139 0.000241685 0.000154996 0.001274566
0.000026653 0.000995931 0.000014875 0.001807026
0.000274982 0.000825120 -0.004066099 0.005592063
0.000154742 0.000909288 -0.001842029 0.004035214
-0.000073720 0.001114903 -0.001252638 0.003504762
-0.000307000 0.001371511 -0.000824321 0.003033613
0.000314076 0.000564112 -0.000590707 0.002729915
-0.000115765 0.001208873 -0.000287972 0.002275813
0.000004733 0.001004027 -0.000287521 0.002275046
-0.000172290 0.001340372 -0.000181787 0.002074151
-0.000059004 0.001102470 -0.000108058 0.001919321
0.000096188 0.000745530 0.000053868 0.001546891
0.000216046 0.000445884 0.000144059 0.001321414
-0.000017366 0.001099437 -0.000316089 0.002609827
0.000197786 0.000410951 0.000235067 0.000846129
0.000108519 0.000750164 0.000600079 -0.000540918
0.000039245 0.001077925 -0.004057930 0.005630214
-0.000105772 0.001179437 -0.001940213 0.004147812
-0.000141701 0.001211773 -0.001135415 0.003423494
-0.000008867 0.001065656 -0.001025894 0.003303021
-0.000069040 0.001143880 -0.000529408 0.002657589
-0.000044173 0.001106579 -0.000532038 0.002661534
0.000100676 0.000860336 -0.000091853 0.001913220
0.000068097 0.000922237 0.000118975 0.001512647
-0.000331200 0.001760761 -0.000264405 0.002317744
0.000079603 0.000815913 0.000012857 0.001680042
-0.000017228 0.001057990 -0.000222231 0.002267762
-0.000098827 0.001286469 -0.000378251 0.002704618
0.000226961 0.000243947 0.000844105 -0.001206923
0.000594276 -0.001151850 0.000341002 0.000704869
0.000188823 0.001003065 -0.004226332 0.005816858
-0.000017619 0.001147574 -0.002047022 0.004291341
-0.000213881 0.001324210 -0.001389334 0.003699422
-0.000223848 0.001335174 -0.000783596 0.003033111
-0.000066151 0.001130168 -0.000745398 0.002983454
-0.000014622 0.001052875 -0.000330095 0.002360499
-0.000046623 0.001107276 -0.000169476 0.002087447
0.000039418 0.000943798 -0.000224337 0.002191682
-0.000222111 0.001493010 -0.000270532 0.002288691
0.000090428 0.000774170 -0.000198264 0.002122475
-0.000172147 0.001430606 -0.000110009 0.001901837
0.000345677 -0.000019301 0.000039759 0.001482488
0.000258024 0.000261189 0.000232175 0.000866757
-0.000513531 0.003193100 -0.000186758 0.002458702
-0.000077531 0.000932551 -0.003953219 0.005526451
-0.000123704 0.000964872 -0.001985155 0.004148806
0.000020853 0.000834771 -0.001158759 0.003405050
-0.000093509 0.000960569 -0.000791431 0.003000989
0.000184749 0.000598834 -0.000613151 0.002769224
0.000184194 0.000599666 -0.000225517 0.002187775
-0.000157467 0.001180489 -0.000298962 0.002312631
-0.000058855 0.000993127 -0.000061147 0.001860781
0.000113761 0.000630633 -0.000196185 0.002144363
-0.000285467 0.001548858 0.000190909 0.001254044
0.000239149 0.000237319 -0.000331673 0.002560500
-0.000194907 0.001452674 0.000194289 0.001087806
0.000142144 0.000374111 0.000144540 0.001247005
0.000025197 0.000818508 -0.000098512 0.002170603
-0.000238408 0.001095719 -0.003759412 0.005399383
-0.000117125 0.001010821 -0.001632313 0.003910413
0.000138828 0.000780463 -0.001265007 0.003579838
-0.000068266 0.001008267 -0.000837905 0.003110026
-0.000034973 0.000964987 -0.000706493 0.002939190
-0.000035928 0.000966418 -0.000386091 0.002458587
-0.000052340 0.000994319 -0.000013728 0.001825570
0.000213462 0.000489295 -0.000261184 0.002295736
0.000123781 0.000677625 0.000094681 0.001548420
-0.000119094 0.001236238 -0.000264317 0.002374115
0.000088349 0.000717630 -0.000170878 0.002140518
0.000093183 0.000704096 0.000165318 0.001199170
-0.000005436 0.001019676 0.000138562 0.001284789
0.000019721 0.000924078 0.000230355 0.000935976
0.000001249 0.000959801 -0.004356820 0.005753584
-0.000026389 0.000979148 -0.001729900 0.003914740
0.000170792 0.000801685 -0.001000995 0.003258725
-0.000076955 0.001074206 -0.000849292 0.003091852
0.000049454 0.000909876 -0.000497810 0.002634925
-0.000030522 0.001029839 -0.000268738 0.002291317
0.000032310 0.000923024 -0.000115968 0.002031608
0.000097569 0.000799031 -0.000374677 0.002523156
0.000481902 -0.000008068 0.000085863 0.001556022
-0.000144784 0.001433311 0.000093210 0.001539123
-0.000099183 0.001319309 -0.000112810 0.002054174
0.000081000 0.000814795 0.000231917 0.001088938
-0.000123461 0.001469071 -0.000052699 0.001999710
0.000467887 -0.000778051 0.000949551 -0.001808842
-0.000298147 0.001213815 -0.006625881 0.007442873
0.000173686 0.000883531 -0.002121859 0.004290058
0.000165715 0.000890706 -0.001084188 0.003356154
-0.000107203 0.001190915 -0.000985244 0.003247315
0.000138928 0.000870946 -0.000376850 0.002456402
0.000010909 0.001062973 -0.000251695 0.002268671
-0.000182295 0.001391421 -0.000147081 0.002090827
0.000258694 0.000553541 -0.000303318 0.002387677
-0.000095230 0.001296782 -0.000088696 0.001936971
-0.000181109 0.001494303 0.000070998 0.001569674
0.000148837 0.000669437 0.000136486 0.001405955
-0.000048045 0.001220709 -0.000103586 0.002078157
0.000052657 0.000898462 -0.000085199 0.002019318
-0.000033594 0.001226216 0.000318187 0.000486450
-0.000418029 0.001381224 -0.011846280 0.011458008
0.000224512 0.000931445 -0.003094139 0.005331509
0.000095665 0.001047408 -0.001623700 0.004008114
-0.000070659 0.001230364 -0.001003065 0.003325416
-0.000139208 0.001319477 -0.000594308 0.002794031
0.000164138 0.000864459 -0.000416554 0.002527401
-0.000085647 0.001289093 -0.000426800 0.002544818
0.000286934 0.000581190 0.000034633 0.001668096
-0.000202030 0.001608014 -0.000098436 0.001947540
0.000239733 0.000591958 0.000182051 0.001302421
-0.000039376 0.001289731 0.000116980 0.001465098
-0.000134173 0.001555164 -0.000068140 0.001983434
0.000140892 0.000674954 0.000135310 0.001332396
0.000071060 0.000940315 0.000267376 0.000830545
0.000577202 -0.001287649 -0.009413346 0.010144760
0.000697892 -0.001372132 -0.003063230 0.005699679
0.000186782 -0.000912132 -0.001419248 0.004220096
0.000151328 -0.000873133 -0.000849285 0.003593136
0.000203978 -0.000941577 -0.000525254 0.003171896
0.000253658 -0.001016099 -0.000521663 0.003166509
0.000268587 -0.001041477 -0.000155845 0.002544619
-0.000323097 0.000082723 -0.000173919 0.002578959
0.000333203 -0.001295508 -0.000258626 0.002756844
0.000292903 -0.001202817 0.000335629 0.001390058
-0.000288829 0.000251513 0.000230062 0.001653975
0.000105303 -0.000852056 -0.000272903 0.003062278
0.000049031 -0.000671986 -0.000021547 0.002257938
0.000448698 -0.002190722 0.000640259 -0.000256924
0.000307097 -0.001042004 -0.005468659 0.007125777
0.000157681 -0.000937413 -0.002487174 0.005038738
0.000207866 -0.000982580 -0.001114814 0.003803614
0.000070415 -0.000831383 -0.000902600 0.003570178
0.000111312 -0.000884550 -0.000322018 0.002815421
0.000384007 -0.001293592 -0.000347812 0.002854112
0.000001924 -0.000644052 -0.000243570 0.002676902
-0.000078006 -0.000492184 -0.000207969 0.002609260
0.000279356 -0.001242643 0.000053757 0.002059635
0.000101922 -0.000834545 -0.000156317 0.002542804
0.000119182 -0.000877696 0.000295477 0.001413321
-0.000028471 -0.000464269 -0.000026635 0.002315235
-0.000109239 -0.000205809 0.000398248 0.000955610
-0.000004687 -0.000603108 0.000407118 0.000921903
0.000459776 -0.001195996 -0.004078878 0.006078021
-0.000042516 -0.000844391 -0.001969077 0.004601161
0.000172539 -0.001037941 -0.001271015 0.003972905
0.000106378 -0.000965165 -0.000869871 0.003531646
0.000156167 -0.001029890 -0.000513320 0.003068131
0.000113176 -0.000965403 -0.000127681 0.002489672
0.000227777 -0.001160226 -0.000365676 0.002894263
0.000305616 -0.001308118 -0.000005268 0.002209488
-0.000061778 -0.000536591 -0.000467646 0.003180482
0.000422070 -0.001649442 -0.000268189 0.002721732
-0.000091097 -0.000366526 0.000212796 0.001519269
0.000188921 -0.001150574 -0.000009181 0.002140804
-0.000110222 -0.000193316 0.000183608 0.001523880
0.000422004 -0.002215777 0.000517038 0.000256844
0.000210974 -0.001037783 -0.003969685 0.005971959
0.000067985 -0.000937690 -0.002213379 0.004742545
0.000078083 -0.000946779 -0.001136312 0.003773185
-0.000006265 -0.000853995 -0.000762594 0.003362094
0.000331349 -0.001292894 -0.000544125 0.003078085
-0.000141183 -0.000584096 -0.000565097 0.003109543
0.000195991 -0.001157291 -0.000175480 0.002447194
0.000182242 -0.001131169 -0.000404297 0.002881945
0.000078476 -0.000913260 0.000178147 0.001658814
-0.000128004 -0.000438356 -0.000345000 0.002862052
0.000104326 -0.001019180 0.000215645 0.001460438
0.000318148 -0.001617882 0.000353693 0.001073905
0.000006609 -0.000620959 -0.000311229 0.003201656
0.000270953 -0.001625464 0.000594373 -0.000239633
0.000378545 -0.001271467 -0.004083069 0.006073282
0.000051027 -0.001042204 -0.002020600 0.004629554
-0.000023881 -0.000974787 -0.001312395 0.003992170
0.000073920 -0.001082369 -0.000815015 0.003445051
0.000069963 -0.001077224 -0.000745709 0.003354954
0.000064638 -0.001069237 -0.000501920 0.002989271
0.000262710 -0.001405960 -0.000112871 0.002327887
0.000142943 -0.001178402 -0.000257078 0.002601880
0.000019047 -0.000918220 0.000183025 0.001677665
-0.000122592 -0.000592450 -0.000751400 0.003826841
0.000170159 -0.001324329 0.000357757 0.001053949
0.000103944 -0.001138925 0.000239309 0.001385605
0.000252035 -0.001612818 0.000141041 0.001700060
0.000339797 -0.001946313 0.000566272 0.000084185
0.000552781 -0.000925353 -0.003876642 0.005819379
-0.000042412 -0.000508718 -0.001730747 0.004317252
-0.000338070 -0.000242626 -0.001107596 0.003756416
-0.000014865 -0.000598151 -0.000770488 0.003385597
0.000207291 -0.000886953 -0.000533967 0.003078120
0.000272270 -0.000984423 -0.000286306 0.002706629
-0.000312796 0.000010190 -0.000160991 0.002493593
0.000164003 -0.000895728 -0.000220210 0.002606110
0.000100219 -0.000761782 -0.000048964 0.002246493
-0.000005079 -0.000519598 -0.000144838 0.002467003
-0.000092425 -0.000301232 0.000056861 0.001962755
0.000316718 -0.001446833 -0.000330516 0.003047410
0.000104049 -0.000766292 0.000521335 0.000321489
0.000638331 -0.002796564 0.001207609 -0.002286355
0.000411975 -0.000903660 -0.003810132 0.005706937
-0.000106969 -0.000540400 -0.001838749 0.004326969
-0.000198409 -0.000458104 -0.000882263 0.003466132
0.000062689 -0.000745312 -0.000727547 0.003295945
0.000128501 -0.000830867 -0.000367910 0.002828416
-0.000115082 -0.000465493 -0.000555999 0.003110551
0.000085510 -0.000806499 -0.000128468 0.002383747
0.000171285 -0.000969472 -0.000440374 0.002976368
-0.000246529 -0.000092062 -0.000119439 0.002302405
0.000188098 -0.001091705 -0.000461924 0.003090120
0.000440875 -0.001723647 0.000316561 0.001143909
0.000254403 -0.001201524 0.000075693 0.001818338
-0.000295749 0.000558962 0.000112855 0.001699421
0.000832101 -0.003726868 0.001020270 -0.001748756
0.000430874 -0.001073764 -0.004242132 0.005936860
-0.000113519 -0.000692690 -0.001731763 0.004179602
-0.000111170 -0.000694804 -0.000826847 0.003365177
0.000083124 -0.000908527 -0.000841723 0.003381541
-0.000020180 -0.000774232 -0.000669628 0.003157818
0.000012583 -0.000823377 -0.000281630 0.002575820
-0.000093894 -0.000642365 -0.000497489 0.002942782
0.000080125 -0.000973001 0.000020000 0.001959552
0.000170963 -0.001163762 -0.000161598 0.002340909
-0.000085590 -0.000573690 0.000352085 0.001159437
0.000318062 -0.001582820 -0.000351810 0.002919175
0.000261359 -0.001424052 0.000258403 0.001210578
-0.000140759 -0.000137272 0.000204412 0.001383350
0.000937807 -0.004235824 0.000862381 -0.001116934
-0.000030821 -0.000978805 -0.006040888 0.007201584
0.000029438 -0.001020987 -0.001921157 0.004317772
0.000047958 -0.001037655 -0.000899849 0.003398595
0.000001674 -0.000986742 -0.000951438 0.003455343
0.000166568 -0.001201104 -0.000449419 0.002802718
0.000140461 -0.001161944 -0.000351738 0.002656197
-0.000123936 -0.000712469 -0.000492811 0.002896020
0.000137675 -0.001209530 0.000174975 0.001627228
-0.000343731 -0.000198577 -0.000459925 0.002960518
0.000132750 -0.001294483 0.000283521 0.001250590
0.000251325 -0.001590921 -0.000013143 0.001992252
0.000172944 -0.001371455 -0.000180624 0.002461199
0.000328567 -0.001869447 0.000367239 0.000708035
-0.000302835 0.000529879 -0.000218207 0.002932731
-0.000054306 -0.001085616 -0.010499664 0.010586361
-0.000084954 -0.001064163 -0.003008481 0.005342532
0.000193001 -0.001314323 -0.001140862 0.003661675
0.000239560 -0.001365537 -0.000786950 0.003272373
-0.000032454 -0.001011919 -0.000449594 0.002833809
0.000009649 -0.001075074 -0.000697650 0.003205894
0.000192176 -0.001385370 -0.000264428 0.002469417
-0.000322486 -0.000407512 -0.000261434 0.002463728
0.000296793 -0.001707997 -0.000097223 0.002118885
0.000220546 -0.001532629 0.000544136 0.000643760
-0.000052525 -0.000849953 -0.000106875 0.002271286
-0.000001214 -0.000993623 -0.000173629 0.002458197
-0.000067837 -0.000780430 0.000311594 0.000905485
0.000128323 -0.001525835 -0.000031180 0.002208024
0.144288548 -0.745835905 -1.189069819 3.335228717
-0.044335726 -0.613798915 -0.491808682 2.847145930
-0.013029274 -0.641974720 0.014020201 2.391899947
0.014986401 -0.672791964 -0.454014702 2.906738351
-0.074296874 -0.556723711 0.010095832 2.303394679
-1.260199246 1.222129848 -0.473121292 3.028220365
-0.145663075 -0.672581696 0.179022615 1.919575693
-0.268904663 -0.438422682 -0.256321522 2.746729542
0.143651928 -1.304791484 0.046811093 2.110151080
-0.446746839 0.053125652 0.819581552 0.332779062
-0.648175581 0.556697507 -1.169955122 5.306620745
0.281319551 -2.045888819 0.330659072 1.104901073
0.105557458 -1.483450114 -0.271683577 3.032397580
-0.217726691 -0.254970363 -0.890213453 5.382811080
-0.170751522 -0.563645686 -0.971034823 3.164247423
-0.104068226 -0.610323992 -0.474684267 2.816802039
-0.041246106 -0.666863898 -0.287884405 2.648682168
-0.052480716 -0.654505827 -0.029996644 2.365005625
0.003104805 -0.726767002 -0.150101149 2.521141475
-0.373383671 -0.162034287 -0.390207674 2.881301263
-0.361542533 -0.182164223 0.357942709 1.609445576
-0.757874819 0.570867111 -0.582356661 3.396014357
0.162082276 -1.361042701 -0.093566157 2.369554345
0.542738010 -2.236550872 0.072003586 1.988743944
-0.647232834 0.738376239 -0.434292227 3.254483475
-1.019036527 1.779426561 -0.713475773 4.036197390
0.753707211 -3.893353484 0.411541925 0.436140706
-0.242767795 -0.106748508 0.000000000 2.000000000
0.047948661 -0.730378063 -1.080645387 3.253533992
-0.146086225 -0.594553645 -0.402851129 2.779078019
-0.080707352 -0.653394629 -0.329807918 2.713339131
-0.129990028 -0.599183684 -0.196334194 2.566518031
0.183650211 -1.006915980 0.027874702 2.275046478
-0.119947763 -0.551519020 -0.550308096 3.142320675
-0.449435574 0.008610275 0.188558169 1.886247988
-0.460808144 0.030218158 -0.139805129 2.510138246
0.482068543 -1.949822794 -0.277780228 2.799885942
-0.520933146 0.357081043 -0.161278209 2.531931304
0.256240806 -1.585853837 -0.163240459 2.536836927
0.156604312 -1.306871660 -0.180026846 2.583838811
-0.554646739 0.969131739 -0.012921494 2.049101678
-0.165140341 -0.510992557 -0.543983015 4.067135431
-0.080885594 -0.713927535 -1.109764642 3.230107341
0.138138541 -0.867244427 -0.405459428 2.737093699
-0.122205884 -0.632934450 -0.141133036 2.499199953
0.016411251 -0.785413302 -0.346092109 2.724654938
-0.068137331 -0.675500149 -0.059699998 2.352345207
-0.046754468 -0.707574444 -0.269038613 2.666353129
-0.175499085 -0.488708590 -0.098766124 2.376889890
0.497243880 -1.766920207 0.428390656 1.375292020
-1.372795970 2.160163300 -0.336521784 2.981608071
1.008560417 -3.316956277 -0.312030241 2.925277524
-0.240526039 -0.194240137 -0.291049527 2.872825738
-0.041822632 -0.750609666 0.448909295 0.800941073
0.071450583 -1.113083959 -0.395751460 3.503855528
0.242289915 -1.762273415 -0.291890519 3.109183960
0.220380141 -0.952233291 -0.955056009 3.130999713
0.155717740 -0.906969612 -0.366513751 2.719020139
0.018263157 -0.783260490 -0.360835705 2.713909898
0.020883985 -0.786143401 -0.255236717 2.597751009
0.129031210 -0.926734789 -0.066204055 2.352008557
-0.014730390 -0.711092388 -0.052949178 2.332126241
-0.072825875 -0.612330061 0.080388813 2.105451650
-0.127050028 -0.509304172 -0.784231705 3.748230614
-0.359012995 -0.022181963 1.075108987 -0.156384662
0.282120935 -1.496789973 0.133496491 2.009324034
0.152436916 -1.172579925 -0.771828615 4.272636800
-0.207089434 -0.165906160 0.059841857 1.943959517
-0.054283846 -0.654884050 -0.225755807 2.857872055
0.507571839 -2.789935627 -0.653117636 4.481846986
0.297499615 -1.007609644 -0.864931397 3.071815397
0.116558082 -0.880950574 -0.433970716 2.770142926
0.009385047 -0.784494845 -0.263981756 2.617152866
0.190319785 -0.983523061 -0.105166473 2.442456051
-0.173891741 -0.510048094 -0.290459325 2.683336750
0.468025990 -1.472924691 -0.247706116 2.619206936
0.074019161 -0.803113062 0.065029883 2.087555723
0.023013958 -0.706203178 -0.573245492 3.300278920
-0.295700062 -0.036903766 0.469860919 1.109755558
-0.348769641 0.085156263 0.910048268 0.097324675
0.625097255 -2.349510978 -0.715720767 4.161747263
-0.705747585 1.376854511 0.224801248 1.528285664
-0.219972963 -0.177624302 -0.412749515 3.568448137
0.762656600 -3.911616596 -0.093002772 2.353410529
0.517151685 -1.201378093 -1.218338085 3.317247665
0.358208439 -1.090117823 -0.334547778 2.698594461
-0.095439531 -0.681834661 -0.315574332 2.681518360
0.242333201 -1.053384673 -0.267783499 2.628948443
-0.038900366 -0.687781050 0.029205077 2.242863308
0.032692842 -0.795170862 -0.142711367 2.500737974
0.291864976 -1.235763503 -0.296255456 2.761762932
0.856229969 -2.308056976 -0.156276282 2.495802505
-0.369109125 0.265155006 -0.000934601 2.169584989
0.228744989 -1.109909428 0.473258382 1.078941150
0.047612993 -0.657079437 -0.805768300 4.276507857
0.139718767 -0.914975603 0.121756763 1.679437724
0.162703272 -0.988526018 -0.115098972 2.437376086
-1.030280316 3.544811560 0.000000000 2.000000000
0.521390171 -1.179516897 -1.012203754 3.210204870
0.224584056 -0.971752620 -0.506446392 2.856174723
0.121782989 -0.879231662 -0.345182337 2.711037077
0.168727101 -0.930870186 -0.121593519 2.465089372
0.100358701 -0.841991269 -0.083695630 2.415822118
0.248233319 -1.063803197 -0.250453889 2.665959507
0.108985046 -0.827081126 0.149176174 1.986588380
0.420553835 -1.419061817 0.391231915 1.526682478
0.934789852 -2.498957405 -0.415851971 3.221558561
-0.634565500 1.110559830 -0.110993359 2.520383769
-0.028731927 -0.404024103 -0.054903834 2.380159956
0.552474352 -2.031401656 -0.265177425 2.968926002
-0.095249628 0.041315112 -0.200597080 2.762268893
-1.000312701 3.480554745 -1.875000112 9.125000335
0.640654900 -1.251658727 -0.878188662 3.109924581
0.426480498 -1.101736648 -0.554528269 2.883362310
0.212699124 -0.909333417 -0.142488446 2.512526478
-0.019438870 -0.653981618 -0.482038432 2.886031471
0.193962111 -0.931402882 0.231927578 1.957875692
0.769676830 -1.794974961 0.005410908 2.297650697
-0.074994442 -0.359033759 -0.159823952 2.578549967
0.656848040 -1.749534456 -0.208938197 2.671867031
-0.364709559 0.395736402 -0.050837982 2.339856594
0.664099893 -1.970525286 -0.098274923 2.448961557
-0.084062033 -0.100120471 -0.241443355 2.806882636
0.784656530 -2.532532408 -0.366369399 3.156675554
-0.304302308 0.952135927 0.026177569 1.900525237
1.028871877 -4.113925913 -0.592546498 4.251676665
0.536706778 -1.142944918 -0.994843304 3.193043142
0.381237887 -1.034116697 -0.562988553 2.890744822
0.260344682 -0.925312815 -0.082951764 2.458711724
0.111929218 -0.762055801 -0.373321905 2.778118885
0.202704322 -0.880063431 -0.030993216 2.333091606
0.841397293 -1.838102889 -0.318378134 2.764168983
0.615741682 -1.454488338 -0.262345169 2.668912940
0.576358197 -1.379659718 0.232583368 1.728548732
0.360472228 -0.926299204 -0.209828565 2.657613748
-0.339070962 0.682650100 -0.001856088 2.179277061
0.142853308 -0.522160574 0.390567047 1.198219224
0.949025319 -2.779442168 0.499718070 0.892596364
-0.300883214 1.220265198 -1.960811728 8.766291835
0.817997216 -3.031480382 -1.019009263 5.187442515
0.325285216 0.383992483 -1.065694157 3.239714773
-0.276163535 0.805006602 -0.418697621 2.786817206
-0.044204284 0.596243282 -0.402302646 2.772061729
-0.000732541 0.548424363 -0.239727583 2.593229155
-0.235064868 0.853056377 -0.103516554 2.416154824
-0.894843425 1.842724212 0.065205082 2.163072371
-0.159927962 0.593367890 -0.334367872 2.842346411
-0.189672031 0.649881621 -0.137826254 2.468917341
-0.230076333 0.734730650 0.142285790 1.880682076
-0.849841332 2.160190120 -0.233011190 2.743865113
-0.559326450 1.433902913 -0.444397202 3.272330143
0.052341397 -0.278767027 0.524632806 0.559046167
0.212759866 -0.792106136 -0.396452013 3.506517631
0.293344773 -1.098328778 -0.297353136 3.129941904
0.117784746 0.378980246 -0.989055692 3.208381682
-0.053563121 0.498923750 -0.696860593 3.003845116
-0.156301372 0.591388173 -0.229535048 2.583252137
-0.034505737 0.457412973 -0.242443171 2.597451073
-0.089958289 0.529501287 0.003293752 2.277993084
-0.450731557 1.070661190 -0.101865506 2.435731971
-0.639477973 1.391530106 -0.579639881 3.247948431
-0.325191249 0.794385337 0.696892988 0.822536012
0.553445423 -1.050751591 -0.659831605 3.671657527
-0.952311434 2.412489109 0.639748421 0.682623529
-0.168767188 0.453628495 -0.237460174 2.875645017
0.134844766 -0.396484964 -0.144572224 2.615558759
0.125044654 -0.365124603 -0.254879436 2.968541843
-0.631502048 2.509752826 -1.348110145 7.122818488
-0.085283225 0.418800953 -1.201124263 3.333202159
-0.085698222 0.419091451 -0.480307369 2.828630342
-0.003578364 0.345183580 -0.337958255 2.700516143
-0.163213967 0.520782747 -0.231256568 2.583144284
-0.040564825 0.361338869 -0.045231570 2.341311796
-0.117644193 0.476957920 -0.354373371 2.805024497
-0.060212634 0.379324267 0.142154744 1.960926678
-0.639378061 1.479738565 -0.209293440 2.628678221
-0.762279183 1.737830909 -0.094597317 2.387816373
0.798814064 -1.852683485 -0.619687886 3.595524657
0.134759865 -0.192547986 -0.050342091 2.172160169
-0.529190655 1.666513439 0.199091983 1.473744773
-0.141956050 0.427362682 -0.184731910 2.701981250
0.281244645 -1.180799937 -0.452759740 3.720486990
-0.096653110 0.234015080 -1.298875886 3.379484931
0.134259247 0.072376433 -0.347002765 2.713173757
-0.200391140 0.373561774 -0.395545865 2.756862546
0.058901108 0.088340295 0.030634414 2.288064229
0.046187330 0.104868205 -0.158581696 2.534045163
-0.198514489 0.471920933 -0.495488526 3.039405407
-0.235363404 0.534564091 0.103741921 2.020713619
-0.105824248 0.288439697 -0.031633388 2.277926704
0.267815228 -0.496203166 0.009759662 2.191001302
-1.015427727 2.455255570 -0.714361497 3.856479934
0.355190530 -0.971290073 0.413068201 1.037905688
0.535198816 -1.475313266 -0.198790384 2.751109696
-0.444525896 1.659805858 -0.382999441 3.340578690
0.742074349 -2.849275014 -0.395815098 3.389278185
0.120084648 -0.056262993 -1.167465518 3.274051343
-0.064241583 0.072765366 -0.432201650 2.759366644
0.080568715 -0.057563899 -0.371658713 2.704878003
-0.056845212 0.093591425 -0.048201101 2.349074622
-0.073628722 0.115409987 -0.316519662 2.697888738
-0.009653941 0.019447815 0.095313765 2.080138598
0.463736093 -0.785315264 -0.220857938 2.617630507
-0.756246122 1.532650914 -0.088865789 2.366845428
0.213008691 -0.502784101 -0.349035180 2.913201124
0.879656356 -2.036073697 1.188580706 -0.623315341
-0.481624779 1.367129140 -0.723035450 4.155725051
-0.759464098 2.145079219 0.536422006 0.629244234
0.204589052 -0.939890906 -0.576324554 4.190033280
0.431864716 -1.803538418 0.000000000 2.000000000
0.133238201 -0.020798197 -1.178783249 3.263796722
0.023256467 0.056189015 -0.209521068 2.585313207
-0.146276134 0.208768352 -0.361529503 2.722120795
0.162455498 -0.130836450 -0.098770892 2.433086317
0.032219246 0.038470671 -0.270686085 2.656576060
0.179382259 -0.182273849 -0.252342164 2.629060178
-0.181128000 0.430593609 -0.357356199 2.807584043
-0.183653413 0.435391893 0.556193789 1.071839087
0.725788264 -1.474435541 -0.339249292 2.952269471
-0.608875420 1.595290868 0.508561013 1.002305811
0.497005040 -1.169410282 -0.324648273 3.085329026
-0.536299207 1.723841561 0.085872391 1.935871186
0.226889032 -0.718360841 -0.823539030 4.845987778
0.031414518 0.024442302 0.354325643 0.370102074
0.285933519 -0.283982185 -1.336208662 3.423110883
0.122857120 -0.169828707 -0.421352412 2.782711518
0.085090434 -0.135838691 -0.246084870 2.624970735
0.044579578 -0.091276748 -0.416714102 2.812662895
-0.004818867 -0.027058773 -0.132151811 2.442731929
0.117452685 -0.210466100 0.203187417 1.939723087
0.466690482 -0.804170372 -0.469743181 3.083705137
0.100574529 -0.108550071 0.279145341 1.660816963
0.020198854 0.060238839 -0.475095397 3.244722441
0.225213563 -0.411294982 0.357566987 1.329598998
0.061989834 -0.003235658 -0.339037631 3.071110542
-0.221256617 0.789854391 -0.018612142 2.173919188
0.054846166 -0.093674529 -0.755478860 4.531892720
0.284662832 -0.966977846 0.423658664 0.051170184
0.276038738 -0.390088186 -1.205654216 3.344436920
0.123819940 -0.283535030 -0.542649063 2.880333321
-0.021338458 -0.152892475 -0.288805893 2.651874473
0.025282362 -0.204175379 -0.119717164 2.465876868
0.200448957 -0.431891943 -0.428206819 2.866913404
0.122542464 -0.315032204 0.243782939 1.858928768
0.763113325 -1.404002697 -0.234388197 2.671819721
-0.297809615 0.611750863 0.137538959 1.965158134
0.722757559 -1.531440106 -0.456535707 3.212714877
-0.141555819 0.456480624 -0.419806142 3.128236878
0.122034793 -0.202495907 0.389316939 1.105429177
0.055142106 -0.015196388 -0.200812173 2.757790660
-0.415214913 1.489946095 -0.417920219 3.452536418
1.217004971 -4.712489387 -0.210428101 2.664066382
0.292060095 -0.467116752 -1.125629015 3.283356700
0.012684167 -0.271553606 -0.506105453 2.849690214
0.217884280 -0.456233703 -0.314652845 2.677382871
-0.093781311 -0.113401545 -0.141534856 2.486953079
-0.093989126 -0.113131385 -0.083669404 2.411727995
0.600030503 -1.154160829 -0.355924283 2.820110313
0.502913402 -0.989061752 0.297558414 1.709189697
0.247014114 -0.502853111 -0.635428656 3.481865107
0.939959278 -1.958037890 0.222785420 1.679615630
-0.058064521 0.337416801 -0.368361385 3.039253254
-0.351770502 1.071681751 -0.031975910 2.198289566
0.459343775 -1.199438184 -0.204967211 2.682665201
-0.329154062 1.323754931 -0.044616865 2.169544086
-0.005970318 0.095656720 0.000000000 2.000000000
0.117379434 -0.434162173 -1.149201462 3.316742216
0.085487967 -0.411838147 -0.568026338 2.909919636
0.118461223 -0.441514076 -0.225923008 2.602026647
-0.241732833 -0.045300606 -0.448638361 2.847013541
0.327183377 -0.784891652 0.001128912 2.262316108
0.909163661 -1.657862077 -0.174968201 2.526461777
0.554274413 -1.054550339 -0.275986293 2.698192539
0.574713698 -1.093384981 0.324287531 1.557672288
-0.211443515 0.557545093 -0.468282588 3.222069461
0.670561780 -1.471067044 -0.189037278 2.579805261
-0.489822592 1.429893886 0.180513093 1.655929335
0.679803021 -1.845057776 0.184653357 1.644336594
0.175533273 -0.231394557 -0.392045640 3.489773412
0.245982870 -0.499103024 -1.312870313 6.988907125
0.002399224 -0.000952822 -0.009530581 0.009642762
0.000619721 0.000292829 -0.002896283 0.004998754
0.000292543 0.000587290 -0.001533883 0.003772594
-0.000011627 0.000921877 -0.000667097 0.002819129
0.000009109 0.000894919 -0.000507736 0.002611960
-0.000114118 0.001079760 -0.000236911 0.002205722
0.000055346 0.000791671 -0.000499614 0.002652318
0.000053988 0.000794252 -0.000030028 0.001760103
-0.000152431 0.001227731 -0.000045965 0.001793573
0.000606307 -0.000517365 0.000189803 0.001251306
-0.000410616 0.002024942 -0.000178685 0.002172525
0.000359216 -0.000130587 0.000342349 0.000713631
-0.000269340 0.001880792 0.000007976 0.001783625
0.000016415 0.000794921 0.000684420 -0.000786864
0.001073652 0.000169890 -0.005570945 0.006676015
0.000128555 0.000831457 -0.002180626 0.004302792
0.000168222 0.000795758 -0.001156812 0.003381359
-0.000139447 0.001134193 -0.000745283 0.002928677
-0.000139711 0.001134536 -0.000701349 0.002871563
0.000042896 0.000860626 -0.000176851 0.002084816
0.000144090 0.000688596 -0.000418255 0.002495203
0.000253778 0.000480190 0.000061973 0.001582771
-0.000025937 0.001067591 0.000084804 0.001534825
-0.000276388 0.001643628 -0.000454212 0.002774562
-0.000195721 0.001441960 -0.000165959 0.002053928
-0.000118853 0.001226729 -0.000189596 0.002120113
0.000478790 -0.000685728 0.000517711 -0.000143269
0.001141538 -0.003204171 0.000908439 -0.001628038
0.000382811 0.000782031 -0.004020261 0.005578040
-0.000018926 0.001063247 -0.002132796 0.004256814
-0.000151846 0.001182875 -0.001083207 0.003312184
-0.000010405 0.001027290 -0.000795811 0.002996048
0.000115603 0.000863480 -0.000503416 0.002615934
-0.000041319 0.001098862 -0.000465016 0.002558334
-0.000074315 0.001154956 -0.000110766 0.001956110
0.000017830 0.000979881 -0.000221219 0.002165970
-0.000227421 0.001494907 -0.000091475 0.001893508
0.000123647 0.000687451 -0.000075178 0.001856024
0.000094854 0.000759434 -0.000125672 0.001982260
0.000338530 0.000077141 0.000227172 0.000994296
0.000029576 0.001065795 0.000136269 0.001285188
0.000199471 0.000420192 0.000200274 0.001041966
-0.000254191 0.001290805 -0.004099041 0.005672877
-0.000049284 0.001147371 -0.002129537 0.004294224
-0.000178268 0.001263456 -0.001196674 0.003454647
-0.000119407 0.001198709 -0.000744466 0.002957219
0.000068594 0.000954307 -0.000734201 0.002943875
0.000144957 0.000839763 -0.000254022 0.002223606
-0.000369101 0.001713661 -0.000446128 0.002550187
0.000062572 0.000893484 0.000359659 0.001019191
0.000574539 -0.000181648 -0.000323241 0.002453281
-0.000382371 0.002019246 -0.000355629 0.002527773
-0.000025580 0.001127267 -0.000020083 0.001688909
0.000208531 0.000471757 0.000141470 0.001236561
-0.000197575 0.001771297 -0.000393172 0.002947414
0.000568323 -0.001139117 0.000764149 -0.001450406
-0.000034049 0.001226698 -0.004228796 0.005847996
-0.000201822 0.001344139 -0.002402010 0.004569246
-0.000466266 0.001582139 -0.001127824 0.003422479
-0.000210310 0.001300587 -0.000932248 0.003207345
-0.000059390 0.001104391 -0.000485708 0.002626842
0.000015137 0.000992600 -0.000625282 0.002836203
0.000148437 0.000765991 -0.000151732 0.002031169
-0.000498444 0.001995064 0.000063410 0.001622398
0.000231730 0.000461700 -0.000246806 0.002273853
-0.000038586 0.001083427 -0.000713204 0.003346567
0.000326359 0.000171064 0.000176436 0.001122468
-0.000098047 0.001359399 0.000146912 0.001205134
-0.000059401 0.001235734 -0.000109199 0.002024690
0.000311698 -0.000174441 0.001271294 -0.003221184
-0.000413499 0.001186370 -0.003900825 0.005494731
-0.000230397 0.001058199 -0.002078125 0.004218841
0.000015924 0.000836511 -0.001095868 0.003334810
0.000120752 0.000721199 -0.000712716 0.002913342
-0.000067964 0.000966530 -0.000651559 0.002833838
-0.000092839 0.001003843 -0.000345695 0.002375042
0.000166328 0.000563259 -0.000299834 0.002297077
-0.000021560 0.000920247 -0.000069915 0.001860232
0.000263822 0.000320943 0.000023420 0.001664229
-0.000190775 0.001366517 0.000119596 0.001443024
-0.000234252 0.001475209 -0.000211471 0.002270691
0.000365075 -0.000202908 -0.000366264 0.002704111
0.000160301 0.000452371 0.000158874 0.001023670
0.000044187 0.000893603 0.000917284 -0.001858286
-0.000154066 0.001066409 -0.003754534 0.005398605
-0.000261788 0.001141815 -0.001728281 0.003980228
0.000049441 0.000861709 -0.001202880 0.003507367
-0.000072833 0.000996210 -0.000874177 0.003145794
-0.000067933 0.000989840 -0.000794725 0.003042506
-0.000121896 0.001070784 -0.000268117 0.002252595
0.000143967 0.000618818 -0.000180596 0.002103809
0.000600444 -0.000248488 -0.000244620 0.002225454
-0.000505429 0.002073844 0.000240933 0.001205793
0.000445027 -0.000112203 -0.000423440 0.002733851
-0.000215523 0.001539171 0.000050531 0.001548923
0.000134142 0.000560109 0.000677805 -0.000207443
0.000048954 0.000832710 -0.000784314 0.004471338
0.000338693 -0.000268298 0.000528636 -0.000517873
0.000199231 0.000800782 -0.004334558 0.005749095
0.000103585 0.000867734 -0.001746192 0.003937238
0.000174051 0.000804315 -0.001111709 0.003366204
-0.000053549 0.001054675 -0.000741695 0.002959188
0.000053231 0.000915860 -0.000573799 0.002740924
0.000033313 0.000945738 0.000054208 0.001798913
-0.000032922 0.001058337 -0.000625233 0.002953962
-0.000237081 0.001446240 0.000152728 0.001475837
0.000471607 -0.000042005 -0.000113251 0.002034392
-0.000120288 0.001319353 0.000237229 0.001228289
0.000018123 0.000973325 0.000132903 0.001489104
0.000060734 0.000854015 -0.000662045 0.003714959
0.000094746 0.000745177 0.000681887 -0.000585624
-0.000003044 0.001116778 0.000592756 -0.000246926
0.000391468 0.000680963 -0.006645414 0.007448055
0.000303298 0.000742683 -0.002077068 0.004250213
0.000219100 0.000818461 -0.001217134 0.003476272
0.000073998 0.000978073 -0.000883713 0.003109509
-0.000067158 0.001161575 -0.000314558 0.002369608
-0.000213947 0.001381760 -0.000275085 0.002310398
0.000113578 0.000824966 -0.000362502 0.002459008
0.000044954 0.000955353 0.000045212 0.001684350
0.000513104 -0.000027764 -0.000360729 0.002536826
-0.000702385 0.002767863 0.000191738 0.001266152
0.000679872 -0.000687780 -0.000312864 0.002527659
-0.000286036 0.002016762 0.000301010 0.000808811
-0.000172908 0.001654753 0.000166259 0.001240014
0.000297515 -0.000132857 0.001204970 -0.002707089
0.001109305 0.000218912 -0.011659237 0.011327470
0.000417623 0.000703089 -0.003198208 0.005404750
0.000243823 0.000859509 -0.001478627 0.003857126
-0.000051608 0.001184483 -0.001073622 0.003411621
0.000105462 0.000980292 -0.000503457 0.002670407
-0.000090413 0.001274104 -0.000590536 0.002801026
-0.000019035 0.001152762 -0.000012269 0.001817971
0.000418046 0.000322308 -0.000281616 0.002329731
-0.000628427 0.002519902 -0.000051481 0.001846447
0.000711229 -0.000561307 0.000140372 0.001405184
-0.000494940 0.002454115 -0.000224195 0.002316604
0.000098376 0.000792831 0.000075248 0.001478163
0.000243398 0.000328760 0.000629321 -0.000294872
0.000926345 -0.002266438 0.000465109 0.000329135
0.001248732 -0.001797324 -0.009365111 0.010112334
0.000724136 -0.001430107 -0.003155320 0.005765480
0.000380861 -0.001121160 -0.001207980 0.004012873
0.000093898 -0.000805500 -0.001045214 0.003833831
0.000146020 -0.000873259 -0.000689640 0.003371584
0.000272771 -0.001063385 -0.000449882 0.003011948
-0.000006164 -0.000589196 -0.000177277 0.002548520
-0.000089362 -0.000431121 -0.000056586 0.002319206
0.000420780 -0.001502419 -0.000303516 0.002837759
-0.000065479 -0.000384023 0.000427756 0.001155833
0.000113786 -0.000832185 -0.000315763 0.003014631
0.000217588 -0.001122831 0.000113792 0.001811876
0.000311444 -0.001423170 0.000187950 0.001574573
-0.000216963 0.000584779 0.001472719 -0.003307552
0.000635493 -0.001312257 -0.005708562 0.007259579
0.000440767 -0.001175949 -0.002292287 0.004868186
0.000178779 -0.000940160 -0.001087012 0.003783439
-0.000033208 -0.000706974 -0.000820855 0.003490667
0.000153311 -0.000949450 -0.000555855 0.003146166
-0.000111622 -0.000552050 -0.000185553 0.002590714
0.000409277 -0.001437578 -0.000631989 0.003349654
-0.000218769 -0.000244291 0.000395589 0.001397257
-0.000000691 -0.000702254 -0.000143923 0.002530232
0.000162273 -0.001077071 -0.000098951 0.002426795
-0.000013768 -0.000636968 0.000117991 0.001884441
0.000532106 -0.002165417 0.000363176 0.001197924
-0.000150480 0.000018860 0.000229479 0.001625752
0.000854843 -0.003801368 0.000963388 -0.001163101
0.000531104 -0.001230122 -0.004063901 0.006063530
-0.000069870 -0.000809441 -0.001919582 0.004562507
0.000177635 -0.001032196 -0.001352093 0.004051767
0.000036781 -0.000877256 -0.000794522 0.003438439
0.000304716 -0.001225572 -0.000698247 0.003313282
0.000103506 -0.000923756 -0.000032063 0.002314006
0.000295833 -0.001250712 -0.000464269 0.003048756
-0.000314725 -0.000090651 -0.000198686 0.002544148
0.000364866 -0.001517793 -0.000097954 0.002332611
0.000209616 -0.001160718 -0.000331346 0.002869412
0.000304591 -0.001398155 -0.000134845 0.002378159
-0.000245217 0.000141307 0.000294305 0.001176539
0.000096243 -0.000951364 0.000530881 0.000419498
0.000367541 -0.001982298 0.001562562 -0.003500891
0.000030944 -0.000916275 -0.004041313 0.006024592
-0.000011706 -0.000886421 -0.002132916 0.004688715
0.000284074 -0.001152622 -0.001203215 0.003851984
0.000155278 -0.001010947 -0.000957547 0.003581749
-0.000101343 -0.000677340 -0.000564108 0.003070278
0.000260530 -0.001220150 -0.000163133 0.002468815
0.000027653 -0.000824259 -0.000377367 0.002833014
0.000161685 -0.001078918 -0.000203945 0.002503511
-0.000300506 -0.000108318 -0.000143626 0.002376842
0.000558161 -0.002083253 -0.000374169 0.002907091
0.000175535 -0.001126686 0.000341238 0.001118573
0.000016001 -0.000679993 -0.000215717 0.002678047
-0.000136400 -0.000192307 0.000754720 -0.000427351
0.000750254 -0.003561594 0.000522947 0.000453385
0.000108284 -0.001083084 -0.004081852 0.006064034
0.000038381 -0.001034152 -0.001972109 0.004587214
-0.000001867 -0.000997929 -0.001456602 0.004123257
0.000062513 -0.001068746 -0.000877404 0.003486139
0.000451162 -0.001573990 -0.000510109 0.003008655
-0.000299864 -0.000447452 -0.000569506 0.003097751
0.000319246 -0.001499938 -0.000228895 0.002518712
0.000164015 -0.001205000 -0.000022494 0.002126551
-0.000092802 -0.000665684 -0.000426845 0.002975688
0.000207493 -0.001356361 -0.000172832 0.002391459
0.000001664 -0.000841790 0.000373111 0.001026600
0.000051649 -0.000981748 -0.000043681 0.002193619
0.000343128 -0.001914480 0.000131427 0.001633272
0.000949763 -0.004219693 0.000944525 -0.001456500
0.000471758 -0.000869236 -0.004069056 0.005932494
-0.000225331 -0.000381274 -0.001817347 0.004356298
-0.000193164 -0.000410224 -0.000850002 0.003485687
0.000047144 -0.000674563 -0.000851450 0.003487281
0.000201037 -0.000874624 -0.000512171 0.003046218
0.000280848 -0.000994340 -0.000171327 0.002534952
-0.000115974 -0.000319742 -0.000589573 0.003245970
-0.000306500 0.000042257 -0.000507622 0.003090263
0.000195162 -0.001011235 0.000475932 0.001024799
0.000828419 -0.002467725 -0.000126485 0.002410359
-0.000461029 0.000755894 0.000036567 0.002002729
0.000438575 -0.001762996 0.000323165 0.001200255
-0.000069446 -0.000137330 0.000303626 0.001262778
0.001776406 -0.007151565 0.001347864 -0.002705326
0.000418481 -0.000901114 -0.003888555 0.005749563
-0.000161300 -0.000495267 -0.001864738 0.004332892
-0.000150931 -0.000504599 -0.000585499 0.003181576
-0.000050835 -0.000614704 -0.001171866 0.003826580
0.000169591 -0.000901258 -0.000418868 0.002847683
0.000185280 -0.000924792 -0.000326402 0.002708983
-0.000150196 -0.000354482 -0.000388828 0.002815109
0.000144724 -0.000914830 -0.000103624 0.002273219
0.000442673 -0.001540524 0.000497023 0.001011861
-0.000813938 0.001349681 -0.000685819 0.003732398
0.000698149 -0.002430537 0.000091467 0.001789184
0.000035262 -0.000574451 0.001101134 -0.001037886
0.000188731 -0.001065553 -0.000064072 0.002690776
0.001232240 -0.005030886 0.000541188 0.000390785
0.000284758 -0.001002758 -0.004295060 0.005965672
0.000119314 -0.000886948 -0.001731903 0.004171462
-0.000380304 -0.000437291 -0.000789040 0.003322885
0.000111055 -0.000977786 -0.000893670 0.003437978
0.000171126 -0.001055878 -0.000848202 0.003378870
0.000187271 -0.001080096 -0.000226881 0.002446889
0.000040569 -0.000830703 -0.000063983 0.002169963
0.000126801 -0.000994544 -0.000211593 0.002450422
-0.000164841 -0.000382096 0.000029675 0.001943758
0.000046222 -0.000867541 -0.000192227 0.002454134
0.000075585 -0.000940947 0.000183659 0.001514418
0.000314966 -0.001611216 0.000228789 0.001388054
0.000433058 -0.001989109 0.000280305 0.001223203
-0.000250372 0.000607926 0.000814216 -0.000805660
0.000158499 -0.001124057 -0.006093164 0.007237896
0.000107086 -0.001088067 -0.002081975 0.004430064
0.000125185 -0.001104356 -0.000787317 0.003264871
0.000044973 -0.001016123 -0.000782410 0.003259474
-0.000138627 -0.000777444 -0.000718103 0.003175875
0.000081374 -0.001107445 -0.000221028 0.002430263
0.000133592 -0.001196216 -0.000358175 0.002663412
-0.000041828 -0.000862917 -0.000334754 0.002618912
0.000170541 -0.001308892 0.000275140 0.001338135
0.000190425 -0.001354626 -0.000111801 0.002228098
-0.000052601 -0.000747059 -0.000328420 0.002769647
0.000242931 -0.001574550 -0.000032378 0.001940728
-0.000184702 -0.000206124 0.000393879 0.000576706
0.000607719 -0.003217322 0.001717393 -0.004452648
0.000424195 -0.001441052 -0.010710016 0.010719839
-0.000057936 -0.001103561 -0.002863180 0.005227055
0.000274691 -0.001402925 -0.001254100 0.003778882
0.000006515 -0.001107931 -0.000985180 0.003483071
0.000335913 -0.001536148 -0.000450913 0.002788523
-0.000061307 -0.000940319 -0.000596300 0.003006604
0.000017565 -0.001074402 0.000098993 0.001824606
0.000199945 -0.001420922 -0.000275077 0.002535338
-0.000165253 -0.000654007 0.000183696 0.001571915
0.000325377 -0.001782456 -0.000716806 0.003643069
0.000442675 -0.002075702 0.000175081 0.001413354
-0.000409954 0.000311660 0.000376750 0.000848679
0.000390583 -0.002250058 0.000048286 0.001899766
-0.000380650 0.000680627 0.001558612 -0.003839476
0.191439104 -0.765332913 -0.965462981 3.191240935
0.122420795 -0.717020098 -0.489496022 2.858064070
-0.183801011 -0.441420480 -0.262808737 2.654045519
-0.111784379 -0.520638777 -0.241414395 2.630511742
-0.020723636 -0.639017738 -0.158007107 2.522082272
-1.017881091 0.856718444 -0.038710823 2.343137846
-0.082845121 -0.732842749 0.248527616 1.854832486
-1.075537887 1.153273483 -0.698058855 3.653346758
0.093172766 -1.301018779 0.312104151 1.532004542
-0.668539245 0.450918812 -0.116738053 2.518341591
-0.175571072 -0.781501621 -0.553663660 3.610655607
-0.007789431 -1.251290208 0.934192316 -0.555341052
0.198776952 -1.912302644 -0.723457451 4.749138281
0.196502071 -1.903658097 -0.061609451 2.234115910
-0.021899940 -0.644815265 -1.187994551 3.314891851
-0.069384579 -0.611576019 -0.389610552 2.756023061
-0.226289576 -0.470361525 -0.339487710 2.710912504
0.229134344 -0.971327847 -0.021096476 2.360682139
-0.134825674 -0.498179842 -0.368040712 2.811709630
-0.466601439 -0.000516194 -0.182045655 2.532717044
-0.409909037 -0.096893280 0.049381274 2.139291254
-0.288525625 -0.327521761 0.210845546 1.832509141
-0.726030892 0.591239258 0.256093679 1.737488065
0.776323491 -2.864175751 -1.176793295 5.033128037
-0.404940511 0.088984253 0.575730892 0.651817570
-0.830395024 1.280256870 -0.049264419 2.401804412
1.117407162 -4.952710217 -0.406930511 3.546335924
-0.157460654 -0.108212577 -1.218448354 6.630103687
0.104540295 -0.739565405 -0.930160339 3.162994055
-0.184653114 -0.537130023 -0.483378201 2.850246563
0.032472305 -0.732542894 -0.331567447 2.713616888
-0.158551094 -0.522417151 -0.304180492 2.683491238
0.034385315 -0.773234474 -0.117213698 2.440434414
-0.040142825 -0.661442264 0.041426410 2.202474251
-0.561734341 0.225263338 0.122962042 2.063863674
-0.440618255 -0.004857221 -0.219009001 2.713608647
-0.189192846 -0.532850557 -0.020848508 2.297471630
0.017290111 -1.007761349 -0.548194516 3.510367424
0.059921552 -1.114339952 0.017440322 2.096280329
0.148632491 -1.362730576 0.111603710 1.832622846
-0.218292410 -0.188570875 -0.316257924 3.201780098
-0.810730804 2.062694993 -0.447502759 3.700510463
-0.030571522 -0.734849601 -1.195534539 3.283182061
0.298839527 -0.965437332 -0.213377488 2.595672137
-0.175577360 -0.538462144 -0.267025169 2.643955048
0.007388296 -0.739724371 -0.045678632 2.400473852
-0.109520826 -0.587742517 -0.282400779 2.708212632
0.151425564 -0.979162102 -0.371888787 2.842444644
-0.262094532 -0.276177920 0.378161804 1.567358603
0.068760539 -0.904802546 -0.476913623 3.192001894
-0.494404019 0.277842972 -0.717718430 3.697691966
-0.165682098 -0.478217432 1.983297590 -2.514644752
0.146291677 -1.258151868 -1.336585098 5.785061970
-0.343863137 0.114281587 -0.114122900 2.362167873
0.151998226 -1.472474799 0.005042355 1.980839051
-0.964731408 2.771097758 -0.000000596 2.000002265
0.195560765 -0.911764002 -1.166782449 3.263265645
0.081537073 -0.831947418 -0.414184357 2.736446989
0.069776757 -0.821363134 -0.055485951 2.413618432
0.004509689 -0.749569358 -0.301922668 2.684698827
0.239752474 -1.055384967 -0.080974083 2.397465677
-0.111020181 -0.529225985 -0.283968381 2.701957124
-0.262810384 -0.271182633 -0.336030842 2.790463310
0.168899060 -1.091430566 -0.522965380 3.145638928
-0.108767722 -0.508330350 0.144684280 1.743574706
-0.960261295 1.450104827 0.578142267 0.746621357
0.154816334 -1.337589246 0.475943164 1.002119114
0.607319925 -2.604599280 -0.021676416 2.395453914
-0.382074973 0.561464443 -0.543482390 4.065233056
-0.443121370 0.793440749 -0.833495607 5.167283267
0.244860366 -0.977757372 -1.150406668 3.266226445
0.179505955 -0.932009285 -0.362964890 2.715017210
0.202555012 -0.952753436 -0.292793443 2.651862909
0.004606845 -0.735010447 -0.004450084 2.334685208
0.095173694 -0.852747347 -0.336917558 2.766892909
0.185622529 -0.988420599 -0.105953191 2.420446358
-0.139906158 -0.435021815 -0.221865256 2.617496874
0.336804510 -1.340772075 0.185451574 1.843594906
-0.388218668 0.181776531 -0.931432025 4.189050358
-0.713643262 0.930253080 1.364887627 -1.092484734
0.819520882 -2.902657278 -0.736421066 4.160787001
-0.405876838 0.528456278 -0.086502412 2.341014800
0.120026488 -1.154434390 -0.107011812 2.406644881
0.009933636 -0.736081557 -1.218188925 6.629117856
0.396082723 -1.128856343 -0.970412551 3.176483779
0.350304565 -1.096811633 -0.566669736 2.893863814
0.143979455 -0.911119039 -0.031352036 2.412077896
0.025249133 -0.780515681 -0.440939823 2.862624472
0.180252151 -0.982019598 -0.030601017 2.329184044
0.235137585 -1.064347749 -0.023713106 2.318852178
-0.094274614 -0.504346994 -0.220334609 2.653108741
0.380977528 -1.407326054 0.407657769 1.459923239
-0.344265915 0.115685109 -0.943374409 4.297090683
1.629509835 -4.423999024 0.081059913 1.940891791
-0.492618659 0.881322212 0.160523281 1.742233372
0.086580196 -0.740434555 -0.217161723 2.799751365
0.389842254 -1.710873155 -0.174723097 2.663947759
0.120537474 -0.687515005 -0.977316855 5.713804003
0.641488471 -1.253928740 -1.104451484 3.273553762
0.170932422 -0.924539512 -0.360559247 2.752829205
0.308233128 -1.048110143 -0.376377016 2.767065197
0.065740370 -0.781368104 -0.123503252 2.488904051
0.218262024 -0.979646247 -0.365325125 2.803272474
0.163481197 -0.897475005 0.237483922 1.899058904
0.731693768 -1.863436404 -0.292534933 2.800090982
-0.256212743 0.013585944 -0.178787772 2.583971379
0.194779439 -0.933497596 -0.808303163 3.905953641
1.244116427 -3.346972618 -0.320036335 2.782939959
-0.380505086 0.714581164 0.178325205 1.537036110
0.621809904 -2.091900761 0.617193433 0.308205092
0.034568800 -0.212729198 -0.637209517 4.322294590
-0.438451160 1.584746625 0.016600044 1.837818292
0.569985245 -1.177703606 -0.934150275 3.162237195
0.289542692 -0.981393823 -0.375490211 2.771175157
0.197384608 -0.898451549 -0.357094918 2.754619394
0.050410646 -0.736780188 -0.148998552 2.525713387
0.188182846 -0.915884040 0.024712080 2.299889573
0.599338865 -1.532618070 -0.355515395 2.870230786
0.227653615 -0.900753126 0.227278552 1.879481047
0.746343701 -1.886264277 0.024665603 2.264445646
-0.200039399 0.101140141 -0.470411665 3.304107862
-0.150537455 -0.012714327 -0.226743167 2.743670328
0.486839193 -1.606155947 -0.054985691 2.314276638
0.248133369 -0.937779651 0.218830056 1.547592558
0.231202792 -0.883601804 -0.413081314 3.569708974
1.697443796 -6.455317548 -1.849755681 9.029071498
0.723741992 -1.237020961 -1.125323840 3.275435720
0.199526262 -0.870069957 -0.234576478 2.651912577
0.181505339 -0.853851126 -0.341237702 2.747907676
0.273928442 -0.955516542 -0.129946517 2.515487367
0.046005536 -0.659216775 -0.477115994 2.966807672
0.904518597 -1.946986367 0.007245539 2.240265372
0.669731737 -1.547848694 0.131557035 2.028935823
0.509273219 -1.242977513 -0.931383704 4.048523202
0.129656537 -0.445782517 0.656993232 0.712931786
-0.438526541 0.861038535 0.115636560 1.958052108
0.827845994 -2.304892803 -0.091365988 2.475558476
-0.282417156 0.803843967 0.015438791 2.176505100
0.771648212 -2.569165262 -0.376515448 3.430758686
1.325985570 -4.675647198 -1.339108502 7.088612245
0.023909511 0.573043614 -1.136138507 3.322401557
0.033547880 0.566296755 -0.522663624 2.892969147
-0.086196044 0.674066285 -0.550693142 2.918195712
-0.317529852 0.928533478 -0.064686560 2.383588460
0.067020937 0.428617472 -0.142338242 2.484535643
-0.632469056 1.477852461 0.259112058 1.882360193
-0.215541499 0.769075595 -0.971688380 3.974720996
-1.053758342 2.361687576 0.500108182 1.178307563
0.028401979 0.089151004 -0.214545676 2.679080597
-0.575368267 1.477822542 0.426943200 1.203656213
-0.212987621 0.571870926 -0.684747805 3.982883725
0.737232073 -2.088744173 0.269398625 1.311273768
-0.245696979 1.056628841 -0.288915680 3.097879571
0.278733641 -0.936207488 -1.122954257 6.267226122
0.167789022 0.354739885 -1.063282553 3.237758430
-0.099993950 0.542187962 -0.461198119 2.816299333
-0.172353495 0.607311550 -0.228435939 2.606813376
0.040049865 0.373667849 -0.315563792 2.702654017
0.062147066 0.344941489 -0.364699277 2.766530145
-0.736912164 1.543530335 0.117937298 2.042575282
-0.489401322 1.122761891 -0.107874909 2.426456045
0.121754377 -0.038433922 -0.258580539 2.712796738
-0.342513390 0.936528344 -0.666810115 3.570078810
-0.126712292 0.440185829 0.471497662 0.951970977
0.434661875 -0.963249588 1.220305160 -0.920047768
-0.517695879 1.703352077 -1.239912810 5.968562431
-0.098984443 0.363475463 -0.001402299 2.005328735
-0.226284638 0.847216195 -1.597162729 8.069218295
-0.057560060 0.407360302 -1.116142339 3.266895327
-0.122582175 0.452875782 -0.554918084 2.874038355
0.088955143 0.262492201 -0.166143139 2.524140914
-0.281954211 0.670492498 -0.085806877 2.435771024
0.113434466 0.156487237 -0.265606578 2.669510627
-0.375222027 0.889471978 0.037500849 2.214849485
-0.215978774 0.618758440 -0.553285081 3.219185596
-0.281587791 0.743415570 0.070265557 2.034439398
-0.343956903 0.874390699 0.830689471 0.437549252
-0.729493921 1.761125823 -0.293345381 3.022829358
0.622555241 -1.618997081 -1.130834600 5.116552405
-0.109588329 0.431004878 0.409631035 0.803248698
0.180728216 -0.498008079 -0.443894338 3.534529933
1.847384477 -6.831301792 -0.586977189 4.078244761
0.078484644 0.153579061 -1.382174574 3.451651376
-0.188245487 0.340290150 -0.493074685 2.829281464
0.155398734 0.031010359 -0.100911832 2.476334905
-0.132668811 0.347884666 -0.198257040 2.583414637
0.190885469 -0.072735882 -0.127413242 2.491317703
-0.283116780 0.638267490 -0.273632938 2.710647247
-0.094229240 0.317158664 -0.117405695 2.445060926
-0.978850607 1.997939239 0.648025506 0.990741662
0.663495446 -1.450987314 -0.900259995 4.242141068
-0.273079248 0.703134437 -0.894251253 4.228320960
0.095435533 -0.218152515 0.605303145 0.479434965
0.846546733 -2.321263840 -0.770660157 4.332132146
-0.553827076 2.159932415 0.223300691 1.151457384
0.372714087 -1.360923960 -0.480830400 3.827155497
0.035049200 0.011156393 -1.167535851 3.290094172
-0.082442225 0.093400390 -0.437017705 2.778731478
0.091625486 -0.063260546 -0.251336038 2.611617982
0.132867984 -0.108627295 -0.396322154 2.771102713
0.017329450 0.041572793 -0.292501380 2.636135712
-0.010389795 0.083151661 0.207391928 1.886295750
-0.280705642 0.542688613 -0.310331694 2.766425932
0.119512683 -0.217726193 -0.690013417 3.487821197
-0.730158177 1.566582531 0.475333816 1.040592119
0.002289004 -0.118045951 -0.102820372 2.370346723
0.355545398 -1.001186935 -0.584472511 3.574477070
0.221875157 -0.626910267 1.040778210 -0.976224870
-1.162039723 3.801617414 -1.318502437 6.573473313
0.776579247 -3.565134579 0.088573700 1.226584061
0.235817800 -0.079726124 -1.118824549 3.267266307
-0.031703154 0.107538541 -0.516343148 2.845529333
0.008818058 0.071069451 -0.125031441 2.493348807
0.387847786 -0.345863258 -0.219067413 2.596788379
-0.397462340 0.675039868 -0.402599477 2.835380053
0.393004957 -0.510661078 0.420374770 1.600918682
-0.135067601 0.387062295 -0.145994477 2.563746429
-0.590061011 1.251549765 -0.748149424 3.707840814
0.611909855 -1.272588939 0.449726474 1.192301541
-0.044144009 0.236334916 -0.639729347 3.698049879
0.353745874 -0.758389792 0.007761321 2.079323209
-0.580580838 1.857724957 0.123951406 1.753990977
-0.313793597 1.004005775 -2.371035496 9.737949180
0.627786536 -2.573998686 1.135953211 -3.588607738
0.193114888 -0.229056617 -1.278505402 3.390542545
0.086714929 -0.154576647 -0.548174414 2.879310863
0.193105555 -0.250328208 -0.330133359 2.683073919
0.017537313 -0.057203138 0.084408552 2.227077807
0.129808212 -0.203155302 -0.495238186 2.980618538
0.311083198 -0.475067780 0.183352188 1.962732977
-0.232263966 0.448622424 -0.037285103 2.337816382
0.635473066 -1.200077915 -0.755318673 3.702080149
0.667567019 -1.267475215 -0.004515647 2.125393865
-1.178510597 2.978503216 -0.247185171 2.683533760
-0.366971837 0.949656314 1.401391252 -1.437907299
0.549998823 -1.617861488 -0.731761281 4.534919692
0.016679692 0.088759756 -0.322139314 3.224129379
0.383467176 -1.305032665 -0.910020525 5.458077951
0.398286009 -0.464968902 -1.132044860 3.299016748
0.132978939 -0.279253956 -0.542244944 2.886156814
0.041009178 -0.196481173 -0.345126308 2.708750046
0.143085844 -0.308765508 -0.278780560 2.635769722
0.119083756 -0.277562795 -0.028904670 2.310931076
-0.266045678 0.300131356 -0.490164640 3.002821032
0.548929526 -1.085326530 -0.168893398 2.456659905
0.313670794 -0.638334945 0.737345482 0.734806054
0.275891367 -0.558998151 -0.561444626 3.462265157
-0.659199237 1.591710193 -0.540954938 3.415138876
0.624115864 -1.616577560 0.452659202 0.931103526
0.303073267 -0.717658303 -0.695803298 4.146798471
-0.066730217 0.465712863 0.132953546 1.494776533
0.256085690 -0.760987570 0.000000000 2.000000000
0.319064577 -0.492946902 -1.055841509 3.252528937
0.153793329 -0.377257031 -0.608589685 2.939452666
0.178097370 -0.399130667 -0.097031570 2.479050375
-0.063179083 -0.133726563 -0.356994995 2.765010148
0.325145793 -0.638548884 -0.170979459 2.523189960
0.048663381 -0.223825266 -0.051985967 2.344699722
0.511261892 -1.010242756 -0.764868533 3.556600118
1.109988155 -2.147822642 0.928633545 0.338946210
-0.122433425 0.440262558 -0.037362567 2.367537953
-1.077624265 2.637201445 0.266598399 1.668427745
0.163802968 -0.466366638 -0.763611915 4.243953531
0.534002754 -1.502926020 -0.239180865 2.775546618
-0.646531585 2.274783921 -0.016946398 2.064396311
0.322872839 -1.408952843 -0.190563064 2.724139635
0.249225363 -0.496102445 -1.065585677 3.292952331
-0.143984565 -0.220855500 -0.643603840 2.997565050
0.034406475 -0.381407432 -0.414323708 2.791212937
0.176521454 -0.537733912 -0.113663714 2.460486936
0.245348902 -0.627209591 -0.179516034 2.546094949
0.590326943 -1.144676653 -0.394213106 2.868140556
0.420601667 -0.856143676 -0.030058633 2.249077936
1.429948722 -2.773903056 -0.524079987 3.187718497
-0.510830087 1.301732258 1.056464659 -0.131425109
1.327399220 -2.926195061 -1.064961895 4.747855863
-0.059788733 0.541774823 0.395195547 1.097462259
-0.409129388 1.519928640 -1.057535754 5.165109832
0.271442625 -0.657901835 0.365007776 0.612970467
0.125366457 -0.102812402 -1.786189782 8.787521086
