0.0282728 -0.0240975 0.0145279 -0.00490362 0.000845361 -5.76118e-05 -0.0137298 
0.136069 -0.0581869 0.0426796 0.0227691 -0.00558713 0.000744201 -4.04215e-05 -0.136363 
0.0145553 -0.0123523 0.0075454 -0.00255323 0.00043761 -2.94125e-05 -0.00664048 
0.0531365 -0.0226782 0.0162861 0.00864704 -0.00196051 0.00022165 -8.48643e-06 -0.05161 
0.00569885 -0.00384053 0.00192921 -0.000489707 5.26606e-05 -1.17869e-06 -0.0023025 
0.00543834 0.00153999 0.00348173 -0.00271769 0.00142164 -0.000326554 2.7975e-05 -0.00682247 
0.000354251 0.000848244 -0.00086151 0.000434013 -0.000101875 8.94327e-06 0.000423261 
0.00372681 0.00239048 0.00299214 -0.00315168 0.00156951 -0.000354388 3.00681e-05 -0.0051247 
0.00212236 -0.00108891 0.000330191 4.69002e-05 -3.80036e-05 4.69008e-06 -0.00022982 
0.00268126 0.00127223 0.00224224 -0.0017793 0.00093701 -0.000222554 1.97779e-05 -0.0030586 
-0.000772058 0.00175138 -0.0013127 0.000556756 -0.00011964 1.00359e-05 0.000742935 
0.0343158 -0.0152916 0.00959774 0.00566531 -0.00108278 6.59331e-05 3.35339e-06 -0.0311832 
-0.000673482 0.00169256 -0.00127493 0.000529524 -0.000109485 8.8139e-06 0.000735171 
0.00645517 0.0013857 0.00347843 -0.00311945 0.00172744 -0.000408819 3.55866e-05 -0.00746452 
-0.00103589 0.00216312 -0.00151407 0.000586013 -0.00011606 9.13854e-06 0.000869574 
0.0525151 -0.0254359 0.0138274 0.01077 -0.00268818 0.000336796 -1.50262e-05 -0.0472469 
-0.00494715 0.00656767 -0.00465234 0.00178438 -0.000343212 2.58658e-05 0.00259918 
0.125588 -0.0591405 0.0347883 0.0247821 -0.00634936 0.000861795 -4.64887e-05 -0.118421 
0.00687351 -0.00472064 0.00246879 -0.00067585 8.7888e-05 -4.08302e-06 -0.0029097 
0.353197 -0.16945 0.0981483 0.0736571 -0.020027 0.00295065 -0.000177972 -0.33615 
0.00782984 -0.00667618 0.00393521 -0.00135028 0.00024426 -1.77689e-05 -0.00458374 
0.214801 -0.0936045 0.0656335 0.0370975 -0.00916881 0.00122179 -6.59938e-05 -0.213396 
0.00163661 -0.00209314 0.00135106 -0.000459815 7.7477e-05 -5.02614e-06 -0.00122766 
0.00724582 0.00278811 0.00599551 -0.0036923 0.00173148 -0.000371801 3.04903e-05 -0.0112735 
0.00706483 -0.00886185 0.00643941 -0.00244069 0.00045256 -3.2253e-05 -0.00344852 
0.0728463 -0.0352092 0.0186656 0.0144597 -0.00342955 0.000401318 -1.62324e-05 -0.0652498 
0.00454441 -0.00591091 0.00412079 -0.00149415 0.000264989 -1.79039e-05 -0.00236913 
0.0588273 -0.0281951 0.0151404 0.0115496 -0.0027285 0.000314614 -1.19461e-05 -0.052453 
0.00785028 -0.00970391 0.00683297 -0.00252582 0.000457782 -3.17944e-05 -0.00387262 
0.0766131 -0.0373654 0.0194121 0.0154778 -0.00371764 0.000443484 -1.85858e-05 -0.0684002 
0.0143591 -0.0158987 0.01075 -0.00387779 0.000693699 -4.79517e-05 -0.00657324 
0.0722867 -0.031014 0.0199954 0.0110317 -0.00211718 0.000156863 1.53572e-06 -0.0678152 
0.0109044 -0.0122634 0.00824385 -0.0029534 0.000524181 -3.58197e-05 -0.00508212 
0.0399416 -0.0146962 0.0118893 0.00381033 -0.000166608 -0.000123062 1.77584e-05 -0.0382122 
0.00608327 -0.00722568 0.00478905 -0.00169289 0.000297724 -2.01293e-05 -0.00304427 
0.0433213 -0.014284 0.0137428 0.00256979 0.000477527 -0.000262327 2.87195e-05 -0.043178 
0.00100017 -0.00265885 0.00208602 -0.000818496 0.000153479 -1.07107e-05 -0.000760375 
0.0995479 -0.0443477 0.0282935 0.0174397 -0.00416809 0.000524901 -2.58304e-05 -0.0948895 
0.000147168 -0.00215765 0.00198564 -0.000881046 0.00018611 -1.4846e-05 -0.000388932 
0.202346 -0.0875741 0.0612157 0.0342339 -0.00837477 0.00111683 -6.1307e-05 -0.200484 
-5.51832 6.37097 -3.84661 1.03492 -0.114987 0.0034656 2.71275 
57.5185 -30.0626 14.1348 13.9566 -3.99725 0.617294 -0.0389767 -51.1948 
-3.53087 3.85529 -2.09456 0.45972 -0.0268203 -0.00162084 1.9437 
35.5095 -17.6694 9.34526 8.03692 -2.30048 0.359305 -0.0230131 -32.3344 
-1.38007 1.59866 -0.655538 0.00722648 0.0420268 -0.00571723 0.97611 
-94.1622 46.4032 -23.5282 -19.7906 5.18984 -0.73312 0.0425872 87.5037 
-1.23979 1.537 -0.702786 0.0885298 0.0143635 -0.00291557 0.863089 
26.3816 -13.0372 7.16799 6.03983 -1.78338 0.289125 -0.0192079 -24.1169 
0.890783 -0.16974 0.134592 -0.088753 0.024088 -0.00216478 -0.244996 
52.8081 -27.3815 13.1713 12.7863 -3.72182 0.587016 -0.0378625 -47.2905 
1.46761 -0.818836 0.428586 -0.0901364 0.00430077 0.000416129 -0.477066 
26.6387 -12.9245 7.25815 5.84591 -1.69206 0.272297 -0.0181741 -24.4668 
1.98059 -1.10966 0.465088 -0.0267919 -0.0205796 0.00298099 -0.772319 
38.1981 -19.6453 9.83838 9.24892 -2.72606 0.435648 -0.0284147 -34.3884 
2.45468 -1.29832 0.394965 0.0946409 -0.0599745 0.00685855 -1.05224 
-104.313 52.704 -25.562 -23.138 6.26291 -0.915373 0.0551198 95.8403 
4.84724 -3.6249 1.8279 -0.330752 -0.00197057 0.00401238 -2.13285 
39.3827 -20.0667 10.1243 9.35505 -2.7476 0.441044 -0.0290945 -35.5185 
6.35859 -5.33636 2.91541 -0.627412 0.0300904 0.00326146 -2.7105 
2.22202 0.248623 1.44475 -0.499836 0.205507 -0.0321713 0.00162717 -2.6477 
-3.38798 5.25025 -3.01862 0.713543 -0.0537388 -0.00102604 2.36549 
28.3438 -15.7961 6.63372 7.78584 -2.34542 0.377315 -0.0245037 -23.9725 
-0.97856 2.53798 -1.28179 0.179693 0.0226572 -0.00508919 1.27404 
25.2068 -12.8521 6.82963 6.067 -1.80526 0.293261 -0.0194905 -22.7456 
-1.67417 2.97369 -1.6428 0.395375 -0.0346416 0.000189232 1.58975 
27.4132 -14.5809 7.01403 7.04523 -2.11052 0.340831 -0.0223503 -24.1278 
-0.1251 1.2575 -0.556853 0.0564802 0.0160506 -0.00273184 0.816809 
0.0322959 0.251536 0.606932 0.0625239 -0.108797 0.0349812 -0.00337439 0.0861987 
1.02184 0.268552 -0.0963456 -0.0231706 0.0157548 -0.00184856 0.126875 
16.1477 -8.53754 4.19567 4.18426 -1.28536 0.214581 -0.0145514 -13.9547 
1.47216 -0.0494368 -0.102344 0.109107 -0.0329357 0.00313224 -0.0496961 
-1.01425 0.0409238 -0.13024 0.414218 -0.25411 0.0616472 -0.00525283 1.85325 
2.424 -1.16693 0.598385 -0.096961 -0.00555047 0.00184824 -0.524308 
0.196956 0.157662 0.608794 0.066495 -0.078535 0.0224342 -0.00192994 0.0003351 
2.7323 -1.41209 0.578834 0.00948237 -0.0436287 0.00576874 -0.749822 
-2.43487 0.438619 -0.376007 0.567532 -0.423702 0.107791 -0.00930279 3.08084 
5.36818 -4.25949 2.41563 -0.585231 0.0497521 7.67543e-05 -1.94985 
-1.82891 0.188537 -0.331701 0.545253 -0.362408 0.0900518 -0.00776845 2.66339 
8.08775 -7.25902 4.33213 -1.17372 0.133074 -0.0041809 -3.15173 
39.3259 -19.6195 10.1228 8.70172 -2.39983 0.36175 -0.0225323 -35.4577 
-0.0686122 0.0602679 -0.03581 0.0119864 -0.00206342 0.000141276 0.0350689 
0.0028884 0.000932218 0.00256549 -0.00143709 0.00078684 -0.000191487 1.73156e-05 -0.00348298 
-0.03322 0.0298413 -0.0176613 0.00585705 -0.000998492 6.79522e-05 0.0170523 
0.00436094 0.00133843 0.00328004 -0.00192952 0.000927014 -0.000202093 1.69691e-05 -0.00577692 
-0.010931 0.0120327 -0.00797002 0.00290626 -0.000538128 3.93909e-05 0.00538674 
0.00725264 0.00206698 0.00440475 -0.00369017 0.00189467 -0.000425441 3.55957e-05 -0.00949726 
0.000804591 0.00304988 -0.0032831 0.0015475 -0.000338813 2.79536e-05 -0.000875305 
0.00488092 0.000538413 0.00235069 -0.00183541 0.00106737 -0.000256673 2.25574e-05 -0.00469307 
0.0122651 -0.00695087 0.00271285 -0.00049978 2.5197e-05 1.9252e-06 -0.0066215 
0.00357666 0.000167287 0.00154612 -0.00125628 0.000804706 -0.0002025 1.83412e-05 -0.00256627 
0.000147053 0.000464566 -0.000281073 0.000128495 -3.21396e-05 3.11127e-06 0.000434956 
0.00348817 0.000750167 0.00227188 -0.00144376 0.000774012 -0.000179367 1.54178e-05 -0.00359211 
0.000170358 0.000936505 -0.000884972 0.00043799 -0.000103273 9.24105e-06 0.000350666 
0.00572916 0.00133505 0.00313712 -0.00290909 0.00163852 -0.000397296 3.5478e-05 -0.00648086 
0.000521307 0.000759175 -0.000688809 0.000325729 -7.59107e-05 6.83596e-06 0.000114641 
0.00554529 0.00241355 0.00379563 -0.00363886 0.00184621 -0.000419037 3.57805e-05 -0.00751083 
-0.00416516 0.00657489 -0.00508816 0.00206999 -0.000412871 3.16935e-05 0.00201788 
0.108297 -0.0492146 0.0309336 0.0197156 -0.00474361 0.000587627 -2.7409e-05 -0.10349 
-0.00169225 0.00451274 -0.00385777 0.00165707 -0.000342011 2.68417e-05 0.000795494 
0.323402 -0.155477 0.0899111 0.0678317 -0.0185355 0.00274918 -0.000167167 -0.307563 
0.000121217 0.00088118 -0.00102953 0.000446321 -8.28768e-05 5.47584e-06 -0.000960841 
0.143494 -0.0600059 0.0457787 0.0227714 -0.00531627 0.00065529 -3.16089e-05 -0.144823 
0.00186569 -0.00251682 0.00181894 -0.000723392 0.000146826 -1.16384e-05 -0.00129955 
0.008127 0.00313844 0.0064645 -0.00431781 0.0020657 -0.000451044 3.74688e-05 -0.0126021 
0.00870769 -0.0107104 0.00777604 -0.00295533 0.000549088 -3.90914e-05 -0.00415495 
0.0547165 -0.0239441 0.0150432 0.00843767 -0.00148231 6.85035e-05 6.59441e-06 -0.0503798 
0.00597742 -0.00757051 0.00531951 -0.00194377 0.000346759 -2.36169e-05 -0.00297298 
0.0643147 -0.0305297 0.016551 0.0122065 -0.00276162 0.000294099 -9.10245e-06 -0.0576143 
0.00573485 -0.00719165 0.00490671 -0.00172884 0.000293456 -1.86678e-05 -0.00298953 
0.00881976 0.00146119 0.00456935 -0.00388243 0.00218846 -0.000518441 4.48735e-05 -0.0102492 
0.01543 -0.017053 0.0115811 -0.00421139 0.000762225 -5.34746e-05 -0.00705001 
0.0631044 -0.0259697 0.0178914 0.00863677 -0.00144178 6.04859e-05 6.74584e-06 -0.0597661 
0.010655 -0.0120652 0.00817587 -0.00296263 0.000534103 -3.72289e-05 -0.00496277 
0.0493423 -0.020003 0.0139612 0.00633233 -0.000859079 -2.8835e-05 1.30387e-05 -0.0463012 
0.00568738 -0.00688112 0.00459171 -0.00162368 0.000282682 -1.87233e-05 -0.00285052 
0.050099 -0.0185065 0.0151368 0.00488332 -0.000289182 -0.000129559 1.95434e-05 -0.0487966 
0.000369089 -0.00211421 0.00182454 -0.000773304 0.000156799 -1.19424e-05 -0.000459583 
0.0700755 -0.0276792 0.0216484 0.0090888 -0.00157658 9.18147e-05 3.69605e-06 -0.0692809 
-0.000224696 -0.00184521 0.00181723 -0.000828184 0.000175568 -1.3826e-05 -0.000205436 
0.21131 -0.0937398 0.0628185 0.0378635 -0.00965334 0.00135135 -7.8396e-05 -0.207452 
-5.67423 5.48076 -2.86126 0.581009 -0.0184688 -0.00426634 3.18998 
-0.480056 -0.0897389 0.102695 0.411026 -0.213389 0.0443022 -0.00313474 1.15029 
-3.70301 3.20592 -1.37342 0.134659 0.0404064 -0.00684063 2.34595 
-116.368 58.7467 -28.5266 -25.7668 6.95697 -1.01157 0.0604187 106.823 
-3.43158 3.09823 -1.38399 0.188165 0.0236021 -0.00539483 2.11588 
3.06471 0.388435 2.05744 -0.70749 0.291013 -0.0511849 0.00347361 -4.13246 
-1.96514 1.9425 -0.86692 0.135766 0.00494113 -0.00202552 1.31803 
2.44761 0.586121 1.92486 -0.687953 0.239615 -0.0343782 0.00171892 -3.56449 
0.58465 -0.0314923 0.108238 -0.0950967 0.0277925 -0.00263051 -0.0376108 
-106.673 54.1596 -26.0214 -23.8946 6.48864 -0.946103 0.0563203 97.7326 
0.757924 -0.0303631 -0.152273 0.146091 -0.0441276 0.00426286 -0.169649 
86.3275 -47.4544 20.2765 23.2034 -6.97625 1.12141 -0.073067 -75.5086 
1.83865 -0.904262 0.273884 0.0654527 -0.0414837 0.00475444 -0.718159 
3.13586 0.473928 2.07743 -0.893511 0.411877 -0.0821342 0.00615763 -4.1986 
2.58118 -1.38999 0.440016 0.0770588 -0.0551104 0.00629955 -1.11639 
-98.9115 49.0868 -24.5626 -21.0784 5.56446 -0.791797 0.0463973 91.5783 
3.58711 -2.12361 0.666657 0.152588 -0.101604 0.0119557 -1.60286 
-104.324 53.1955 -25.4409 -23.6439 6.48974 -0.961577 0.0586383 95.5731 
6.29416 -5.32163 2.93515 -0.64265 0.0335378 0.00307183 -2.66751 
21.5727 -10.684 5.77572 4.9282 -1.45159 0.237615 -0.0160937 -19.4149 
-2.62496 4.39302 -2.40161 0.475288 -0.00794536 -0.00445082 2.03638 
-41.502 19.2829 -10.9402 -7.76121 1.92545 -0.257253 0.0142127 40.244 
-1.36253 3.07377 -1.74296 0.379059 -0.0177729 -0.00203285 1.42195 
2.33457 0.281646 1.72448 -0.592859 0.270902 -0.0520321 0.00373801 -2.99717 
-1.01481 2.16959 -1.03115 0.152192 0.0124483 -0.00330236 1.31863 
10.4697 -5.39481 3.14499 2.72918 -0.86804 0.148785 -0.010218 -9.25339 
0.158267 0.895061 -0.271565 -0.0617996 0.040104 -0.00461088 0.70777 
-0.66898 0.297391 0.22389 0.16679 -0.181508 0.0559628 -0.00555452 1.07724 
1.24587 0.0461007 0.0429659 -0.0692226 0.0230401 -0.00229527 0.0273111 
19.9915 -10.8543 4.97709 5.36695 -1.64601 0.272157 -0.0181991 -17.1387 
1.27957 0.096539 -0.161789 0.116259 -0.0319087 0.00291588 0.0492766 
-0.0236889 0.0563105 0.344968 0.172785 -0.122215 0.0316092 -0.0027405 0.5107 
1.65548 -0.318554 0.00328012 0.123524 -0.0457635 0.00470351 -0.191948 
-0.354061 0.114798 0.33292 0.251783 -0.190121 0.0514963 -0.00470911 0.770297 
3.26718 -2.14334 1.21965 -0.282298 0.0203204 0.000453105 -0.962679 
-103.054 51.526 -25.4347 -22.4723 6.07482 -0.891285 0.0541197 95.1498 
4.96437 -3.78967 2.04776 -0.426485 0.0157014 0.00288006 -1.77881 
1.87588 0.421913 1.48655 -0.517541 0.177345 -0.02234 0.000759208 -2.46708 
6.07824 -5.2451 3.02017 -0.714928 0.0547569 0.000851899 -2.23146 
57.7794 -32.3011 13.2963 15.8398 -4.73739 0.756823 -0.0490627 -49.5923 
