0.0214212 -0.0176416 0.010366 -0.0034044 0.000570494 -3.77821e-05 -0.0104083 
0.156304 -0.0679049 0.048259 0.0270325 -0.00677113 0.000923444 -5.15343e-05 -0.155711 
0.0119518 -0.0099779 0.00604666 -0.00201877 0.000340435 -2.24895e-05 -0.00536011 
0.0433539 -0.0167405 0.0142575 0.00546555 -0.000913434 3.86028e-05 4.38755e-06 -0.0434345 
0.00512015 -0.00332844 0.00163557 -0.00040369 4.21014e-05 -8.7869e-07 -0.00202458 
0.00497896 0.00126627 0.00322713 -0.00227693 0.00119508 -0.000276858 2.40004e-05 -0.00609838 
0.00011916 0.00129398 -0.00127933 0.000629004 -0.000144641 1.24053e-05 0.000465197 
0.00335686 0.000974291 0.00217674 -0.00178025 0.000986675 -0.000236969 2.09453e-05 -0.00342046 
0.00285697 -0.00176357 0.000830555 -0.000170623 9.74368e-06 6.93118e-07 -0.000631369 
0.00436722 0.000942322 0.00281759 -0.00194844 0.0010848 -0.000260291 2.30187e-05 -0.00492781 
-1.23215e-05 0.00032893 5.83444e-05 -9.20012e-05 2.53836e-05 -2.13585e-06 0.000548529 
0.00521642 0.00115847 0.00307903 -0.0024824 0.00137641 -0.000326391 2.83788e-05 -0.00596306 
-0.000991327 0.00201972 -0.00151676 0.000633269 -0.000132834 1.08816e-05 0.000890522 
0.00602516 0.00127495 0.00331914 -0.00284581 0.00157399 -0.000372587 3.24429e-05 -0.00692374 
-0.00072838 0.00213624 -0.00165235 0.000676639 -0.00013647 1.06674e-05 0.000658883 
0.0546326 -0.0259981 0.014568 0.0107689 -0.00261764 0.000315311 -1.30081e-05 -0.0495907 
-0.00171401 0.00378944 -0.00306233 0.00128035 -0.000260488 2.03248e-05 0.000979936 
0.137447 -0.0655497 0.0375932 0.0278235 -0.00724102 0.00100349 -5.57816e-05 -0.128954 
0.0104375 -0.00778426 0.00433088 -0.00133129 0.000208095 -1.28327e-05 -0.00473249 
0.334616 -0.16 0.0934796 0.0694316 -0.0188797 0.00278678 -0.000168672 -0.319119 
-0.00407461 0.00491326 -0.0035113 0.00127237 -0.000222006 1.47968e-05 0.000989639 
0.107248 -0.0431553 0.0359951 0.015879 -0.00356903 0.000415524 -1.80473e-05 -0.11029 
-0.00148111 0.00134196 -0.00107049 0.000448137 -8.95479e-05 6.82342e-06 0.000129273 
0.00675221 0.0017729 0.00537808 -0.00264382 0.001294 -0.00029027 2.48995e-05 -0.00984369 
0.00563836 -0.00740435 0.00551286 -0.00213556 0.000404368 -2.93747e-05 -0.00281094 
0.0591158 -0.0284897 0.0151664 0.0115249 -0.00260412 0.000268578 -6.99301e-06 -0.0525216 
0.00432068 -0.0057767 0.00409376 -0.00149708 0.000265362 -1.78066e-05 -0.00225345 
0.0418566 -0.0185343 0.0111938 0.00651062 -0.00107029 1.98336e-05 9.23195e-06 -0.0375424 
0.00609417 -0.00766685 0.00535884 -0.00196514 0.000353357 -2.43533e-05 -0.00314159 
0.0531559 -0.0256746 0.0136212 0.0104824 -0.00243491 0.000272171 -9.71787e-06 -0.0469791 
0.0147007 -0.0160934 0.010754 -0.00382334 0.000671621 -4.53757e-05 -0.00675388 
0.0778213 -0.0347179 0.0210105 0.0130884 -0.00278816 0.000270691 -6.22255e-06 -0.0721642 
0.0100999 -0.0112627 0.00747231 -0.00264961 0.000468637 -3.22188e-05 -0.00475655 
0.0600402 -0.0262578 0.016385 0.00969946 -0.00202008 0.000190999 -3.95428e-06 -0.0555864 
0.00724881 -0.00861315 0.0058074 -0.00207361 0.000364481 -2.4447e-05 -0.003525 
0.0657693 -0.0279567 0.0183638 0.00976966 -0.00182462 0.000128695 1.82118e-06 -0.0618427 
-0.00100942 -0.000380729 0.000430941 -0.000178167 3.23051e-05 -2.0033e-06 0.000101653 
0.0821968 -0.0342276 0.0245514 0.0122918 -0.00257361 0.000263063 -8.50817e-06 -0.0801261 
0.00163917 -0.00385498 0.0032478 -0.00138526 0.000284625 -2.2158e-05 -0.00103058 
0.23474 -0.106468 0.068278 0.0438557 -0.0113645 0.00161148 -9.44831e-05 -0.228147 
-4.95698 5.6335 -3.35967 0.865272 -0.0857732 0.0014778 2.41078 
37.3482 -19.1334 9.575 8.97509 -2.63056 0.417584 -0.0270693 -33.5316 
-3.45882 3.62355 -1.93428 0.398273 -0.0145021 -0.00260301 1.85798 
32.2952 -16.0191 8.51563 7.31506 -2.09939 0.327383 -0.0207975 -29.318 
-1.75198 1.79848 -0.75261 0.0337791 0.0370923 -0.00524393 1.08455 
47.2941 -24.5409 11.8665 11.559 -3.39545 0.539065 -0.0348347 -42.2913 
-1.41993 1.7098 -0.927845 0.215457 -0.0173129 -5.48035e-05 0.861205 
24.8085 -12.1687 6.74338 5.60143 -1.63318 0.260809 -0.0171069 -22.6038 
0.43568 0.185697 -0.103884 -0.00931454 0.0119248 -0.00147522 -0.11153 
43.1536 -22.7387 10.7064 10.9459 -3.29481 0.536854 -0.035633 -38.2908 
1.41269 -0.885938 0.471437 -0.108539 0.0084373 7.7988e-05 -0.517254 
1.24848 0.837532 1.33804 -0.640216 0.182616 -0.0175944 3.16771e-05 -1.97806 
1.86658 -1.05923 0.386149 0.0168475 -0.0307651 0.00384319 -0.800778 
26.6347 -13.9234 6.94488 6.88228 -2.14456 0.361657 -0.0247294 -23.7353 
4.06312 -3.30809 1.87832 -0.490499 0.0537422 -0.00160427 -1.79289 
29.824 -14.5583 8.04666 6.64609 -1.92923 0.307045 -0.0200054 -27.3136 
2.89218 -1.64113 0.459214 0.17169 -0.0930023 0.0104139 -1.34802 
-100.945 49.8148 -25.2502 -21.1919 5.51311 -0.766599 0.043439 93.7898 
6.91881 -6.25552 3.66663 -0.951423 0.098918 -0.00236173 -2.98304 
33.8535 -15.5515 9.36893 6.50332 -1.72467 0.254613 -0.0157303 -31.6637 
-1.92062 3.60042 -1.92966 0.329358 0.0135528 -0.00563518 1.64643 
-2.03051 -0.891443 -1.01096 1.45776 -0.695733 0.145564 -0.0111331 4.11281 
-0.490779 1.65903 -0.561054 -0.11959 0.0819175 -0.00952101 1.05222 
45.4564 -26.9771 9.951 14.1235 -4.49306 0.757237 -0.0512663 -37.7196 
-0.343555 1.28727 -0.401417 -0.091514 0.0594891 -0.00681943 0.968997 
-1.36119 -0.0571278 -0.365322 0.594245 -0.345093 0.0814662 -0.00681085 2.50075 
-0.673711 1.74917 -0.949155 0.226504 -0.0202621 0.000229896 0.994575 
27.5201 -14.6791 6.77223 7.06303 -2.10856 0.340673 -0.0224186 -23.8464 
0.886115 0.277438 -0.0930862 -0.0298647 0.0177898 -0.00202801 0.122442 
26.6024 -14.5387 6.49853 7.24815 -2.24039 0.372574 -0.0250657 -22.9051 
0.93335 0.336847 -0.329628 0.180737 -0.0441433 0.00381751 0.135109 
35.5642 -19.3514 8.47781 9.42368 -2.82836 0.457239 -0.0301186 -30.6763 
2.24105 -0.934335 0.349358 0.0162305 -0.0283084 0.00349397 -0.548093 
-0.951068 0.153546 0.0387662 0.425203 -0.303045 0.0791694 -0.00707228 1.60588 
3.35006 -2.2248 1.1734 -0.229516 0.00416426 0.00208464 -1.08941 
2.80708 0.316127 1.75229 -0.777804 0.382392 -0.0775802 0.00574909 -3.3818 
4.40166 -3.39359 1.8531 -0.390724 0.0160978 0.00240081 -1.5859 
-0.97308 0.106057 0.0148975 0.455647 -0.299348 0.0743817 -0.00641104 1.64706 
7.38432 -6.79726 4.10281 -1.12231 0.130939 -0.00463346 -2.86844 
50.7775 -27.3968 12.0623 13.0576 -3.82354 0.603339 -0.0389371 -44.1842 
-0.0596925 0.0505738 -0.028985 0.00936015 -0.00155416 0.000102759 0.0312128 
0.00541707 0.00126289 0.00386171 -0.00226566 0.00116524 -0.000262805 2.20405e-05 -0.00713467 
-0.0321132 0.0288764 -0.0172075 0.00576834 -0.000994811 6.84368e-05 0.0165393 
0.00458711 0.00103235 0.00325659 -0.00170625 0.000831999 -0.000178908 1.45649e-05 -0.00582044 
-0.0143715 0.0153853 -0.0100069 0.00355436 -0.000637321 4.50347e-05 0.00693182 
0.00522461 0.00123032 0.00314503 -0.00246069 0.00132081 -0.000304839 2.58556e-05 -0.00614532 
-7.98542e-06 0.0031879 -0.00273904 0.00108627 -0.000203014 1.43988e-05 -0.000448888 
0.00579097 0.00106152 0.00315339 -0.00243545 0.00130435 -0.000298361 2.52357e-05 -0.00654304 
0.0051971 0.000216265 -0.00190347 0.00111154 -0.000257751 2.14729e-05 -0.00350808 
0.00344853 0.000724793 0.00197983 -0.00146953 0.000784297 -0.000179775 1.54022e-05 -0.00322746 
0.00186187 -0.000953405 0.000551494 -0.000155149 1.86805e-05 -5.43533e-07 -0.000466507 
0.00508428 0.000951653 0.00292406 -0.00221948 0.00123948 -0.000294547 2.57755e-05 -0.00562517 
0.00067533 0.000341358 -0.000362328 0.00018459 -4.26493e-05 3.65288e-06 0.000107749 
0.00368346 0.000334426 0.00189369 -0.00119753 0.000695095 -0.000167565 1.48977e-05 -0.00316434 
-0.00255182 0.00359727 -0.00240919 0.000894074 -0.000169375 1.27054e-05 0.00158377 
0.0458274 -0.0207549 0.0127242 0.00813019 -0.00183811 0.000198544 -6.2956e-06 -0.0422134 
-0.0129599 0.0149052 -0.0104126 0.00396053 -0.000754805 5.61346e-05 0.00623801 
0.146358 -0.0707506 0.0394085 0.0303282 -0.00793137 0.00109728 -6.04766e-05 -0.136384 
-0.0179645 0.0192242 -0.0128155 0.00468488 -0.000862069 6.20116e-05 0.00877393 
0.0184897 0.0187244 0.0222736 -0.0194217 0.00824795 -0.00163825 0.000123883 -0.0446772 
-0.0309295 0.0348024 -0.0245069 0.00914399 -0.00168476 0.000120236 0.0123995 
-0.437387 0.234936 -0.0980812 -0.108946 0.0310813 -0.00478057 0.000301739 0.385365 
0.00212253 -0.00254905 0.00167839 -0.000603012 0.000110422 -7.89722e-06 -0.00147264 
0.00781815 0.00245578 0.00612681 -0.00354241 0.00170258 -0.000373234 3.1169e-05 -0.0117626 
0.00642231 -0.00805522 0.00581045 -0.00218414 0.000401341 -2.82443e-05 -0.0031928 
0.00590774 -0.000189506 0.00259536 -0.00158854 0.00110245 -0.000287637 2.65339e-05 -0.00511802 
0.00474063 -0.00627892 0.00447559 -0.00165723 0.000299878 -2.08192e-05 -0.00242158 
0.0520839 -0.0246094 0.0134237 0.00967485 -0.0020733 0.000188187 -2.15475e-06 -0.0462439 
0.00770234 -0.00966426 0.00687327 -0.00256404 0.000467912 -3.26059e-05 -0.00377825 
0.00804007 0.000579314 0.0038491 -0.00285247 0.00171512 -0.000419938 3.72899e-05 -0.00851469 
0.0139481 -0.0153852 0.0104051 -0.00377772 0.000683873 -4.8017e-05 -0.00641234 
0.0592018 -0.0230045 0.0172525 0.00669442 -0.00067636 -9.70413e-05 1.94476e-05 -0.0568816 
0.0109931 -0.0125316 0.00852414 -0.00307487 0.000546565 -3.72779e-05 -0.00508578 
0.0092683 0.00269374 0.00502371 -0.00484395 0.00246735 -0.00054792 4.51896e-05 -0.0116612 
0.00643725 -0.00791121 0.0054895 -0.00203028 0.000370929 -2.58991e-05 -0.00314439 
0.0102461 0.00343438 0.00606592 -0.00562868 0.0027801 -0.000607157 4.98279e-05 -0.0139362 
-0.00151648 0.000178482 1.47916e-06 7.93264e-06 -8.69026e-06 1.53758e-06 0.000328869 
0.0768913 -0.0317801 0.0230789 0.0112499 -0.00228053 0.000216374 -5.46304e-06 -0.0750104 
0.000183311 -0.00219197 0.00197553 -0.000854826 0.000175043 -1.34775e-05 -0.000395388 
0.189092 -0.0802949 0.0581482 0.0306945 -0.00731213 0.000945847 -5.0164e-05 -0.188809 
-6.1278 6.12133 -3.54324 0.916169 -0.0938852 0.0020315 3.29029 
-1.18467 0.354623 0.0384268 0.350163 -0.281143 0.0728625 -0.00628752 1.64046 
-5.02987 4.57347 -2.35283 0.499314 -0.0260809 -0.00212023 2.85105 
86.978 -46.701 20.7549 22.2394 -6.5107 1.02068 -0.0649878 -76.7221 
-3.12772 2.87177 -1.44858 0.304093 -0.0160423 -0.00122664 1.8868 
0.429899 0.225917 0.721176 -0.0086822 -0.024609 0.00538883 -0.00017252 -0.380189 
-2.55942 2.64495 -1.52361 0.437918 -0.0599765 0.00314275 1.48908 
1.62363 1.06088 1.67949 -0.933734 0.326474 -0.0519111 0.00319191 -2.72896 
3.18263 -3.356 2.67053 -1.14111 0.236254 -0.018419 -1.16913 
0.197625 0.68145 0.936748 -0.178667 -0.0471328 0.0273009 -0.00303669 -0.666632 
1.76064 -1.45062 0.989886 -0.340423 0.0567956 -0.00371322 -0.634715 
0.287999 0.842913 0.993143 -0.300589 -0.0248754 0.0296279 -0.00365917 -0.856276 
1.01968 0.0112927 -0.45357 0.363897 -0.100888 0.00925119 -0.462192 
1.26503 1.22605 1.56804 -0.953013 0.300345 -0.0407473 0.00193251 -2.36891 
3.56336 -2.67642 1.39551 -0.297544 0.015883 0.00126426 -1.59415 
44.5232 -23.2892 11.1336 11.142 -3.34485 0.545936 -0.0364559 -39.6726 
5.1375 -4.01372 2.04658 -0.393877 0.0069574 0.00353284 -2.33319 
1.48067 0.695088 1.35821 -0.571589 0.167176 -0.0176031 0.000301091 -2.11092 
8.40859 -7.80705 4.74476 -1.36589 0.179108 -0.00837669 -3.65541 
44.2781 -22.4306 11.3086 10.35 -3.00758 0.479208 -0.0315288 -39.9291 
-1.07635 2.77277 -1.39727 0.139016 0.048424 -0.00815864 1.25742 
-2.48306 -0.527399 -0.915115 1.39602 -0.752672 0.171118 -0.0139898 4.19725 
-1.44169 2.82049 -1.45227 0.235847 0.0134704 -0.00449586 1.44346 
46.7633 -26.2082 10.8666 13.0797 -4.01782 0.662122 -0.0442683 -40.0524 
0.247668 0.705562 -0.034845 -0.219289 0.0829592 -0.00862041 0.700716 
38.1147 -21.6532 8.78089 10.9594 -3.40386 0.566146 -0.0381612 -32.2811 
-0.544684 1.52689 -0.717038 0.105427 0.0093941 -0.00245118 0.948583 
-1.05305 0.0380807 -0.13143 0.488396 -0.314346 0.0794423 -0.00703607 1.93292 
2.36936 -1.4902 1.22057 -0.541234 0.114846 -0.0091148 -0.490223 
2.13723 -0.154337 1.1754 -0.195347 0.121398 -0.0271371 0.00229941 -2.04489 
1.80396 -0.554301 0.249352 -0.0168032 -0.0117004 0.00181409 -0.257445 
0.640613 0.0986925 0.568791 -0.0293083 -0.0133379 0.00826602 -0.000988371 -0.239297 
4.21885 -3.21359 2.03407 -0.643888 0.0982863 -0.00581753 -1.39133 
24.6668 -12.6871 6.4135 6.00427 -1.77243 0.283748 -0.0185611 -21.8463 
2.69009 -1.41383 0.553864 0.0169238 -0.0429976 0.00548756 -0.824028 
-104.152 52.327 -25.6206 -22.811 6.11722 -0.881522 0.0520014 95.9901 
4.59154 -3.51067 1.85243 -0.354955 0.003198 0.00368284 -1.68479 
-76.6006 37.972 -19.1007 -16.3518 4.33399 -0.616111 0.0357684 71.3606 
6.84819 -6.29089 3.80588 -1.02942 0.115411 -0.00351236 -2.6192 
2.33369 -0.383304 0.990365 -0.253102 0.22937 -0.0601372 0.00531877 -1.80214 
