-1.35861 0.301572 -0.539921 -0.0339724 1.64021 
18.9834 -6.96629 5.82428 2.17535 -0.364638 0.0245132 -18.7884 
-0.480393 0.136466 -0.124346 -0.0181697 0.482968 
13.9177 -4.83417 4.26779 1.45662 -0.237437 0.0154836 -13.7124 
-0.0817033 0.0476475 0.00189262 -0.00890367 0.0407327 
6.07208 -1.97415 1.68976 0.623438 -0.109351 0.00765857 -5.43864 
1.31566 -0.317577 0.48445 0.0380017 -1.52018 
21.826 -8.83415 5.88096 2.98654 -0.543354 0.0394182 -20.4647 
0.585501 -0.106419 0.239849 0.0082997 -0.734858 
24.7744 -9.85119 6.84499 3.2579 -0.580363 0.0413521 -23.5906 
-0.481455 0.10374 -0.198571 -0.0122377 0.581279 
22.6511 -8.73422 6.36695 2.71374 -0.436449 0.0270949 -21.6967 
-0.878722 0.240102 -0.269193 -0.0317314 0.925207 
28.7676 -12.5399 7.09105 4.38027 -0.803697 0.0579493 -26.0531 
0.367565 -0.0422519 0.255408 -0.000979059 -0.588569 
8.16893 -3.12871 2.11985 1.11146 -0.220959 0.0177918 -7.19379 
0.778213 -0.152908 0.43039 0.0157956 -1.07828 
-14.334 7.30599 -3.24464 -2.61779 0.48109 -0.0342496 13.2932 
-1.305 0.293301 -0.412451 -0.0310701 1.44982 
-8.26826 5.34155 -1.24587 -2.17134 0.437512 -0.0334298 6.82574 
-0.885102 0.0521174 -0.763372 0.00196521 1.63963 
14.7303 -5.3772 4.53045 1.78462 -0.32943 0.0246996 -14.4559 
-1.66491 0.325941 -0.836584 -0.0370633 2.23167 
35.0219 -14.4641 9.69777 4.99474 -0.933774 0.0697594 -33.4507 
0.322137 -0.14306 0.00644409 0.0235215 -0.194629 
26.9134 -11.449 7.0773 4.05857 -0.772775 0.0584665 -24.9607 
-1.38997 0.260151 -0.610874 -0.0228308 1.76332 
26.8376 -10.9773 7.19568 3.68674 -0.662273 0.0473057 -25.2085 
0.00677326 0.00935366 0.019323 0.00218691 -0.0276479 
27.2477 -12.4141 6.69915 4.63506 -0.909225 0.0696644 -24.4337 
-0.449284 0.0430905 -0.252427 0.00263693 0.651631 
23.4286 -9.83705 6.08471 3.44489 -0.646849 0.048361 -21.5708 
-0.143948 -0.0129037 -0.118593 0.00592332 0.265645 
20.5053 -8.2878 5.56634 2.82704 -0.518795 0.0379376 -19.1859 
-1.42342 0.309205 -0.560991 -0.0304021 1.68709 
10.3958 -4.87273 2.07317 1.90579 -0.388484 0.0309443 -8.20214 
0.364063 -0.169088 0.0666428 0.0345574 -0.31028 
14.1066 -6.14685 3.29625 2.26026 -0.445319 0.0351234 -12.1683 
-1.45546 0.243854 -0.713742 -0.0170341 1.91819 
27.0152 -10.7441 7.68309 3.52438 -0.614184 0.042525 -25.9786 
-0.716812 0.123817 -0.338058 -0.00771973 0.955548 
-7.98597 2.19885 -3.27046 -0.17812 -0.0653369 0.0112328 10.3351 
0.591088 -0.174408 0.189705 0.0250335 -0.622432 
-28.1698 12.2722 -7.97399 -4.14302 0.751091 -0.053953 28.342 
-0.190026 0.0156772 -0.116526 0.00146796 0.298734 
-23.2369 10.132 -6.76817 -3.48055 0.657446 -0.049996 23.7779 
-0.277615 0.0608779 -0.111347 -0.00677201 0.334152 
-43.3761 19.2473 -11.9472 -6.68947 1.24273 -0.0911028 42.6308 
-0.137562 0.018732 -0.0770508 -0.000930083 0.198476 
31.9348 -14.2394 8.08357 5.24309 -1.02596 0.07903 -29.0445 
0.00425102 -0.0163706 -0.0445373 0.00287677 0.0534093 
-32.1939 14.0926 -9.10889 -4.84574 0.906057 -0.0679366 32.2447 
0.0973252 -0.0309885 4.82663e-05 0.0025365 -0.0695643 
-18.7884 7.56943 -5.96061 -2.38278 0.419864 -0.0306683 20.2058 
-0.000478329 -0.00551592 -0.0385491 -0.00098503 0.0396889 
-31.2465 13.9963 -8.67146 -4.94057 0.949314 -0.0730794 31.0128 
-0.478698 0.13564 -0.179277 -0.0204388 0.530638 
-31.1239 13.1321 -9.06167 -4.29606 0.75496 -0.0526502 31.673 
-1.45944 0.40252 -0.509053 -0.0545494 1.59201 
-19.9117 10.3283 -5.11084 -4.12885 0.870291 -0.0713566 19.1089 
-0.18544 0.0549522 -0.0869937 -0.0087797 0.228401 
-36.0223 16.1783 -9.78618 -5.66223 1.06818 -0.0802829 35.2838 
-0.224008 0.0736123 -0.0600511 -0.0116536 0.214175 
-45.7031 20.507 -12.2877 -7.16434 1.33853 -0.099125 44.3836 
0.354674 -0.0985567 0.132828 0.0140432 -0.412984 
-42.4153 19.1487 -11.4968 -6.79348 1.29762 -0.0983179 41.3476 
0.334932 -0.0976742 0.116186 0.0146012 -0.380091 
-45.1299 20.1038 -12.1958 -6.93584 1.26868 -0.0910026 43.9653 
0.199003 -0.0430357 0.0859264 0.00564278 -0.249901 
-31.7864 14.4525 -8.58074 -5.08657 0.958629 -0.0717472 31.1138 
0.515466 -0.124131 0.186268 0.0148666 -0.595096 
-31.7007 14.4375 -8.61349 -5.15147 0.992051 -0.0757428 31.1155 
0.922348 -0.213048 0.329457 0.0236428 -1.07384 
-25.9711 11.4369 -7.35003 -3.92159 0.727834 -0.0537526 26.1431 
0.87354 -0.166999 0.36321 0.0128229 -1.09579 
-32.909 15.0212 -8.98051 -5.39107 1.0436 -0.0801774 32.3204 
1.13162 -0.224699 0.46597 0.0199615 -1.4071 
-41.5972 18.0567 -11.6903 -6.14076 1.12423 -0.0817533 41.352 
0.405521 -0.0876632 0.190053 0.0103258 -0.548436 
-41.6445 17.7477 -11.7801 -5.88857 1.05001 -0.0746684 41.5991 
-1.17305 -0.0535313 -2.12573 0.0169793 3.22797 
24.8062 -8.59727 8.87225 2.75484 -0.514198 0.0402663 -26.488 
-3.18627 0.515013 -2.14675 -0.0484475 4.8625 
1.89884 -0.151695 0.902828 0.0676616 -0.0223533 0.0024398 -1.84359 
-2.54826 0.372031 -1.42463 -0.0224792 3.69059 
-10.9992 6.29798 -2.4273 -2.56132 0.54073 -0.0443771 10.0557 
-3.77225 0.884293 -1.28137 -0.103553 4.3741 
-20.3785 10.2479 -5.01912 -3.90227 0.789159 -0.0630966 19.1914 
-4.50908 0.95712 -1.5337 -0.101035 5.32955 
-25.9562 12.987 -6.36299 -5.0109 1.03129 -0.0831108 24.2629 
0.449351 -0.0572327 0.25636 -0.000842489 -0.669465 
34.0205 -14.2358 9.12463 4.83974 -0.875359 0.0629677 -32.0337 
-0.697704 0.21028 -0.146491 -0.030795 0.645824 
34.1493 -14.9032 8.86139 5.27861 -0.987389 0.0725017 -31.5985 
0.296108 0.00431575 0.297617 -0.00856195 -0.60228 
14.5404 -6.04553 3.72861 2.12975 -0.399443 0.0292236 -13.0964 
0.149809 0.0457865 0.310884 -0.0127887 -0.494867 
-33.5162 16.2986 -8.07485 -5.97547 1.14849 -0.0865116 31.0209 
0.251815 -0.0465994 0.306237 0.00817255 -0.511197 
-2.24083 1.46799 -0.561052 -0.493718 0.0856253 -0.00565988 2.642 
2.4023 -0.540463 1.23884 0.0636517 -3.08393 
5.69454 -1.57044 1.87642 0.477313 -0.0891376 0.00724344 -5.49612 
0.674005 -0.120901 0.469749 0.0109282 -1.00029 
36.078 -15.1484 9.7035 5.25981 -0.981823 0.0728263 -34.0419 
1.33822 -0.303287 0.555885 0.0313558 -1.60341 
29.9707 -12.5451 8.02753 4.35606 -0.811085 0.0600122 -28.1419 
-1.13514 0.183744 -0.586192 -0.0138795 1.5465 
17.0105 -6.71376 4.58631 2.23788 -0.401571 0.0287695 -15.8469 
-0.0853077 0.0190381 -0.182577 -0.00687219 0.251024 
26.5964 -11.982 6.6589 4.48464 -0.880779 0.0664258 -24.0549 
-0.468833 0.0436677 -0.33616 0.00145687 0.755056 
13.931 -5.58307 3.48301 1.85509 -0.321213 0.0217874 -12.431 
-0.527052 0.0787403 -0.28505 -0.00501809 0.732233 
7.24113 -2.48255 1.81471 0.719696 -0.102887 0.0053918 -6.25212 
-0.335341 0.0859764 -0.063786 -0.00885228 0.310278 
7.68527 -3.85507 1.2355 1.60964 -0.34477 0.0284194 -5.414 
1.27386 -0.331779 0.617126 0.0507723 -1.61574 
11.8205 -5.16993 2.61012 1.87557 -0.356462 0.0270119 -9.8666 
1.7757 -0.386238 1.03172 0.0493926 -2.48055 
36.6904 -15.1312 10.0487 5.04809 -0.887656 0.0616427 -34.8964 
7.34763 -1.76796 2.64559 0.217269 -8.46407 
-44.4224 18.6115 -12.8185 -6.11292 1.08921 -0.0781357 44.7597 
0.433838 -0.00705181 0.111531 -0.015536 -0.546041 
13.7642 -6.22133 3.07137 2.40407 -0.490809 0.038742 -11.467 
1.02951 -0.217599 0.305813 0.0199977 -1.14288 
-21.7025 10.6333 -5.65477 -3.96613 0.78758 -0.0614826 21.0191 
-0.738085 0.141878 -0.428934 -0.0171231 1.05814 
-21.3752 8.22613 -6.88808 -2.41644 0.397321 -0.0276916 23.1121 
-0.00780392 -0.0775052 -0.114887 0.0259835 0.17939 
-21.8541 7.51349 -7.17632 -1.52695 0.0451187 0.0164285 24.0085 
-0.143367 -0.0173011 -0.15393 0.00835762 0.32498 
-21.6849 7.9497 -7.01477 -2.08358 0.276333 -0.0133137 23.58 
-0.460867 0.118511 -0.2049 -0.0161138 0.567338 
6.41074 -2.7169 1.26762 1.05307 -0.214159 0.0165159 -4.73513 
-1.77097 0.464935 -0.669279 -0.0610694 2.04061 
-44.9827 18.7174 -12.9461 -5.98923 1.01316 -0.0675422 45.2657 
-0.226545 0.0909105 -0.0917916 -0.0176749 0.251936 
-20.7804 8.01081 -6.46954 -2.2312 0.318356 -0.0174163 22.1837 
-0.419546 0.240339 0.0277971 -0.0497371 0.174749 
8.87454 -5.86087 0.679506 2.71891 -0.582441 0.0452798 -4.82719 
-0.745396 0.171303 -0.362329 -0.0193264 0.951102 
-17.2209 8.13929 -4.62633 -2.96139 0.595367 -0.0483808 17.0973 
-0.130238 -0.0120198 -0.113799 0.00955863 0.230852 
-34.1552 16.1261 -8.89049 -5.98589 1.20642 -0.0970801 32.7643 
0.54102 -0.142013 0.196733 0.0213331 -0.626857 
-49.2955 21.7181 -13.398 -7.44303 1.37033 -0.100812 48.1121 
-0.109603 0.0192434 -0.0482755 0.00167102 0.127881 
-36.0904 15.7205 -10.0291 -5.35623 0.996413 -0.0749065 35.7986 
-0.0422713 -0.0136332 -0.0479823 0.0061186 0.104051 
-44.1767 20.2156 -11.6571 -7.22114 1.38334 -0.105081 42.5287 
-0.355895 0.0914079 -0.128953 -0.0131054 0.408743 
-37.1907 16.1817 -10.4251 -5.52747 1.02316 -0.0758466 37.0016 
0.448558 -0.1239 0.143546 0.0132214 -0.487235 
-33.9878 15.6107 -9.08949 -5.60828 1.08342 -0.0826316 33.0628 
0.821993 -0.179453 0.35434 0.01827 -1.02702 
-16.5832 6.4102 -5.29682 -1.82245 0.276447 -0.016783 18.0468 
0.871446 -0.189117 0.377536 0.0178164 -1.0829 
-22.8675 9.56012 -6.79387 -3.06096 0.530536 -0.036972 23.6852 
0.330062 -0.0267318 0.264575 -0.00158824 -0.591749 
-34.303 14.338 -9.97399 -4.64879 0.818965 -0.0587531 34.8437 
