0.0120568 -0.00951046 0.00553959 -0.0017957 0.000295776 -1.92227e-05 -0.00568935 
0.169609 -0.075083 0.0513438 0.030327 -0.0076755 0.00105327 -5.9003e-05 -0.167437 
0.00691653 -0.00531204 0.00311805 -0.000996529 0.000159603 -9.9402e-06 -0.00291851 
0.117035 -0.0553765 0.0322446 0.023212 -0.00590276 0.000791881 -4.23625e-05 -0.109923 
0.00384718 -0.00224715 0.00108263 -0.00026764 2.89031e-05 -7.20975e-07 -0.00141548 
0.05079 -0.0231612 0.014485 0.00922581 -0.00213257 0.000242289 -9.35942e-06 -0.0473949 
0.00163313 -0.000832343 0.000606257 -0.000230933 4.29028e-05 -2.97027e-06 -0.000151629 
0.0985286 -0.0441995 0.0289381 0.0179616 -0.00454807 0.000623855 -3.4875e-05 -0.0951982 
0.00368137 -0.0020746 0.000802801 -8.99318e-05 -1.75369e-05 3.55907e-06 -0.00119976 
0.00387614 0.00312216 0.00408317 -0.00356992 0.00166143 -0.00035762 2.9169e-05 -0.00674296 
-0.000440292 0.000733629 -0.000244109 5.12635e-05 -1.02833e-05 1.25964e-06 0.00075986 
0.227823 -0.117186 0.0575954 0.0536899 -0.0151625 0.00229543 -0.000141218 -0.206828 
-0.00301652 0.00440877 -0.00329161 0.001322 -0.000262248 2.01099e-05 0.00173667 
0.0769333 -0.0359732 0.0207997 0.0145209 -0.00344571 0.000411005 -1.76704e-05 -0.0711341 
-8.00458e-09 0.00123222 -0.000978808 0.000423875 -9.17019e-05 7.6875e-06 0.000360708 
0.20234 -0.0966044 0.0544832 0.0409197 -0.0106873 0.00149946 -8.54995e-05 -0.189783 
-0.00233686 0.00457337 -0.0036765 0.00153141 -0.000309939 2.4014e-05 0.00122735 
0.237135 -0.111693 0.065711 0.0471106 -0.012354 0.00175428 -0.000101995 -0.225487 
-0.00141026 0.00385796 -0.00321355 0.00134827 -0.000271339 2.07441e-05 0.000773512 
0.274584 -0.127004 0.0792444 0.0531064 -0.0138652 0.00196574 -0.00011455 -0.26575 
-0.000470165 0.00168328 -0.00157268 0.000642098 -0.00012239 8.93959e-06 -0.000811369 
0.136174 -0.0583399 0.0427333 0.022761 -0.00550013 0.000712533 -3.71464e-05 -0.135965 
0.00287435 -0.00327161 0.00219831 -0.000805154 0.000146882 -1.03058e-05 -0.00185318 
0.00655013 0.00398736 0.006419 -0.00452831 0.00201551 -0.000415853 3.29265e-05 -0.0116172 
0.00759309 -0.00942931 0.00691314 -0.00266555 0.000505759 -3.70387e-05 -0.00370677 
0.143508 -0.0760804 0.0347114 0.035478 -0.0100995 0.0015357 -9.45545e-05 -0.126506 
0.00497746 -0.00637991 0.00442283 -0.00157809 0.00027129 -1.75202e-05 -0.00255415 
0.0669784 -0.0320572 0.0178581 0.0133428 -0.00326653 0.000401966 -1.7645e-05 -0.0608001 
0.00667492 -0.00873591 0.00637717 -0.00244059 0.000457488 -3.28589e-05 -0.00329629 
0.164251 -0.0885086 0.0389062 0.0417506 -0.0119896 0.00183573 -0.000113932 -0.143687 
0.0137707 -0.015071 0.0100559 -0.00357841 0.000630863 -4.29196e-05 -0.00634638 
0.112542 -0.0514883 0.0304372 0.0203717 -0.0047936 0.000577901 -2.60044e-05 -0.105133 
0.00760442 -0.00833013 0.00532385 -0.00182174 0.000312221 -2.08523e-05 -0.00371745 
0.232742 -0.112957 0.0611958 0.048677 -0.0129654 0.0018595 -0.000108585 -0.216013 
0.00664609 -0.00790189 0.005375 -0.0019606 0.000356953 -2.52286e-05 -0.00330149 
0.0900934 -0.0391223 0.0254954 0.0145154 -0.00313644 0.000335369 -1.22502e-05 -0.0857875 
0.00114557 -0.00240108 0.00174242 -0.000654661 0.000119997 -8.28771e-06 -0.000947615 
0.178608 -0.0853547 0.0479681 0.0360905 -0.00933182 0.00128241 -7.05735e-05 -0.166845 
0.00271583 -0.00398296 0.00277417 -0.00103212 0.000191722 -1.3935e-05 -0.00177169 
0.179366 -0.0746056 0.0563137 0.0278804 -0.00646065 0.00080658 -4.07909e-05 -0.180872 
-2.50236 2.07074 -0.92812 -0.0055361 0.0655543 -0.00858157 0.963123 
1.58197 0.866189 -0.146172 -1.56053 0.853003 -0.190841 0.0151782 0.168935 
-1.82572 1.04431 -0.247138 -0.183661 0.0836642 -0.00899472 0.741535 
6.0835 -11.6264 -2.44733 9.71061 -3.97488 0.779288 -0.0580518 3.05001 
-4.24532 3.51953 -1.96112 0.524591 -0.0685061 0.00376579 1.80523 
4.81031 -7.58556 -1.76331 5.71978 -2.13745 0.390157 -0.027559 2.11388 
-1.66225 1.07305 -0.496901 0.067805 0.00410762 -0.000902099 0.569109 
2.25595 -1.02269 -0.491444 0.176818 0.0832077 -0.030625 0.0027074 0.602581 
0.842185 -1.60679 1.41599 -0.647466 0.137346 -0.0107297 -0.583212 
5.2857 -8.8424 -1.95465 6.83738 -2.58985 0.474528 -0.0334532 2.3315 
-0.01056 -0.324815 0.194639 -0.0466079 0.00272572 0.000278103 -0.273234 
5.4381 -9.76102 -2.0578 7.96351 -3.20711 0.623335 -0.0462755 2.54359 
0.63679 -0.921329 0.575834 -0.16901 0.024502 -0.00155282 -0.629609 
3.62757 -4.21063 -1.16805 2.57148 -0.742952 0.102175 -0.00537129 1.36067 
1.48862 -1.2206 0.375427 0.0712733 -0.0477633 0.00538278 -1.12505 
5.03191 -8.23516 -1.86784 6.34766 -2.41812 0.448025 -0.0320079 2.24603 
1.68734 -1.08525 -0.00281147 0.35865 -0.128092 0.012893 -1.25337 
4.29871 -6.25964 -1.50912 4.58001 -1.66533 0.297303 -0.0206483 1.81108 
0.750898 -0.102838 -0.706888 0.684766 -0.202992 0.0193314 -0.81001 
1.61715 0.723412 -0.159267 -1.45271 0.881274 -0.224197 0.0206642 0.192848 
-1.06422 2.45499 -1.58358 0.380408 -0.0303544 -7.10266e-05 0.753208 
4.88074 -8.26755 -1.81373 6.70316 -2.69481 0.523542 -0.0388671 2.24628 
-0.775988 1.58151 -0.784409 0.0640816 0.0293927 -0.00448811 0.668941 
5.56993 -9.67538 -2.12006 7.69137 -3.04282 0.584657 -0.0430719 2.54336 
1.78762 -1.78699 1.73415 -0.895943 0.210094 -0.0177878 -0.394171 
6.10826 -11.592 -2.42102 9.70549 -4.00633 0.794704 -0.0599945 2.98618 
-1.10376 1.70034 -1.10978 0.344094 -0.0495753 0.00262087 0.707644 
1.6179 1.0018 -0.167827 -1.87658 1.05964 -0.24376 0.0198457 0.166048 
3.15367 -2.91837 2.01062 -0.754013 0.137984 -0.00959375 -1.27939 
6.01851 -10.7291 -2.31031 8.47801 -3.29069 0.617387 -0.0444418 2.74921 
5.07268 -4.93908 3.32238 -1.1597 0.195112 -0.0124276 -2.09653 
5.09961 -8.28438 -1.89253 6.31249 -2.38576 0.4413 -0.0316728 2.25413 
5.89705 -5.99312 4.12426 -1.47659 0.257534 -0.017188 -2.53524 
1.58276 0.833907 -0.147104 -1.47619 0.774508 -0.166039 0.0127006 0.172091 
-0.671591 1.97946 -2.11635 1.09255 -0.25124 0.0208104 0.0982427 
6.03681 -11.3437 -2.3991 9.3902 -3.82112 0.747927 -0.0558051 2.95925 
2.60015 -1.87599 0.631934 0.0933925 -0.073211 0.00843265 -1.31459 
5.0337 -8.69872 -1.89917 7.09001 -2.86543 0.559122 -0.0416365 2.35658 
6.20791 -6.67528 4.29624 -1.28926 0.176133 -0.00866248 -2.73486 
1.68402 1.02043 -0.201935 -2.06538 1.21287 -0.290461 0.0248128 0.182729 
-0.0771404 0.0745734 -0.0489733 0.0176479 -0.00317704 0.000223662 0.0378139 
-0.00468834 -0.00400363 0.00535836 0.00512496 0.00786085 0.00247451 -0.00759038 -0.00189762 
-0.00362994 -0.0034535 0.00644814 -0.00372248 0.00096025 -9.63904e-05 0.0043675 
-0.0151399 0.0184307 0.0125898 0.0191058 -0.012671 -0.0195562 0.0126517 -0.0131084 
-0.0536466 0.0613648 -0.0440967 0.0168734 -0.0031392 0.000222266 0.0233754 
0.000632759 -0.00146955 0.0014412 0.000774771 0.00211722 0.0010013 -0.00214911 -9.98553e-05 
-0.0104919 0.0123674 -0.00733451 0.00223706 -0.00040744 3.67993e-05 0.00438253 
0.00105191 -0.00124818 0.00119861 0.000186965 0.00124906 0.000791789 -0.00097334 2.7157e-05 
-0.0997008 0.132722 -0.109768 0.047937 -0.0102146 0.000824597 0.0391091 
0.00034731 -0.00240819 0.00169445 0.000456575 0.00318704 0.00223126 -0.00327308 -3.04332e-05 
0.0112065 -0.00923023 0.00570124 -0.00195031 0.000338073 -2.28535e-05 -0.00528263 
0.00780909 4.85724e-05 0.00392332 -0.00189364 0.00100014 -0.000180292 9.79745e-06 -0.00866757 
0.00359944 -0.0031162 0.00236229 -0.000937579 0.000179718 -1.31499e-05 -0.00122665 
-0.00814044 0.00117352 -0.00138862 0.00326534 -0.002728 0.000824913 -8.54836e-05 0.00911638 
-0.00689562 0.0048251 -0.00171837 0.000300745 -2.763e-05 1.92455e-06 0.00442206 
0.0069056 0.00184307 0.00505143 -0.00251896 0.000985275 -0.000140717 4.97447e-06 -0.0100956 
-0.0516811 0.0503451 -0.0326699 0.0117861 -0.00214839 0.00015316 0.0253206 
0.0163537 0.00338219 0.00990489 -0.00745892 0.00400652 -0.000914738 7.71842e-05 -0.0233115 
-0.0790936 0.0731942 -0.0456996 0.0159548 -0.00283454 0.00019845 0.0395795 
0.0338052 0.00593096 0.0210003 -0.0143757 0.00812436 -0.00202254 0.000190577 -0.0505071 
-0.0184154 0.0173754 -0.011359 0.00414087 -0.000765364 5.54518e-05 0.00841551 
0.161676 -0.0692326 0.0502925 0.0271875 -0.00678213 0.000943614 -5.51806e-05 -0.161509 
-0.00197181 -2.03537e-05 0.000721512 -0.000426115 9.44513e-05 -7.36327e-06 0.000916414 
0.0102065 0.0102562 0.0118827 -0.0104148 0.00435742 -0.000853684 6.44487e-05 -0.0230764 
0.000309865 -0.00196432 0.00183266 -0.000782421 0.000155771 -1.16602e-05 -0.000373216 
0.0063584 0.00308616 0.00484103 -0.00417554 0.0019519 -0.000397761 2.99185e-05 -0.0092669 
0.00699974 -0.00881969 0.00658668 -0.00261418 0.000508708 -3.77497e-05 -0.00352123 
0.00878488 0.00275611 0.00549358 -0.00491147 0.00255612 -0.000571464 4.67788e-05 -0.0117392 
0.013613 -0.0151446 0.0106568 -0.00408939 0.000783176 -5.79033e-05 -0.0067834 
0.132803 -0.0737947 0.0308183 0.0361521 -0.0108466 0.00174924 -0.000114946 -0.114349 
0.0196166 -0.0214736 0.0148738 -0.00559808 0.00105731 -7.78242e-05 -0.0089991 
0.252051 -0.131494 0.0610311 0.0602923 -0.0169488 0.00255311 -0.000156507 -0.224825 
0.0126977 -0.0145927 0.0102602 -0.00386396 0.000721197 -5.19309e-05 -0.00583232 
0.00911335 0.00460654 0.0063757 -0.00624891 0.00293135 -0.000615856 4.86306e-05 -0.0137971 
0.00286857 -0.00410241 0.00273204 -0.000932837 0.000153415 -9.33933e-06 -0.00150842 
0.183462 -0.0934664 0.045798 0.0421259 -0.0116594 0.00172456 -0.000103073 -0.165505 
-0.00418727 0.00234311 -0.00126502 0.000431784 -7.98561e-05 6.01198e-06 0.0017728 
0.266382 -0.127975 0.0719082 0.0552375 -0.0148887 0.00217809 -0.000130711 -0.250364 
-0.0220414 0.017995 -0.0102731 0.00323922 -0.000518361 3.29249e-05 0.0104676 
0.175014 -0.0764748 0.0533808 0.0305694 -0.0076765 0.00104833 -5.87676e-05 -0.17343 
-124.862 155.556 -124.074 53.0422 -11.2086 0.907561 51.0023 
1036.32 -607.373 219.633 305.349 -92.6423 14.881 -0.965207 -873.907 
-3.34556 5.5972 -3.01188 -0.174505 0.397189 -0.0598869 0.563832 
0.884233 26.5465 9.50465 -24.4673 9.46673 -1.63188 0.102482 -18.7153 
-121.41 134.549 -96.3854 37.4395 -7.20998 0.534997 52.2631 
0.532415 2.41263 0.857757 -1.51329 -0.0643049 0.19032 -0.027645 -0.99812 
10.9908 -13.2808 10.9328 -4.90689 1.04606 -0.0809439 -4.93872 
-577.859 339.273 -125.903 -173.707 53.8113 -8.80555 0.580748 494.217 
56.3208 -60.0671 39.0656 -12.7163 1.89955 -0.0996581 -24.8732 
15.3169 9.52851 8.96298 -13.1633 5.70679 -1.0512 0.0705127 -23.8295 
-1.21769 0.832424 -0.484747 0.123768 0.0014362 -0.00271348 0.354663 
2.9486 -6.65147 -1.70652 5.63928 -2.1925 0.391983 -0.0259248 3.03873 
-4.20952 6.91673 -6.94165 3.4576 -0.789263 0.0656774 1.03739 
10.1213 -21.7075 -4.49663 18.0919 -7.25355 1.36789 -0.0972448 5.44021 
6.08007 -6.14629 4.15527 -1.62363 0.335234 -0.0274842 -3.13137 
-0.1829 4.96361 0.846354 -4.86387 2.18381 -0.450895 0.0345184 -0.958028 
10.2951 -10.4669 6.58646 -2.07451 0.3093 -0.0170379 -5.05162 
2.42497 -1.56373 -0.463984 0.368142 0.202175 -0.09218 0.00962542 0.593753 
13.1936 -15.2474 10.9565 -3.99151 0.699688 -0.0462296 -5.95341 
5.58692 -12.4295 -2.96638 10.4402 -4.17007 0.782486 -0.0552106 4.30719 
2.62158 -1.44509 1.20904 -0.730765 0.194789 -0.0179912 -0.874883 
9.12902 -18.0784 -3.74596 14.4914 -5.61917 1.03646 -0.0724661 4.30332 
-7.18264 9.42321 -6.80358 2.51357 -0.461157 0.0333441 3.2858 
9.32187 -16.9524 -3.86678 12.8744 -4.8341 0.884291 -0.0626296 4.16265 
1.54581 -2.05749 2.35356 -1.27383 0.30581 -0.0266111 -0.199565 
4.93856 -8.57645 -1.79346 7.02145 -2.87643 0.577551 -0.0448598 2.24347 
-5.82186 7.76774 -5.97011 2.37623 -0.461555 0.0345647 2.62356 
5.99613 -11.2256 -2.39963 9.05314 -3.54062 0.660642 -0.0468731 2.98544 
7.00838 -8.25562 6.75553 -2.94777 0.619109 -0.0488719 -2.77918 
5.61089 -9.71741 -2.08467 7.53205 -2.86996 0.526063 -0.0367151 2.49455 
2.33692 -2.2094 1.55441 -0.552251 0.0939512 -0.00607725 -0.818109 
4.89305 -7.56301 -1.70973 5.77247 -2.21718 0.416644 -0.0301474 1.96824 
-2.40467 3.97896 -3.48189 1.54778 -0.322472 0.0250965 0.951006 
5.08997 -8.75659 -1.93544 7.05003 -2.81977 0.543016 -0.0397776 2.39224 
5.93769 -5.59642 3.4121 -1.03007 0.146368 -0.00778759 -2.66523 
6.50495 -12.1704 -2.62767 9.76128 -3.83724 0.727626 -0.0528469 3.1804 
1.28429 -0.799628 0.0328946 0.266725 -0.0945005 0.00914498 -0.612242 
6.51089 -12.4675 -2.62904 10.2733 -4.15555 0.810906 -0.0605895 3.2173 
4.69903 -4.63282 2.60245 -0.604672 0.0488226 4.65055e-05 -2.09066 
2.53223 -1.43159 -0.622403 0.249956 0.183085 -0.0761342 0.00773454 0.717132 
