1.1784 -2.59043 7.41841
1.25884 0.327121 8.17265
1.2912 2.90107 0.579968
1.32263 4.72731 -6.72247
1.35494 5.39344 -4.51353
1.33339 6.28714 -12.0372
1.33 6.68984 -13.7659
1.27732 6.78893 3.52487
1.33331 8.24681 -18.5389
1.33273 8.76799 -20.7156
1.3235 8.98184 -13.2696
0.802538 7.34302 10.5596
1.04144 -0.213768 18.1302
1.26972 -3.11609 9.34814
1.29512 0.529203 5.3822
1.33456 3.02076 -2.54877
1.35857 4.60586 -7.5924
1.39101 5.3379 -4.90966
1.33908 6.23319 -11.4846
1.37499 6.99906 -16.8321
1.45862 6.83044 2.2703
1.32121 7.69135 -2.85206
1.46716 9.04599 -16.2088
1.35244 9.63985 -17.993
0.970138 8.31455 8.44576
1.34713 2.8945 -25
1.23291 -1.41322 1.89196
1.20331 1.77561 0.310353
1.2448 4.19998 -7.46888
1.26052 5.91263 -11.543
1.27281 6.98209 -15.5155
1.40386 6.78976 3.92483
1.36632 7.31281 0.50238
1.35192 8.36158 -8.22911
1.30177 9.07804 -13.3008
1.77358 9.2958 -4.80722
1.25466 10.2749 -25
0.802102 7.79707 12.418
0.866628 4.51557 -25
1.28397 -0.813585 0.592853
1.44155 2.75481 -0.483764
1.5371 5.73585 -10.2411
1.57232 7.57554 -16.5496
1.57952 8.32154 -18.4595
1.60251 8.57695 -15.6126
1.61307 9.36736 -20.9872
1.67456 10.6372 -25
1.62666 10.7234 -20.4207
1.64668 10.9316 -18.1421
1.27064 11.587 -25
1.12351 10.3168 -4.83608
1.09004 3.14972 25
-0.401657 -9.59526 25
-0.460918 -3.12527 6.27488
-0.414138 0.187886 -5.59929
-0.387458 1.57141 -12.2142
-0.360428 2.28067 -15.4058
-0.361178 2.83901 -17.373
-0.362252 3.12773 -14.3379
-0.29552 3.98495 -25
-0.319087 4.65153 -22.9112
-0.311264 5.29837 -24.8431
-0.304878 5.78321 -25
-0.660871 5.2748 -25
-0.341336 -0.322809 -25
-1.23518 -0.772409 -25
0.00918123 -4.27539 5.54208
0.150595 -0.886999 -2.35826
0.177904 0.458281 -7.49751
0.190974 1.13171 -10.5704
0.210527 1.64873 -11.6956
0.204588 2.07897 -12.6854
0.219612 2.9029 -15.7583
0.219225 3.702 -20.1102
0.226341 4.36145 -22.9774
0.155284 4.20628 -25
0.0604527 4.46861 -25
-1.06664 -3.3685 -25
-0.245568 -2.27593 14.081
-0.113423 2.3898 4.62747
-0.0706419 4.82566 -2.14973
-0.00558626 6.1997 -0.338738
-0.0236069 7.18198 -7.95623
-0.0382596 7.86386 -14.6811
-0.0177156 8.44295 -18.8371
-0.0779953 8.51177 -0.183171
-0.00158869 9.25389 -4.39089
-0.00125875 10.2849 -12.8189
0.436238 9.81956 1.56757
-0.340121 8.1777 3.22671
-0.346074 2.63924 -3.1231
0.21332 -0.632469 6.25907
0.345249 3.58018 -1.4512
0.343963 6.08578 -8.35812
0.359815 7.73153 -14.4489
0.356016 8.44112 -15.622
0.442746 8.62482 -9.91602
0.375174 9.32454 -17.2135
-0.124841 9.37863 -25
0.787901 10.6081 -13.9531
0.693521 11.3078 -17.2174
0.433336 11.8491 -15.4071
-0.109581 11.4264 -8.67639
1.2734 6.76457 25
