5.1513 0.858416 -24.245
4.06956 5.10545 -3.23005
3.47606 9.89298 -18.3996
3.23935 8.1525 4.7281
3.15178 8.33812 8.0334
3.09617 6.38756 27.7723
2.99004 9.32664 11.9329
2.98961 9.03126 3.09324
2.97781 9.7344 7.7931
2.96937 8.90701 14.4401
3.01558 9.25131 -8.35669
2.89614 10 -43.338
2.18849 6.23137 -50
6.54425 -10 -40.9651
4.37052 1.49553 18.2932
3.66523 6.92375 6.35278
3.39078 7.47983 11.4733
3.26879 7.64915 12.1268
3.19915 5.3251 34.3082
3.12673 6.23058 34.1569
3.13777 4.04319 42.6963
3.07102 7.14517 18.5048
3.00671 9.4114 7.96199
3.06836 9.50409 -2.22195
2.57183 10 -20.8385
2.53193 -3.45651 50
5.26854 2.45612 -29.8955
4.21616 2.5336 18.4338
3.55456 5.31318 28.4199
3.32714 5.80239 28.2386
3.24066 4.6194 44.4693
3.16901 5.51826 24.3464
3.19531 4.19739 34.8825
3.11333 4.92371 38.0014
3.17852 4.64535 38.5718
3.08854 10 -18.6182
3.06784 10 5.69679
2.75788 10 -23.9358
2.26635 10 -50
5.52782 1.31831 -23.694
4.22641 5.05245 3.34685
3.41836 7.58466 18.3792
3.22253 6.70728 33.2851
3.13792 5.69467 41.9217
3.07641 8.34341 22.3437
3.01299 7.44351 31.6086
2.99667 5.71087 50
3.00412 5.42154 43.0338
3.02113 10 6.3051
2.99378 10 24.3892
2.72819 10 -20.8939
3.20429 -2.66438 -50
5.99723 1.23257 -50
4.22469 1.20536 -24.75
3.76004 0.574221 15.7899
3.46305 2.35764 6.26348
3.31306 3.15426 3.83866
3.28308 1.61475 17.02
3.23427 2.98697 12.7363
3.22914 5.03667 -4.93389
3.19391 4.899 3.17059
3.22369 5.79099 -8.89972
3.27693 2.72967 24.5169
3.12929 10 -45.4941
2.61737 5.65045 -50
7.99718 1.25018 -50
4.17119 3.10224 -50
3.62678 4.07862 -30.5811
3.30722 2.87182 4.78029
3.20294 2.84223 10.6014
3.12554 3.39175 12.1229
3.13484 2.83038 12.2498
3.07277 5.64409 -7.79835
3.0884 6.93705 -25.1189
3.11116 5.92482 -18.69
3.1836 7.92825 -50
2.88047 9.83967 -50
1.33085 10 17.2313
7.0766 -4.58343 -50
4.09196 5.29991 5.80544
3.60318 7.33284 9.1924
3.24272 5.89553 36.4076
3.16551 5.48235 44.3859
3.12424 5.04011 50
3.07603 5.46895 50
3.08398 4.63654 44.7706
3.01179 9.83689 -2.37004
3.09371 5.4643 29.3733
3.10269 10 -14.118
3.21639 10 -42.14
2.1649 9.78165 -50
5.78149 -10 22.2439
4.15074 2.73962 28.4666
3.54151 5.57642 29.1711
3.28103 4.31981 49.9345
3.20509 4.1639 50
3.14379 4.42027 41.9469
3.12489 4.44943 50
3.0981 4.26527 50
3.08787 4.51991 50
3.07342 4.58795 50
3.1442 1.55076 50
3.03807 10 -27.0283
1.89597 10 -44.8959
