3207
3224
3225
3226
3227
3234
3256
3258
3280
3304
3305
3306
3307
3308
3336
3338
3360
3365
3384
3385
3386
3387
3393
3396
3416
3418
3421
3464
3465
3466
3467
3473
3496
3544
3545
3546
3547
3551
3576
3578
3600
3624
3625
3626
3627
3704
3705
3706
3707
3736
3784
3785
3786
3787
3799
3818
3864
3865
3866
3867
3896
3898
3920
3944
3945
3946
3947
3948
3959
3976
3978
4024
4025
4026
4027
4036
4039
4048
4056
4058
4061
4080
4102
4104
4105
4106
4107
4108
4119
4134
4136
4138
4160
4161
4174
4175
4176
4177
4194
4195
4196
4197
4198
4199
4200
4201
4216
4222
4223
4224
4225
4226
4227
4228
4229
4238
4239
4240
4241
4254
4255
4256
4257
4271
4274
4275
4276
4277
4278
4279
4280
4281
4302
4303
4304
4305
4306
4307
4308
4309
4318
4319
4320
4321
4334
4335
4336
4337
4354
4355
4356
4357
4358
4359
4360
4361
4382
4383
4384
4385
4386
4387
4388
4389
4398
4399
4400
4401
4411
4414
4415
4416
4417
4434
4435
4436
4437
4438
4439
4440
4441
4442
4462
4463
4464
4465
4466
4467
4468
4469
4470
4478
4479
4480
4481
4497
4498
4499
4500
4501
4518
4519
4520
4521
4522
4523
4524
4525
4546
4547
4548
4549
4550
4551
4552
4553
4557
4558
4559
4560
4561
4578
4579
4580
4581
4598
4599
4600
4601
4602
4603
4604
4605
4626
4627
4628
4629
4630
4631
4632
4633
4638
4639
4640
4641
4658
4659
4660
4661
4678
4679
4680
4681
4682
4683
4684
4685
4699
4706
4707
4708
4709
4710
4711
4712
4713
4718
4719
4720
4721
4738
4739
4740
4741
4754
4758
4759
4760
4761
4762
4763
4764
4765
4786
4787
4788
4789
4790
4791
4792
4793
4798
4799
4800
4817
4826
4831
4834
4838
4839
4840
4841
4843
4854
4857
4860
4861
4862
4863
4864
4865
4866
4867
4868
4880
4884
4898
4906
4914
4917
4919
4920
4921
4934
4937
4940
4941
4942
4943
4944
4945
4946
4947
4948
4975
4986
4994
4997
4999
5001
5014
5017
5020
5021
5022
5023
5024
5025
5026
5027
5040
5055
5066
5074
5077
5079
5080
5081
5094
5097
5100
5101
5102
5103
5104
5105
5106
5107
5124
5139
5146
5151
5154
5159
5161
5166
5177
5180
5181
5182
5183
5184
5185
5186
5187
5200
5226
5234
5239
5240
5241
5257
5260
5261
5262
5263
5264
5265
5266
5267
5283
5284
5306
5314
5319
5321
5337
5340
5341
5342
5343
5344
5345
5346
5347
5356
5360
5386
5394
5399
5400
5401
5417
5420
5421
5422
5423
5424
5425
5426
5427
5433
5440
5466
5474
5478
5479
5481
5497
5500
5501
5502
5503
5504
5505
5506
5507
5520
5546
5554
5559
5560
5561
5577
5580
5581
5582
5583
5584
5585
5586
5587
5588
5600
5611
5612
5626
5634
5638
5639
5641
5643
5657
5660
5661
5662
5663
5664
5665
5666
5667
5680
5691
5692
5693
5706
5711
5714
5719
5720
5721
5737
5740
5741
5742
5743
5744
5745
5746
5747
5748
5760
5761
5790
5791
5792
5793
5794
5795
5796
5797
5798
5799
5800
5801
5802
5803
5804
5805
5806
5807
5808
5809
5822
5823
5824
5825
5826
5827
5828
5829
5838
5839
5840
5841
5870
5871
5872
5873
5874
5875
5876
5877
5878
5879
5880
5881
5882
5883
5884
5885
5886
5887
5888
5889
5902
5903
5904
5905
5906
5907
5908
5909
5918
5919
5920
5921
5950
5951
5952
5953
5954
5955
5956
5957
5958
5959
5960
5961
5962
5963
5964
5965
5966
5967
5968
5969
5982
5983
5984
5985
5986
5987
5988
5989
5998
5999
6000
6001
6022
6030
6031
6032
6033
6034
6035
6036
6037
6038
6039
6040
6041
6042
6043
6044
6045
6046
6047
6048
6049
6062
6063
6064
6065
6066
6067
6068
6069
6078
6079
6080
6081
6098
6099
6100
6101
6106
6107
6108
6109
6110
6111
6112
6113
6114
6115
6116
6117
6118
6119
6120
6121
6122
6123
6124
6125
6126
6138
6139
6140
6141
6142
6143
6144
6145
6158
6159
6160
6161
6178
6181
6186
6187
6188
6189
6190
6191
6192
6193
6194
6195
6196
6197
6198
6199
6200
6201
6202
6203
6204
6205
6206
6218
6219
6220
6221
6222
6223
6224
6225
6233
6238
6239
6240
6241
6242
6243
6244
6245
6246
6247
6248
6249
6250
6251
6252
6253
6254
6255
6256
6257
6258
6259
6260
6261
6262
6263
6264
6265
6266
6267
6268
6269
6270
6271
6272
6273
6274
6275
6276
6277
6278
6279
6280
6281
6282
6283
6284
6285
6286
6287
6288
6289
6290
6291
6292
6293
6294
6295
6296
6297
6298
6299
6300
6301
6302
6303
6304
6305
6306
6307
6308
6309
6310
6311
6312
6313
6314
6315
6316
6317
6318
6319
6320
6321
6322
6323
6324
6325
6326
6327
6328
6329
6330
6331
6332
6333
6334
6335
6336
6337
6338
6339
6340
6341
6342
6343
6344
6345
6346
6347
6348
6349
6350
6351
6352
6353
6354
6355
6356
6357
6358
6359
6360
6361
6362
6363
6364
6365
6366
6367
6368
6369
6370
6371
6372
6373
6374
6375
6376
6377
6378
6379
6380
6381
6382
6383
6384
6385
6386
6387
6388
6389
6390
6391
6392
6393
6394
6395
6396
6397
6398
6399
9601
9620
9621
9622
9624
9625
9626
9627
9628
9647
9680
9681
9688
9702
9704
9705
9706
9707
9708
9719
9734
9760
9761
9766
9784
9785
9786
9787
9840
9841
9864
9865
9866
9867
9868
9879
9921
9944
9945
9946
9947
9959
9978
10000
10001
10024
10025
10026
10027
10028
10039
10058
10081
10104
10105
10106
10107
10138
10153
10160
10161
10184
10185
10186
10187
10188
10199
10218
10239
10241
10244
10261
10264
10265
10266
10267
10276
10279
10296
10310
10320
10321
10342
10344
10345
10346
10347
10348
10359
10364
10376
10384
10390
10400
10401
10421
10424
10425
10426
10427
10438
10439
10456
10470
10480
10481
10502
10504
10505
10506
10507
10508
10519
10536
10550
10560
10561
10574
10575
10576
10577
10578
10581
10594
10595
10596
10597
10598
10599
10600
10601
10602
10622
10623
10624
10625
10626
10627
10628
10629
10630
10638
10639
10640
10641
10654
10655
10656
10657
10661
10674
10675
10676
10677
10678
10679
10680
10681
10702
10703
10704
10705
10706
10707
10708
10709
10718
10719
10720
10721
10734
10735
10736
10737
10738
10754
10755
10756
10757
10758
10759
10760
10761
10762
10782
10783
10784
10785
10786
10787
10788
10789
10790
10798
10799
10800
10801
10814
10815
10816
10817
10818
10834
10835
10836
10837
10838
10839
10840
10841
10842
10862
10863
10864
10865
10866
10867
10868
10869
10870
10878
10879
10880
10881
10882
10883
10885
10898
10899
10900
10901
10902
10918
10919
10920
10921
10922
10923
10924
10925
10946
10947
10948
10949
10950
10951
10952
10953
10954
10957
10958
10959
10960
10961
10963
10978
10979
10980
10981
10998
10999
11000
11001
11002
11003
11004
11005
11026
11027
11028
11029
11030
11031
11032
11033
11038
11039
11040
11041
11043
11058
11059
11060
11061
11062
11072
11078
11079
11080
11081
11082
11083
11084
11085
11106
11107
11108
11109
11110
11111
11112
11113
11118
11119
11120
11121
11123
11138
11139
11140
11141
11143
11152
11158
11159
11160
11161
11162
11163
11164
11165
11186
11187
11188
11189
11190
11191
11192
11193
11198
11199
11200
11201
11210
11226
11234
11238
11239
11240
11241
11251
11257
11260
11261
11262
11263
11264
11265
11266
11267
11268
11269
11280
11281
11290
11306
11314
11319
11320
11321
11337
11340
11341
11342
11343
11344
11345
11346
11347
11348
11361
11363
11370
11386
11394
11398
11399
11401
11406
11417
11420
11421
11422
11423
11424
11425
11426
11427
11440
11441
11450
11466
11474
11479
11480
11481
11486
11497
11500
11501
11502
11503
11504
11505
11506
11507
11508
11521
11530
11546
11554
11559
11561
11568
11577
11578
11580
11581
11582
11583
11584
11585
11586
11587
11600
11601
11610
11626
11634
11639
11640
11641
11656
11657
11660
11661
11662
11663
11664
11665
11666
11667
11668
11681
11685
11690
11706
11714
11719
11721
11737
11740
11741
11742
11743
11744
11745
11746
11747
11760
11761
11770
11786
11794
11799
11800
11801
11817
11820
11821
11822
11823
11824
11825
11826
11827
11828
11840
11841
11866
11874
11878
11879
11881
11897
11900
11901
11902
11903
11904
11905
11906
11907
11920
11921
11946
11954
11959
11960
11961
11977
11980
11981
11982
11983
11984
11985
11986
11987
11988
12000
12001
12026
12034
12038
12039
12040
12041
12042
12043
12057
12060
12061
12062
12063
12064
12065
12066
12067
12068
12080
12081
12106
12114
12117
12118
12119
12120
12121
12130
12137
12140
12141
12142
12143
12144
12145
12146
12147
12148
12152
12160
12161
12190
12191
12192
12193
12194
12195
12196
12197
12198
12199
12200
12201
12202
12203
12204
12205
12206
12207
12208
12209
12222
12223
12224
12225
12226
12227
12228
12229
12238
12239
12240
12241
12270
12271
12272
12273
12274
12275
12276
12277
12278
12279
12280
12281
12282
12283
12284
12285
12286
12287
12288
12289
12302
12303
12304
12305
12306
12307
12308
12309
12318
12319
12320
12321
12350
12351
12352
12353
12354
12355
12356
12357
12358
12359
12360
12361
12362
12363
12364
12365
12366
12367
12368
12369
12382
12383
12384
12385
12386
12387
12388
12389
12398
12399
12400
12401
12430
12431
12432
12433
12434
12435
12436
12437
12438
12439
12440
12441
12442
12443
12444
12445
12446
12447
12448
12449
12462
12463
12464
12465
12466
12467
12468
12469
12478
12479
12480
12481
12483
12498
12499
12500
12501
12506
12507
12508
12509
12510
12511
12512
12513
12514
12515
12516
12517
12518
12519
12520
12521
12522
12523
12524
12525
12526
12530
12538
12539
12540
12541
12542
12543
12544
12545
12558
12559
12560
12561
12563
12578
12579
12580
12581
12586
12587
12588
12589
12590
12591
12592
12593
12594
12595
12596
12597
12598
12599
12600
12601
12602
12603
12604
12605
12606
12614
12618
12619
12620
12621
12622
12623
12624
12625
12638
12639
12640
12641
12642
12643
12644
12645
12646
12647
12648
12649
12650
12651
12652
12653
12654
12655
12656
12657
12658
12659
12660
12661
12662
12663
12664
12665
12666
12667
12668
12669
12670
12671
12672
12673
12674
12675
12676
12677
12678
12679
12680
12681
12682
12683
12684
12685
12686
12687
12688
12689
12690
12691
12692
12693
12694
12695
12696
12697
12698
12699
12700
12701
12702
12703
12704
12705
12706
12707
12708
12709
12710
12711
12712
12713
12714
12715
12716
12717
12718
12719
12720
12721
12722
12723
12724
12725
12726
12727
12728
12729
12730
12731
12732
12733
12734
12735
12736
12737
12738
12739
12740
12741
12742
12743
12744
12745
12746
12747
12748
12749
12750
12751
12752
12753
12754
12755
12756
12757
12758
12759
12760
12761
12762
12763
12764
12765
12766
12767
12768
12769
12770
12771
12772
12773
12774
12775
12776
12777
12778
12779
12780
12781
12782
12783
12784
12785
12786
12787
12788
12789
12790
12791
12792
12793
12794
12795
12796
12797
12798
12799
0
1
11
32
33
34
35
36
39
50
60
80
110
112
113
114
115
116
139
160
196
219
272
320
342
359
379
400
432
464
480
514
560
562
614
624
640
668
675
679
699
708
720
748
752
753
755
779
800
828
880
908
912
913
914
915
960
961
997
1014
1015
1016
1017
1030
1031
1032
1033
1038
1039
1040
1041
1077
1094
1095
1096
1097
1110
1111
1112
1113
1118
1119
1120
1121
1174
1175
1176
1177
1184
1190
1191
1192
1193
1198
1199
1200
1201
1211
1254
1255
1256
1257
1270
1271
1272
1273
1278
1279
1280
1281
1282
1311
1321
1338
1339
1340
1341
1353
1354
1355
1356
1357
1358
1359
1360
1361
1362
1363
1391
1418
1419
1420
1421
1434
1435
1436
1437
1438
1439
1440
1441
1442
1443
1471
1473
1498
1499
1500
1501
1514
1515
1516
1517
1518
1519
1520
1521
1523
1526
1578
1579
1580
1581
1594
1595
1596
1597
1598
1599
1600
1636
1639
1640
1680
1695
1704
1708
1711
1716
1719
1720
1735
1760
1796
1799
1800
1815
1876
1879
1895
1907
1920
1931
1959
1960
1975
2036
2039
2047
2055
2080
2083
2089
2094
2108
2119
2120
2135
2171
2188
2199
2215
2240
2279
2295
2359
2375
2400
2403
2431
2439
2455
2480
2488
2489
2490
2491
2497
2498
2504
2507
2519
2535
2560
2561
2566
2567
2568
2569
2570
2571
2572
2573
2574
2575
2576
2577
2578
2579
2580
2581
2582
2583
2584
2585
2586
2587
2588
2589
2590
2591
2592
2593
2594
2595
2596
2597
2610
2611
2612
2613
2614
2615
2616
2617
2618
2619
2620
2621
2622
2623
2624
2625
2626
2627
2628
2629
2630
2631
2632
2633
2634
2635
2636
2637
2638
2639
2640
2641
2646
2647
2648
2649
2650
2651
2652
2653
2654
2655
2656
2657
2658
2659
2660
2661
2662
2663
2664
2665
2666
2667
2668
2669
2670
2671
2672
2673
2674
2675
2676
2677
2690
2691
2692
2693
2694
2695
2696
2697
2698
2699
2700
2701
2702
2703
2704
2705
2706
2707
2708
2709
2710
2711
2712
2713
2714
2715
2716
2717
2718
2719
2720
2721
2726
2727
2728
2729
2730
2731
2732
2733
2734
2735
2736
2737
2738
2739
2740
2741
2742
2743
2744
2745
2746
2747
2748
2749
2750
2751
2752
2753
2754
2755
2756
2757
2770
2771
2772
2773
2774
2775
2776
2777
2778
2779
2780
2781
2782
2783
2784
2785
2786
2787
2788
2789
2790
2791
2792
2793
2794
2795
2796
2797
2798
2799
2800
2801
2806
2807
2808
2809
2810
2811
2812
2813
2814
2815
2816
2817
2818
2819
2820
2821
2822
2823
2824
2825
2826
2827
2828
2829
2830
2831
2832
2833
2834
2835
2836
2837
2850
2851
2852
2853
2854
2855
2856
2857
2858
2859
2860
2861
2862
2863
2864
2865
2866
2867
2868
2869
2870
2871
2872
2873
2874
2875
2876
2877
2878
2879
2880
2881
2882
2883
2884
2885
2886
2887
2888
2889
2890
2891
2892
2893
2894
2895
2896
2897
2898
2899
2900
2901
2902
2903
2904
2905
2906
2907
2908
2909
2910
2911
2912
2913
2921
2926
2927
2928
2929
2930
2931
2932
2933
2934
2935
2936
2937
2938
2939
2940
2941
2942
2943
2944
2945
2946
2947
2948
2949
2950
2951
2952
2953
2954
2955
2956
2957
2958
2959
2960
2961
2962
2963
2964
2965
2966
2967
2968
2969
2970
2971
2972
2973
2974
2975
2976
2977
2978
2979
2980
2981
2982
2983
2984
2985
2986
2987
2988
2989
2990
2991
2992
2993
3002
3003
3004
3005
3006
3007
3008
3009
3010
3011
3012
3013
3014
3015
3016
3017
3018
3019
3020
3021
3022
3023
3024
3025
3026
3027
3028
3029
3030
3031
3032
3033
3034
3035
3036
3037
3038
3039
3040
3041
3042
3043
3044
3045
3046
3047
3048
3049
3050
3051
3052
3053
3054
3055
3056
3057
3058
3059
3060
3061
3062
3063
3064
3065
3066
3067
3068
3069
3070
3071
3072
3073
3074
3075
3076
3077
3078
3079
3080
3081
3082
3083
3084
3085
3086
3087
3088
3089
3090
3091
3092
3093
3094
3095
3096
3097
3098
3099
3100
3101
3102
3103
3104
3105
3106
3107
3108
3109
3110
3111
3112
3113
3114
3115
3116
3117
3118
3119
3120
3121
3122
3123
3124
3125
3126
3127
3128
3129
3130
3131
3132
3133
3134
3135
3136
3137
3138
3139
3140
3141
3142
3143
3144
3145
3146
3147
3148
3149
3150
3151
3152
3153
3154
3155
3156
3157
3158
3159
3160
3161
3162
3163
3164
3165
3166
3167
3168
3169
3170
3171
3172
3173
3174
3175
3176
3177
3178
3179
3180
3181
3182
3183
3184
3185
3186
3187
3188
3189
3190
3191
3192
3193
3194
3195
3196
3197
3198
3199
6400
6406
6421
6432
6433
6434
6435
6476
6480
6486
6501
6503
6505
6512
6513
6514
6515
6523
6560
6562
6566
6585
6587
6599
6663
6665
6672
6720
6725
6726
6745
6825
6832
6833
6867
6880
6905
6947
6985
7040
7072
7152
7153
7154
7155
7200
7280
7312
7313
7314
7315
7360
7361
7413
7414
7415
7416
7417
7430
7431
7432
7433
7438
7439
7440
7441
7494
7495
7496
7497
7510
7511
7512
7513
7518
7519
7520
7521
7574
7575
7576
7577
7590
7591
7592
7593
7598
7599
7600
7601
7615
7654
7655
7656
7657
7666
7670
7671
7672
7673
7678
7679
7680
7681
7709
7726
7729
7738
7739
7740
7741
7754
7755
7756
7757
7758
7759
7760
7761
7762
7769
7791
7809
7816
7818
7819
7820
7821
7834
7835
7836
7837
7838
7839
7840
7841
7842
7845
7847
7871
7898
7899
7900
7901
7914
7915
7916
7917
7918
7919
7920
7921
7922
7923
7925
7927
7929
7943
7955
7978
7979
7980
7981
7994
7995
7996
7997
7998
7999
8000
8038
8039
8040
8080
8119
8120
8145
8160
8199
8200
8225
8279
8304
8305
8320
8359
8360
8436
8439
8465
8470
8480
8484
8519
8520
8547
8550
8596
8599
8640
8649
8652
8679
8684
8720
8746
8759
8800
8839
8855
8880
8888
8889
8890
8891
8899
8901
8902
8919
8935
8960
8961
8966
8967
8968
8969
8970
8971
8972
8973
8974
8975
8976
8977
8978
8979
8980
8981
8982
8983
8984
8985
8986
8987
8988
8989
8990
8991
8992
8993
8994
8995
8996
8997
9010
9011
9012
9013
9014
9015
9016
9017
9018
9019
9020
9021
9022
9023
9024
9025
9026
9027
9028
9029
9030
9031
9032
9033
9035
9036
9037
9038
9039
9040
9041
9046
9047
9048
9049
9050
9051
9052
9053
9054
9055
9056
9057
9058
9059
9060
9061
9062
9063
9064
9065
9066
9067
9068
9069
9070
9071
9072
9073
9074
9075
9076
9077
9090
9091
9092
9093
9094
9095
9096
9097
9098
9099
9100
9101
9102
9103
9104
9105
9106
9107
9108
9109
9110
9111
9112
9113
9114
9115
9116
9117
9118
9119
9120
9121
9126
9127
9128
9129
9130
9131
9132
9133
9134
9135
9136
9137
9138
9139
9140
9141
9142
9143
9144
9145
9146
9147
9148
9149
9150
9151
9152
9153
9154
9155
9156
9157
9170
9171
9172
9173
9174
9175
9176
9177
9178
9179
9180
9181
9182
9183
9184
9185
9186
9187
9188
9189
9190
9191
9192
9193
9194
9195
9196
9197
9198
9199
9200
9201
9206
9207
9208
9209
9210
9211
9212
9213
9214
9215
9216
9217
9218
9219
9220
9221
9222
9223
9224
9225
9226
9227
9228
9229
9230
9231
9232
9233
9234
9235
9236
9237
9250
9251
9252
9253
9254
9255
9256
9257
9258
9259
9260
9261
9262
9263
9264
9265
9266
9267
9268
9269
9270
9271
9272
9273
9274
9275
9276
9277
9278
9279
9280
9281
9282
9283
9284
9285
9286
9287
9288
9289
9290
9291
9292
9293
9294
9295
9296
9297
9298
9299
9300
9301
9302
9303
9304
9305
9306
9307
9308
9309
9310
9311
9312
9313
9326
9327
9328
9329
9330
9331
9332
9333
9334
9335
9336
9337
9338
9339
9340
9341
9342
9343
9344
9345
9346
9347
9348
9349
9350
9351
9352
9353
9354
9355
9356
9357
9358
9359
9360
9361
9362
9363
9364
9365
9366
9367
9368
9369
9370
9371
9372
9373
9374
9375
9376
9377
9378
9379
9380
9381
9382
9383
9384
9385
9386
9387
9388
9389
9390
9391
9392
9393
9396
9399
9402
9403
9404
9406
9407
9408
9409
9410
9411
9412
9413
9414
9415
9416
9417
9418
9419
9420
9421
9422
9423
9424
9425
9426
9427
9428
9429
9430
9431
9432
9433
9434
9435
9436
9437
9438
9439
9440
9441
9442
9443
9444
9445
9446
9447
9448
9449
9450
9451
9452
9453
9454
9455
9456
9457
9458
9459
9460
9461
9462
9463
9464
9465
9466
9467
9468
9469
9470
9471
9472
9473
9474
9475
9476
9477
9478
9479
9480
9481
9482
9483
9484
9485
9486
9487
9488
9489
9490
9491
9492
9493
9494
9495
9496
9497
9498
9499
9500
9501
9502
9503
9504
9505
9506
9507
9508
9509
9510
9511
9512
9513
9514
9515
9516
9517
9518
9519
9520
9521
9522
9523
9524
9525
9526
9527
9528
9529
9530
9531
9532
9533
9534
9535
9536
9537
9538
9539
9540
9541
9542
9543
9544
9545
9546
9547
9548
9549
9550
9551
9552
9553
9554
9555
9556
9557
9558
9559
9560
9561
9562
9563
9564
9565
9566
9567
9568
9569
9570
9571
9572
9573
9574
9575
9576
9577
9578
9579
9580
9581
9582
9583
9584
9585
9586
9587
9588
9589
9590
9591
9592
9593
9594
9595
9596
9597
9598
9599
