0.00419379 0.000676849 0.000290258
0.00421017 0.000543226 0.000317571
0.00402189 0.000844365 0.000215546
0.00383716 0.00114738 9.86075e-05
0.00380566 0.0011837 7.82551e-05
0.00379857 0.00113939 0.000115111
0.00405894 0.000865944 0.000180591
0.00395167 0.00093331 0.000154835
0.00389476 0.000972062 0.000135342
0.00381236 0.00108114 9.66445e-05
0.00372982 0.00120152 4.96702e-05
0.0037783 0.00112054 8.49752e-05
0.00406138 0.000869415 0.000150828
0.00400866 0.000859099 0.000149685
0.0039496 0.000891445 0.000137894
0.00393003 0.000901901 0.00013268
0.00386629 0.000999957 9.48065e-05
0.00388071 0.000954504 0.000116773
0.00390795 0.00118624 3.25005e-05
0.00383835 0.00122696 1.10598e-05
0.00377351 0.00123403 1.84256e-05
0.00381241 0.00116076 3.65109e-05
0.00377355 0.00120475 2.48678e-05
0.00378421 0.00121335 1.77581e-05
0.00378422 0.00128501 -1.27271e-05
0.00378831 0.00120933 1.06707e-05
0.00373014 0.0012252 8.60967e-06
0.0037263 0.00118702 2.3443e-05
0.00371488 0.00120383 1.65092e-05
0.00365805 0.00127272 -1.46598e-06
0.00409572 0.000926446 6.34452e-05
0.00408161 0.000851606 9.01968e-05
0.00404368 0.000837017 9.92614e-05
0.00403324 0.00081921 0.000106254
0.00404326 0.000800584 0.000111807
0.00404488 0.000846902 9.55829e-05
0.00426819 0.000621308 0.000156434
0.00421698 0.000607866 0.000161872
0.00419374 0.000571238 0.00017396
0.00420372 0.000532318 0.000183777
0.0041858 0.000542582 0.000181991
0.00416139 0.000594056 0.000166752
0.00442212 0.000350478 0.000255092
0.00435222 0.000347897 0.000256072
0.00432182 0.00034623 0.000250739
0.00431011 0.000343013 0.000248567
0.00422785 0.000440455 0.000213106
0.00429147 0.000357924 0.000244165
0.00461627 3.12684e-06 0.000369743
0.00452354 5.26196e-05 0.00034806
0.0044457 0.000120982 0.00031927
0.00436867 0.000216598 0.000280605
0.00432347 0.000278936 0.000253206
0.00439113 0.000165796 0.000296462
0.00479707 -0.000386652 0.000537599
0.00470429 -0.000309731 0.000500161
0.00454684 -0.000109239 0.000416796
0.0043575 0.000177345 0.000311094
0.0043403 0.00018202 0.000305003
0.00443391 4.62175e-05 0.000351137
0.00467284 -3.34474e-05 0.000532512
0.00452129 0.000120883 0.000474392
0.00434832 0.00037438 0.000375856
0.00421218 0.000612836 0.000277927
0.00401459 0.000928051 0.000158427
0.00410275 0.000804174 0.000204955
0.00433434 0.000503508 0.000311645
0.00423885 0.000569977 0.000286107
0.00426301 0.000528568 0.000284883
0.00419309 0.000642523 0.000235503
0.00405804 0.000854951 0.000158759
0.00404039 0.000933789 0.000125198
0.00415239 0.000820539 0.000193549
0.00411175 0.00080075 0.000196722
0.00409958 0.00079157 0.000194131
0.00397459 0.000928311 0.000158623
0.00405372 0.000882442 0.000155708
0.00402265 0.000942264 0.000130729
0.00390391 0.00124105 4.95346e-05
0.00398651 0.00105322 0.000102029
0.00385536 0.00119206 6.72306e-05
0.00392473 0.00107574 0.000102754
0.00392562 0.0010853 9.73889e-05
0.00390984 0.00114316 7.57328e-05
0.0038129 0.00140894 -4.19739e-05
0.00382095 0.00129079 1.46495e-05
0.00386307 0.00117902 6.26656e-05
0.00390714 0.00109132 9.3011e-05
0.00376962 0.00127151 4.66386e-05
0.00381591 0.00119968 5.791e-05
0.00388509 0.00123901 8.88035e-06
0.00391276 0.00110388 6.70513e-05
0.00398294 0.000931092 0.000129693
0.00394019 0.000948124 0.000135955
0.00385385 0.00108287 0.000105702
0.00384273 0.00111147 9.16184e-05
0.004017 0.00093764 0.000126717
0.00398385 0.000890631 0.000147902
0.00373125 0.00121901 7.11879e-05
0.00389138 0.000939056 0.000140608
0.00386057 0.000970326 0.000133863
0.00386294 0.000998753 0.000118457
0.00411673 0.000692339 0.000229012
0.00401207 0.000751308 0.000212093
0.00395185 0.000798285 0.000197964
0.0038839 0.000893785 0.000162783
0.0039238 0.000863039 0.000158057
0.00384187 0.000953085 0.000141021
0.0042526 0.000424175 0.000325103
0.00415589 0.000508836 0.00029123
0.00404036 0.000649924 0.000239578
0.00397512 0.000749555 0.000193723
0.00387549 0.000928486 0.000125115
0.00390596 0.000913322 0.000123902
0.0041524 0.000506735 0.000285507
0.00431399 0.000133739 0.000431452
0.00422765 0.000258439 0.000372806
0.00370976 0.00115198 2.56648e-05
0.00381232 0.000938721 0.000112594
0.00385745 0.000805054 0.000176079
0.00606487 -0.00101521 0.000639983
0.00598918 -0.00096805 0.000616398
0.00587702 -0.000818449 0.000553527
0.00569972 -0.000547444 0.000450338
0.00545418 -0.000174279 0.000318994
0.00544182 -0.000196073 0.000338898
0.00608913 -0.000908617 0.000543153
0.00601288 -0.000880338 0.000527038
0.00595197 -0.000830569 0.000502724
0.00585939 -0.000703571 0.000457349
0.00572289 -0.000514962 0.000390765
0.00567552 -0.000456931 0.000378192
0.00577891 -0.000562274 0.000429716
0.00573448 -0.000591826 0.000437824
0.00565984 -0.000546859 0.000427597
0.00563361 -0.000521361 0.000412746
0.00557469 -0.000440905 0.000385455
0.00554549 -0.000369151 0.000361038
0.0052293 -0.000121293 0.000316138
0.00524302 -0.00022902 0.000349849
0.00520829 -0.000237359 0.000356833
0.00513456 -0.000204262 0.00035219
0.00512042 -0.000182913 0.00034077
0.00507192 -0.000103929 0.000313691
0.00531439 -9.56224e-05 0.000283133
0.00525041 -0.000123037 0.000303109
0.00516067 -6.99502e-05 0.000293593
0.00515151 -0.000106819 0.000310536
0.00505612 -6.45513e-06 0.000287949
0.00499355 8.44465e-05 0.000257625
0.00520554 -8.93033e-05 0.000274093
0.00518798 -0.000167003 0.000307242
0.00513922 -0.000168583 0.000317157
0.00508724 -0.000145394 0.000318753
0.00508356 -0.00014406 0.000317552
0.00498945 -2.34333e-05 0.000286008
0.00511386 -3.92798e-05 0.000284914
0.00510783 -0.000124427 0.000314229
0.00503573 -0.000106101 0.000314798
0.00502071 -0.000126792 0.000322486
0.00495562 -5.50429e-05 0.000303438
0.0047788 0.000178604 0.000236857
0.00509439 -0.000297671 0.000387804
0.00505504 -0.000323773 0.000393482
0.00503181 -0.000341701 0.000398431
0.00500287 -0.000319028 0.000385754
0.0048967 -0.000180387 0.00034216
0.00494485 -0.000238985 0.00035714
0.00505992 -0.000396504 0.000439383
0.00501585 -0.000403189 0.000432115
0.00489042 -0.000287058 0.000394153
0.00484005 -0.000215403 0.000360146
0.00471752 -5.24069e-05 0.000303231
0.0047197 -8.4143e-05 0.000323159
0.00514574 -0.000753277 0.00059329
0.00507984 -0.000741231 0.00058552
0.0049523 -0.000603252 0.000532329
0.00480073 -0.000357913 0.000433439
0.0045969 -4.01537e-05 0.000312988
0.0047081 -0.000245507 0.000396081
0.00504371 -0.000649728 0.000552454
0.0049706 -0.00061843 0.000530993
0.00487635 -0.000521778 0.00049441
0.00481021 -0.000449814 0.00046125
0.00482495 -0.000511847 0.000489045
0.00485974 -0.000615136 0.000535018
0.00512014 -0.000443435 0.000411754
0.00505489 -0.000435137 0.000402538
0.00499197 -0.000412364 0.000393662
0.00494521 -0.000357554 0.000368587
0.00488192 -0.000293643 0.00035066
0.00492642 -0.000400676 0.000395043
0.00508978 -0.000215627 0.000321675
0.00503263 -0.000238087 0.000324888
0.00500235 -0.000267015 0.000332537
0.00493756 -0.000207211 0.000314442
0.00493607 -0.000225719 0.000316319
0.00490854 -0.000173313 0.000299692
0.00492132 -0.000129396 0.00030409
0.00485422 -0.000133796 0.000306748
0.00483331 -0.000173935 0.000318966
0.0048111 -0.000191652 0.000326593
0.00480331 -0.00018908 0.000321374
0.00473575 -6.6904e-05 0.000279252
0.00497897 -0.000246767 0.000335461
0.00493951 -0.000300918 0.000353005
0.00489941 -0.000338137 0.000371847
0.00487342 -0.000334111 0.000372346
0.00482355 -0.000298147 0.000362638
0.00477961 -0.000226849 0.000335378
0.00492343 -0.000213658 0.000341684
0.00484115 -0.00021919 0.000345507
0.00480437 -0.00024497 0.000357809
0.00477576 -0.000246329 0.000360423
0.0047842 -0.000279469 0.000369956
0.00479733 -0.000283263 0.000363543
0.00495702 -0.000198667 0.000342471
0.00486123 -0.000147379 0.000314443
0.00483386 -0.000206383 0.000335874
0.00485026 -0.000266309 0.000348398
0.00482231 -0.00023175 0.000338211
0.0048145 -0.0001982 0.000314114
0.00497924 -0.000383855 0.000394018
0.00492464 -0.000386645 0.000388119
0.00491553 -0.000426324 0.000396679
0.00487709 -0.000422768 0.000394873
0.00485515 -0.000394827 0.000382596
0.004865 -0.000378171 0.000368782
0.00501049 -0.00055353 0.000472034
0.00484526 -0.00040369 0.000416184
0.00480402 -0.000402875 0.000410799
0.00478226 -0.000396619 0.000403753
0.00474965 -0.000367303 0.000391917
0.00481421 -0.000500783 0.000441263
0.00496176 -0.000722532 0.000585034
0.00481595 -0.000577296 0.000525688
0.00471851 -0.000467 0.000475719
0.00466069 -0.000436517 0.000464897
0.00463341 -0.000457408 0.000479315
0.00465556 -0.00050982 0.000499316
0.00351985 0.00028217 0.000273368
0.00342314 0.000413789 0.000222204
0.00336623 0.000507281 0.000182302
0.00334093 0.000530858 0.000169405
0.00327637 0.000635745 0.000139551
0.00326203 0.000666506 0.000132712
0.00349864 0.000323572 0.000244134
0.00343266 0.000429985 0.000198917
0.00335833 0.000526078 0.000163625
0.00331979 0.00058352 0.000144963
0.00331534 0.000590831 0.000143638
0.00328156 0.000635132 0.000136722
0.003466 0.000462763 0.000186678
0.00339007 0.000569933 0.000150085
0.00334963 0.000649187 0.000115546
0.00330731 0.000719265 8.83595e-05
0.00323292 0.000838229 4.95305e-05
0.00320675 0.000898972 3.1364e-05
0.00355117 0.000436983 0.000192885
0.00349654 0.000503137 0.000169433
0.00345351 0.000579895 0.000141273
0.00334333 0.000764467 7.14307e-05
0.00332304 0.000795947 6.25139e-05
0.00327384 0.000857187 5.55918e-05
0.00358274 0.000396817 0.000196739
0.00349254 0.000513569 0.000158399
0.0034489 0.000579628 0.000132743
0.00340631 0.000652812 0.000107668
0.00334307 0.000751972 7.44215e-05
0.00332911 0.000767344 7.8571e-05
0.00357299 0.000296926 0.000248027
0.0034915 0.000403975 0.000210741
0.00343664 0.0005014 0.00017675
0.00338539 0.000581744 0.000145801
0.0033207 0.000703686 0.000104389
0.00334023 0.000669193 0.000118361
0.00352593 0.000355028 0.000229921
0.00348654 0.000407102 0.000209557
0.00343988 0.00047324 0.000188381
0.00343076 0.000492781 0.000177112
0.00335036 0.000645265 0.000127074
0.00337354 0.000655033 0.000116643
0.0036287 0.000152156 0.000295558
0.00354379 0.000274799 0.000251847
0.00350757 0.000338582 0.000224895
0.00343225 0.000467177 0.000176365
0.00341788 0.000523885 0.00014986
0.00345352 0.000522198 0.000149614
0.00366567 -4.24885e-05 0.000385957
0.00360617 4.01081e-05 0.00035441
0.00358527 7.76217e-05 0.000335399
0.00353427 0.000169318 0.000301019
0.00352462 0.000221505 0.000276034
0.00356706 0.00021179 0.000282791
0.00361786 -0.000169173 0.00046478
0.00360192 -0.000172228 0.000464987
0.00357141 -0.000128429 0.000452893
0.00357166 -0.000139154 0.000458716
0.00357991 -0.000121586 0.000455796
0.0036314 -0.000115936 0.000454585
0.00353185 -8.20521e-06 0.000414136
0.00346609 6.64398e-05 0.000385643
0.00343774 9.64831e-05 0.000371068
0.00335977 0.000207267 0.000329598
0.00329368 0.000310938 0.0002917
0.00323918 0.000411826 0.000257947
0.00350063 0.000129278 0.000344316
0.0034517 0.000173593 0.000331081
0.00344478 0.000168677 0.000329709
0.00339818 0.000236974 0.000305859
0.00334094 0.000321104 0.000277695
0.00329669 0.000414164 0.000241811
0.00344857 0.000189163 0.000324664
0.0034159 0.000215709 0.000315141
0.00340163 0.00021737 0.000315456
0.00336716 0.000264465 0.000301416
0.00336107 0.000272174 0.000296305
0.0033203 0.000328429 0.000279099
0.00329753 0.000410085 0.000249552
0.00327754 0.000416181 0.000250566
0.00326833 0.000414186 0.000253294
0.00325284 0.000416511 0.000256532
0.00322515 0.000449599 0.000250349
0.00318323 0.000521338 0.000228776
0.00326917 0.000412377 0.000253479
0.00323024 0.00044948 0.000248576
0.003224 0.000429446 0.000259962
0.00320714 0.000454649 0.000252974
0.00317359 0.000487592 0.000249901
0.00322898 0.000439448 0.000258237
0.00316998 0.000479024 0.000229861
0.00315879 0.000466907 0.000239552
0.00313677 0.00048685 0.000237462
0.00314052 0.000491024 0.00023608
0.00307787 0.000593514 0.000208578
0.00304276 0.000669029 0.000183596
0.0032071 0.00042659 0.000245978
0.00318681 0.000430325 0.000245506
0.00318094 0.000439352 0.000241558
0.00314327 0.000493473 0.000226123
0.00309134 0.000573626 0.000203394
0.00307 0.00065827 0.000171112
0.00340235 0.000166907 0.000321916
0.0033014 0.000293346 0.000280075
0.00329758 0.000301183 0.000277524
0.00327596 0.000335771 0.000266733
0.0032258 0.000425025 0.000235481
0.00319552 0.00051863 0.000202501
0.00353077 -6.62843e-05 0.000396986
0.0034626 1.52638e-05 0.000369484
0.00327114 0.000333382 0.000248978
0.00321091 0.00043098 0.000213808
0.00320174 0.000454356 0.000209299
0.0032366 0.000438788 0.000221266
0.00363202 -0.000305373 0.000501917
0.00355211 -0.000208951 0.000466247
0.00348009 -9.41066e-05 0.000422786
0.00335151 0.00010409 0.000353554
0.00330599 0.000199808 0.000320591
0.00336497 0.000126038 0.000359246
0.00453912 -0.000414014 0.000515358
0.00440545 -0.00027453 0.000454798
0.00424239 -4.33476e-05 0.000360386
0.00404898 0.000244327 0.000253292
0.00402772 0.000254716 0.00024881
0.00401575 0.000233575 0.000267903
0.00444374 -0.000109935 0.00037347
0.00433911 -3.49413e-05 0.000340482
0.00425594 4.33068e-05 0.000307381
0.00417017 0.000154844 0.000263275
0.00410319 0.000242543 0.000230502
0.00411198 0.000207811 0.000256656
0.0043387 0.000142454 0.000271438
0.00427589 0.000148096 0.000261342
0.00423353 0.00014633 0.000261028
0.00419165 0.000166929 0.000253737
0.00411922 0.000266442 0.000218665
0.00424072 9.05382e-05 0.000280379
0.00423842 0.000342 0.00020166
0.00422554 0.000255148 0.000229344
0.00419436 0.000233935 0.00023769
0.00417598 0.000204873 0.000248306
0.00417602 0.000198538 0.000248953
0.00418539 0.000204985 0.000241022
0.00422146 0.000341741 0.000207613
0.00417412 0.000312354 0.000212806
0.00413266 0.000298241 0.000220274
0.0041028 0.000297194 0.000224365
0.00407582 0.000309724 0.000222648
0.00406268 0.000343442 0.000212206
0.00451229 0.000142374 0.000227094
0.00450709 3.20246e-05 0.000266341
0.00450217 -3.08604e-05 0.000288515
0.00448232 -2.28063e-05 0.000282651
0.00445096 -9.38152e-06 0.00028247
0.00444954 1.08527e-05 0.000274684
0.00438876 0.000203331 0.000232979
0.00437173 0.000131309 0.000255547
0.00436969 6.61738e-05 0.000274007
0.00438047 2.52015e-05 0.000284275
0.00436498 2.15886e-05 0.000286379
0.00431781 0.000111872 0.000259944
0.0045979 -0.000122314 0.000339275
0.00456008 -0.000170638 0.000352864
0.00451198 -0.000149218 0.000342452
0.00445757 -0.000112603 0.000328577
0.00442696 -6.67648e-05 0.000308108
0.00450898 -0.000152077 0.000340554
0.00479564 -0.000372556 0.000438057
0.00473751 -0.000366158 0.000427783
0.00468167 -0.000333844 0.000407882
0.00458878 -0.000202243 0.000356471
0.00450348 -7.04637e-05 0.00030554
0.00454857 -0.00012591 0.000331142
0.00495319 -0.000702307 0.000582363
0.00490198 -0.000720347 0.000585768
0.00481023 -0.000622651 0.000544022
0.00462765 -0.000346682 0.00043762
0.0044558 -6.06763e-05 0.000330492
0.00452273 -0.000145178 0.000368157
0.00499395 -0.000640487 0.000552325
0.00503166 -0.000782887 0.000599439
0.00493841 -0.000694463 0.000561954
0.00477451 -0.000444622 0.000463956
0.00452863 -1.87976e-05 0.000299023
0.00458164 -0.000117446 0.00033949
0.00490035 -0.000385472 0.000439427
0.00484967 -0.000405588 0.000442109
0.00481274 -0.000383269 0.000422588
0.00468229 -0.000207186 0.000356684
0.0045636 -3.8732e-05 0.000292621
0.00457913 -5.7675e-05 0.000299359
0.00485102 -0.000169613 0.000340624
0.00483269 -0.000220529 0.000349331
0.00481647 -0.000255777 0.000353953
0.00475219 -0.000188602 0.000331283
0.00472786 -0.00015924 0.000312474
0.00473698 -0.000188446 0.000327025
0.00484479 -5.38909e-05 0.000290003
0.0048298 -0.000120356 0.000305039
0.00480926 -0.000154258 0.000312761
0.004806 -0.00018199 0.000315863
0.00478783 -0.000167461 0.000311072
0.00475707 -0.00011714 0.000295414
0.00513876 -0.000254466 0.000322008
0.00511486 -0.000308632 0.000332738
0.005083 -0.000318816 0.000334432
0.00506578 -0.000342544 0.000338302
0.00503173 -0.000322125 0.000330862
0.00502948 -0.000310844 0.000325309
0.00508311 -0.000176627 0.000298701
0.00504626 -0.00022956 0.000312363
0.00506746 -0.000286099 0.000320698
0.00499522 -0.000243348 0.000310811
0.00503017 -0.000296378 0.000322279
0.00502913 -0.000288085 0.000317711
0.00503691 -0.000260292 0.000336906
0.00505101 -0.000379561 0.000365579
0.0050118 -0.000399511 0.000367871
0.0050257 -0.000446492 0.000376825
0.00499212 -0.000425061 0.000368111
0.0049766 -0.000374446 0.000346407
0.00527935 -0.00062453 0.000457255
0.0052713 -0.000701335 0.00047536
0.00523681 -0.000717454 0.000473905
0.00521837 -0.000699392 0.000458765
0.00513959 -0.000575519 0.000405848
0.00522175 -0.000706837 0.000454105
0.0054051 -0.000784589 0.000515293
0.00538055 -0.000834821 0.000530756
0.00529514 -0.000759 0.000499056
0.00518729 -0.000600241 0.000435631
0.00501186 -0.000316018 0.000327526
0.00504258 -0.000373552 0.00035204
0.00554001 -0.00100343 0.000607734
0.00558062 -0.00117903 0.000670417
0.00548868 -0.00109306 0.000638123
0.00529704 -0.000781751 0.000515982
0.00492187 -0.000176494 0.000293609
0.00497622 -0.000276359 0.000338715
0.00446551 0.000212607 0.000334234
0.00437137 0.000275765 0.000305345
0.0042383 0.000437492 0.000244092
0.0041157 0.000631682 0.000163273
0.00404549 0.000715439 0.000143513
0.00407348 0.000678005 0.000168127
0.00417234 0.000617313 0.000187195
0.00406576 0.000658836 0.000174128
0.00404962 0.000628755 0.000180665
0.00389306 0.000795226 0.000138272
0.00384762 0.000872756 0.000112941
0.00380566 0.000951991 0.00010008
0.00399242 0.000884235 8.76719e-05
0.00395317 0.000822326 0.00010681
0.00385355 0.000898299 8.63517e-05
0.00382681 0.000906963 8.73074e-05
0.00373447 0.00103019 5.46627e-05
0.00363588 0.00120418 8.22928e-06
0.00409123 0.000690221 0.000133363
0.00404839 0.000640546 0.000146689
0.00396518 0.000684942 0.000135616
0.00391111 0.000723232 0.000130415
0.00386054 0.000770086 0.000124987
0.00380181 0.000886664 0.000100423
0.00386588 0.0010492 4.00608e-05
0.00386468 0.000929451 7.54519e-05
0.00380944 0.000947307 7.13726e-05
0.00375685 0.000986131 6.36552e-05
0.00372185 0.00103106 5.66839e-05
0.00360399 0.00122907 6.85719e-06
0.0039593 0.000837748 8.88711e-05
0.00392867 0.00077611 0.000107134
0.003922 0.000737726 0.000120065
0.00389707 0.000753374 0.000116988
0.0038567 0.000802648 0.00010629
0.00377258 0.00093051 8.32151e-05
0.00404833 0.000737576 0.000107015
0.00402147 0.000667047 0.000126185
0.00395209 0.000695684 0.000122246
0.00390191 0.000728641 0.000118074
0.00387636 0.00077355 0.000105208
0.00378732 0.000931426 6.71397e-05
0.00412287 0.000622274 0.000144196
0.0040684 0.000600276 0.000149762
0.0040472 0.000572476 0.000158514
0.00397329 0.000619873 0.000150881
0.00392516 0.000682615 0.000135394
0.00388038 0.000795411 0.000100239
0.00428123 0.000344979 0.000240118
0.00423892 0.000314248 0.000245084
0.0041683 0.000342823 0.00024024
0.00411518 0.000386316 0.000225853
0.00404084 0.000478537 0.000199261
0.00402021 0.000521673 0.000196938
0.00449459 2.16494e-05 0.000350969
0.00438696 7.60465e-05 0.000330368
0.00432179 0.00012703 0.000310023
0.00420578 0.0002687 0.000258657
0.00411305 0.000400047 0.00021518
0.00418959 0.000269046 0.000270712
0.00162747 0.00574152 -0.00182286
0.00468407 -0.000127068 0.000579743
0.00469212 -0.000197312 0.000603294
0.00467471 -0.000213257 0.000611472
0.00442266 0.000242781 0.000430371
0.00404603 0.000958994 0.000156361
0.00443853 0.000311592 0.000408425
0.00445442 0.000303774 0.000385975
0.00445565 0.000231747 0.000415451
0.00436714 0.000351055 0.000370226
0.00422247 0.000591671 0.000278776
0.00408041 0.00090193 0.000149455
0.00422587 0.000792404 0.000229274
0.00420001 0.000733386 0.000239862
0.00416771 0.000743693 0.0002316
0.00409383 0.000806602 0.000212479
0.00402618 0.000905917 0.000183992
0.00389344 0.00115756 9.36657e-05
0.00426809 0.000923805 0.000152469
0.0042714 0.000825826 0.000178143
0.00423659 0.000812996 0.000181159
0.00416944 0.000861404 0.0001739
0.00412028 0.00093099 0.000155314
0.0040495 0.00105627 0.000119854
0.00421532 0.00094034 0.000146158
0.00422155 0.000849304 0.000169777
0.00418661 0.000847909 0.000169966
0.00414867 0.00087427 0.000164855
0.00411261 0.000907267 0.000157773
0.00401351 0.00108978 0.000107082
0.00442889 0.000844597 0.000155152
0.00440994 0.000773763 0.000176405
0.00433351 0.000805196 0.000173004
0.00433603 0.000785927 0.000177988
0.00428451 0.000836644 0.000167224
0.00422826 0.000937913 0.00014015
0.00437242 0.000800212 0.00017348
0.00436898 0.000708597 0.000195923
0.0043408 0.000688958 0.000200922
0.00432523 0.000697671 0.00019717
0.00426421 0.000769681 0.000179583
0.00418382 0.000900822 0.000143805
0.00449329 0.0005099 0.000279553
0.00442247 0.000509289 0.000277774
0.00439688 0.000490896 0.00028038
0.00431139 0.000577073 0.000256351
0.004268 0.000665221 0.000220848
0.00413698 0.00090037 0.000133949
0.00466128 0.000146751 0.000397673
0.00462448 0.000109501 0.000405247
0.00458824 0.000104563 0.000405254
0.00454646 0.000146461 0.000384243
0.00435928 0.000442031 0.000277789
0.00410596 0.000883996 0.000115585
0.00463482 -1.92763e-05 0.000499608
0.0046312 -9.62404e-05 0.000521817
0.0044778 8.9688e-05 0.000450832
0.00458226 -0.000128253 0.0005382
0.00436243 0.000234795 0.000397957
0.00408536 0.000774084 0.000186328
0.00527184 -0.000652874 0.000596828
0.00513179 -0.000492969 0.000526798
0.00519564 -0.00067116 0.00059645
0.00498758 -0.00036751 0.000486555
0.00461471 0.000278569 0.000238969
0.0045437 0.000374677 0.000225179
0.00499492 -0.000281567 0.000454852
0.00493783 -0.000303638 0.000460988
0.00486938 -0.000260555 0.000445771
0.00476735 -0.000131016 0.000398288
0.00454896 0.00021218 0.00027946
0.00443248 0.000424813 0.000211122
0.00471178 2.61776e-05 0.000347174
0.00468884 -3.1925e-05 0.000359933
0.00458921 4.22514e-05 0.000342048
0.00452929 8.88703e-05 0.000328596
0.00444867 0.000197395 0.000294506
0.00435425 0.000364101 0.000243737
0.00434843 0.000492662 0.000237198
0.0042732 0.000469649 0.00024974
0.00423744 0.000478164 0.000243773
0.00414605 0.00054313 0.000228488
0.00412172 0.000580855 0.000218795
0.00401226 0.000772641 0.000162983
0.00407613 0.000676242 0.0001866
0.00403238 0.000626114 0.000202429
0.00401874 0.000591958 0.000209688
0.00396361 0.000630679 0.000204263
0.00393864 0.000678374 0.000189512
0.00381436 0.000880868 0.000129141
0.00387457 0.000895496 0.000138212
0.00385512 0.000815355 0.000161653
0.00382742 0.000803722 0.000165896
0.00379624 0.00083951 0.000158649
0.00378121 0.000837262 0.000160563
0.00371374 0.000970257 0.000121216
0.00408108 0.000586639 0.000227388
0.00403883 0.000542345 0.000240208
0.00400066 0.000539126 0.000240566
0.00395055 0.000578016 0.000230087
0.00388575 0.000648674 0.000212623
0.00386383 0.000724102 0.000182805
0.00398218 0.000620245 0.000235474
0.0039484 0.000586541 0.000239009
0.00388861 0.000615343 0.000229547
0.00377716 0.000739279 0.000193694
0.00372573 0.000828719 0.000154656
0.00367971 0.000920764 0.000131488
0.00426674 0.000137055 0.000404523
0.00415763 0.000209271 0.000379844
0.00404338 0.000323925 0.000335123
0.00392504 0.000504555 0.000266596
0.0037178 0.000841867 0.000140143
0.00370101 0.000850567 0.000150031
0.00479378 -0.00071254 0.000728467
0.00454112 -0.000376723 0.000594712
0.0042173 0.000168912 0.000365468
0.00381603 0.000863375 8.99674e-05
0.00388934 0.000686692 0.000172311
0.00385402 0.000689625 0.000196887
0.00506634 -0.00075633 0.000660451
0.0050237 -0.000799736 0.000677661
0.0049559 -0.00074675 0.000655489
0.00477166 -0.000486479 0.000561499
0.00459488 -0.000186871 0.000441463
0.00442094 0.000111834 0.000331356
0.00505825 -0.000556433 0.000567278
0.00500178 -0.000568613 0.000561978
0.00487985 -0.000450213 0.000522286
0.00476528 -0.000317185 0.000476819
0.00467004 -0.000194925 0.000431936
0.00454577 -3.07843e-05 0.000382075
0.00501397 -0.0003037 0.000444317
0.00494462 -0.000319529 0.000447889
0.0048574 -0.000276254 0.000435511
0.00483791 -0.000284888 0.000439261
0.00475348 -0.00021405 0.000424046
0.00468913 -0.000139035 0.000407677
0.00460345 0.000249798 0.000283952
0.00452585 0.000246347 0.000287824
0.00445851 0.000263428 0.00028688
0.00442781 0.000249344 0.000297552
0.0044276 0.000236469 0.000307051
0.00438597 0.000295505 0.000302209
0.00462315 0.0004951 0.000235785
0.00461208 0.000375436 0.000269027
0.00452435 0.000419174 0.000260447
0.00448545 0.000437272 0.000258757
0.00446052 0.000438162 0.000262925
0.00440353 0.00053092 0.000245206
0.00470197 0.000257378 0.00027864
0.00468585 0.000171951 0.000303831
0.00460948 0.000192951 0.000305213
0.00457748 0.000189624 0.000311818
0.00448206 0.000292965 0.000292873
0.00438344 0.000446034 0.000258892
0.00478267 0.000151211 0.000287802
0.0047599 5.92263e-05 0.000313364
0.00471556 4.88906e-05 0.00031556
0.00466613 6.61966e-05 0.000315832
0.00457983 0.000155668 0.00029611
0.00452011 0.000254402 0.000270032
0.00481764 -9.40696e-05 0.000371375
0.00475963 -0.000112076 0.000373555
0.00470683 -0.000101074 0.000370866
0.00464509 -4.99778e-05 0.000355618
0.00453961 7.49263e-05 0.000323395
0.00443992 0.000246323 0.000265705
0.00499605 -0.000445888 0.000488989
0.00489748 -0.000405206 0.000474711
0.00478459 -0.000314501 0.000446629
0.00468929 -0.000197834 0.00040322
0.00447251 0.000133475 0.000284986
0.00439408 0.000248944 0.000254367
0.00518249 -0.000832916 0.000639443
0.00514146 -0.000893251 0.000663478
0.0050854 -0.000882841 0.000660962
0.00489619 -0.000613445 0.000562906
0.00460382 -0.000115466 0.000367145
0.00454709 -4.86419e-05 0.00035736
0.00315034 0.000360256 0.000327017
0.00312312 0.000374425 0.000317521
0.00306181 0.000456913 0.000289638
0.00308555 0.000420323 0.00029499
0.00304859 0.000494563 0.000263257
0.0030521 0.000531198 0.000240775
0.00323874 0.000250866 0.00035399
0.00315074 0.00037738 0.000303189
0.00315198 0.000364517 0.00030544
0.00315691 0.000370625 0.00029822
0.00313892 0.00040597 0.000281116
0.00313773 0.0004284 0.000267624
0.00317229 0.000408371 0.00027928
0.0031694 0.000398544 0.000280423
0.00314154 0.000432092 0.000268316
0.00313427 0.000432887 0.000271133
0.00313284 0.000455613 0.000259949
0.0031237 0.00050117 0.000240129
0.00311583 0.000590877 0.000203631
0.00310297 0.000589859 0.000204357
0.00309286 0.000590351 0.000207045
0.0030917 0.000582034 0.000214137
0.00306418 0.0006221 0.000205305
0.00310616 0.000602502 0.000204642
0.00299723 0.000631447 0.000189399
0.00299167 0.000630153 0.00019258
0.00302083 0.000580346 0.00021004
0.00297384 0.000632914 0.000196352
0.00303515 0.000558886 0.000218041
0.00304767 0.000564194 0.00021454
0.00299216 0.000611757 0.000204829
0.00300024 0.000580109 0.000219583
0.00298915 0.000595374 0.000216808
0.00300671 0.000573115 0.00022555
0.00298509 0.000614586 0.000218765
0.00303717 0.000575061 0.000231127
0.00302641 0.000567834 0.000213824
0.00301933 0.000566234 0.000214337
0.0030013 0.000585426 0.000213771
0.00300235 0.000596164 0.000209414
0.00300882 0.000603462 0.00020826
0.00300014 0.000663068 0.000185368
0.00297296 0.000543111 0.000228944
0.00297764 0.000517542 0.000239859
0.00296861 0.000528805 0.000238386
0.00296668 0.000542003 0.000235136
0.0029719 0.00057349 0.000220853
0.00295216 0.000672291 0.000181591
0.00318023 0.000201634 0.000354681
0.00314477 0.000257798 0.000332125
0.00309232 0.000339005 0.00030063
0.0030733 0.000404026 0.000270375
0.00304465 0.000491305 0.000236345
0.0031494 0.000408274 0.000262074
0.00325385 -7.17446e-05 0.000476717
0.00320748 -2.27611e-06 0.000448157
0.00314217 0.000113468 0.000400572
0.00306347 0.000280776 0.000328877
0.00307719 0.000271458 0.000336844
0.00324715 7.87718e-05 0.000404341
0.00341489 -0.000171295 0.000512308
0.00338215 -0.000129008 0.000491467
0.0033356 -7.29555e-05 0.000468571
0.00296328 0.000629944 0.000180296
0.00322245 0.000118915 0.00039175
0.00300256 0.000550263 0.000219175
0.00341237 -5.96697e-05 0.000439628
0.00335126 2.55803e-05 0.000407462
0.00328949 0.000115417 0.000372048
0.0032564 0.000164847 0.000352989
0.00308996 0.000472948 0.000229679
0.00321694 0.000269498 0.000304784
0.0032319 0.000252049 0.000318112
0.00318508 0.000306627 0.000301033
0.00311154 0.000412542 0.000259075
0.00309037 0.000437643 0.000253509
0.00306704 0.000479218 0.000242688
0.00303192 0.000533048 0.000226388
0.00308689 0.000532506 0.000217677
0.00303109 0.000599243 0.000198704
0.0030113 0.00063102 0.000185738
0.00300102 0.000654208 0.000178335
0.00297363 0.000693772 0.000165635
0.00296902 0.00074718 0.000144176
0.00290408 0.000698818 0.000180762
0.00289727 0.000703449 0.000178711
0.00286884 0.000733063 0.000174446
0.00284682 0.000781567 0.000161768
0.002856 0.000774512 0.00016382
0.00287492 0.000754082 0.000170124
0.0031302 0.000660132 0.00017213
0.00313378 0.000655769 0.000177553
0.00310146 0.000704516 0.000166946
0.00308538 0.000733597 0.000160814
0.00313343 0.000693297 0.000173851
0.00319389 0.000632985 0.000192688
0.00317342 0.00057069 0.000208631
0.003161 0.000587677 0.000204499
0.00312414 0.000652705 0.000185626
0.00317352 0.00059685 0.000199628
0.00315956 0.000635138 0.000190591
0.00325661 0.000543114 0.000212255
0.0032629 0.000316784 0.000308291
0.00323973 0.00034964 0.000296534
0.00321945 0.000409661 0.000269628
0.0032059 0.0004564 0.000251725
0.00316791 0.000562337 0.000205063
0.0032047 0.000546473 0.00021138
0.00354005 -8.01012e-05 0.000437963
0.00347845 1.58969e-05 0.000402339
0.00343599 0.000111347 0.000360555
0.00337509 0.000216317 0.000325367
0.00331394 0.000348983 0.000274517
0.00335125 0.000345584 0.000272307
0.0035523 -0.000221396 0.000505757
0.00363626 -0.00033149 0.000509804
0.00345103 -6.34391e-05 0.000445426
0.00340759 3.6426e-05 0.000404594
0.00332505 0.000207827 0.000335278
0.00339665 0.00011512 0.000377438
0.00422006 -8.51305e-06 0.000422067
0.00414147 3.27948e-05 0.000401554
0.00400387 0.00020071 0.000336487
0.00380258 0.000487103 0.000233552
0.00364725 0.000748325 0.00013307
0.00363994 0.000688854 0.000178759
0.00410908 0.000210475 0.000328533
0.00403081 0.000252387 0.000307004
0.00390686 0.000381983 0.000262739
0.00384255 0.000456605 0.000230705
0.00372382 0.000647463 0.000163676
0.00368324 0.000691464 0.000161504
0.00419272 0.000184492 0.000305267
0.00415487 0.000141866 0.00031852
0.00410402 0.000149639 0.000317933
0.00408942 0.000137891 0.00031946
0.00401901 0.000231981 0.000289786
0.0039705 0.000331234 0.000256895
0.00414477 0.00032791 0.000250644
0.00412941 0.000247045 0.000274127
0.00408384 0.000243232 0.000279772
0.00403313 0.000286741 0.000269099
0.0040167 0.000299402 0.000266091
0.00401572 0.000344084 0.0002498
0.00411696 0.000351211 0.000232928
0.0041083 0.000270677 0.000259219
0.00403743 0.000301402 0.000256361
0.00402536 0.000294167 0.000261664
0.00400768 0.000314116 0.000255933
0.00393862 0.000439138 0.000220502
0.0042064 0.000316307 0.00023166
0.0041986 0.000225814 0.00026275
0.00418501 0.000198799 0.000275522
0.00418598 0.000162083 0.000290016
0.00409294 0.00027993 0.000262087
0.00403236 0.000405233 0.000225222
0.00415597 0.000250942 0.000269354
0.00411693 0.000215799 0.000282617
0.00409767 0.000189541 0.000291044
0.00406895 0.00021512 0.000284621
0.00404642 0.000234106 0.000280405
0.00400658 0.000345893 0.00024335
0.00425984 4.15097e-05 0.000340318
0.00421111 2.44873e-05 0.000346861
0.00416765 3.7095e-05 0.000342416
0.00414753 4.26342e-05 0.000340629
0.00409142 0.000126565 0.000313232
0.00404217 0.000225186 0.000281822
0.00438521 -0.000132939 0.000415558
0.00432297 -0.000107043 0.000398856
0.00422122 -3.72191e-06 0.000359262
0.00413701 0.000110531 0.000317012
0.00404292 0.000261789 0.00026236
0.00403852 0.000283742 0.000259104
0.00447174 -0.00037223 0.000523085
0.00443689 -0.000392533 0.000523277
0.00434615 -0.00030039 0.000486553
0.00421112 -0.000112442 0.000418159
0.00403889 0.000198001 0.000297561
0.00400626 0.000243983 0.000287947
0.00435233 -4.98428e-05 0.000401681
0.00427412 1.26904e-05 0.000375714
0.0041881 0.00011064 0.000336562
0.00411062 0.000216751 0.000297849
0.0041259 0.000171424 0.000322382
0.00416818 0.00011258 0.000346094
0.00420367 8.86622e-05 0.000350846
0.0042636 -6.16452e-06 0.000369483
0.00410311 0.000135101 0.000335671
0.00403995 0.000214273 0.000311609
0.00388818 0.000402213 0.000259373
0.00390648 0.000395187 0.000272071
0.00410745 0.000344646 0.000241545
0.00395466 0.000454529 0.000223656
0.00397543 0.000397377 0.000240899
0.00387034 0.000513703 0.000214726
0.00387831 0.000507934 0.00021926
0.00387545 0.000581635 0.00019108
0.00411235 0.000438531 0.000186191
0.00409128 0.00037561 0.000216372
0.00403647 0.000398015 0.000224039
0.00405633 0.000349982 0.000246516
0.00402053 0.000418431 0.0002254
0.00407798 0.000387273 0.000232303
0.00446631 7.64964e-05 0.000257777
0.00443869 4.29928e-05 0.000279113
0.00445301 -5.40166e-06 0.000303281
0.0044009 3.61237e-05 0.000301549
0.00438912 4.85306e-05 0.000308418
0.00431392 0.000153085 0.000284615
0.00464037 -0.000108696 0.000296983
0.00460894 -0.000150442 0.000324157
0.004549 -0.000110912 0.00032527
0.00453138 -9.66978e-05 0.000329014
0.00450468 -5.76439e-05 0.00032565
0.00445857 -3.66319e-07 0.000322175
0.00472928 -0.000214952 0.000325446
0.00473348 -0.000280742 0.000352475
0.00472766 -0.000312795 0.000372831
0.00466918 -0.000269616 0.000374153
0.00462172 -0.000181166 0.000349096
0.00461339 -0.000131865 0.000338585
0.00489748 -0.000502001 0.000424452
0.00487289 -0.00052247 0.000433274
0.00481768 -0.000491485 0.000432898
0.00480321 -0.000484266 0.000434216
0.00477081 -0.000426669 0.000420488
0.00464637 -0.000206205 0.000351418
0.00498969 -0.000672852 0.000502718
0.00493405 -0.000654641 0.000496372
0.00489763 -0.000627761 0.000486747
0.00484737 -0.000564103 0.000467672
0.00483486 -0.000506252 0.000443126
0.00484642 -0.000496595 0.000446899
0.00512097 -0.00090106 0.000609168
0.00509941 -0.000897267 0.000595917
0.00505482 -0.000839598 0.000569697
0.00498788 -0.000728069 0.000525452
0.0049728 -0.000694081 0.00051295
0.00502039 -0.000780935 0.000554952
