0.951232
0.944488
0.972535
0.974814
0.979353
0.975316
1.0176
0.991764
0.983986
0.971785
0.979019
0.98097
0.992599
0.977355
0.964192
0.954229
0.954007
0.967094
0.993968
0.966721
0.954429
0.951612
0.956608
0.970167
0.954384
0.932804
0.937
0.935839
0.943365
0.955855
0.978967
0.9491
0.937753
0.945584
0.950998
0.956714
0.993544
0.965493
0.947194
0.949581
0.950202
0.955515
0.989502
0.977467
0.962488
0.96049
0.958354
0.959796
1.01623
0.994958
0.982215
0.952479
0.973143
0.975155
0.997796
0.972752
0.97121
0.969496
0.968735
0.96093
1.00192
0.975564
0.96493
0.95509
0.968943
0.972201
1.04981
1.01077
0.980884
0.966628
0.986424
0.967263
0.99823
0.977219
0.951753
0.947521
0.954689
0.973285
0.976763
0.956099
0.944572
0.93593
0.946011
0.95714
0.953073
0.940416
0.930214
0.93313
0.950114
0.947175
0.956339
0.9407
0.928954
0.912559
0.949703
0.942557
0.975083
0.954659
0.929918
0.927994
0.93706
0.954851
0.991841
0.965669
0.94753
0.944116
0.94919
0.966691
1.03241
0.978041
0.960438
0.948409
0.963045
0.970675
0.981949
0.988058
0.94617
0.954044
0.962068
0.961426
1.0394
1.01085
0.983553
0.983236
0.994401
0.988312
1.03994
1.01343
0.995001
0.982399
0.987658
0.986706
1.01473
0.988314
0.970376
0.971376
0.975169
0.976592
1.00637
0.97945
0.95671
0.952992
0.95572
0.957283
0.99401
0.964219
0.951209
0.952591
0.802714
0.957653
0.942648
0.957253
0.939987
0.940448
0.934703
0.952622
1.00035
0.965785
0.945481
0.942117
0.935008
0.961551
0.997299
0.975864
0.959872
0.963179
0.966301
0.963517
1.02297
0.99699
0.983008
0.976557
0.974434
0.970852
1.01041
0.989821
0.929702
0.968534
0.9807
0.972628
0.977936
0.972625
0.969826
0.969905
0.96884
0.969031
0.977498
0.970422
0.963898
0.958147
0.967977
0.954147
0.957672
0.963
0.969653
0.952613
0.959684
0.964885
0.960613
0.963221
0.934461
0.951925
0.944454
0.947277
0.956561
0.945817
0.920551
0.927493
0.932404
0.941238
0.955238
0.940533
0.933271
0.92712
0.930184
0.939748
0.952891
0.938518
0.928704
0.932364
0.800025
0.945098
0.972521
0.96648
0.959182
0.952069
0.947097
0.959926
0.970983
0.966214
0.968958
0.965032
0.957593
0.964705
0.975338
0.972052
0.971287
0.970625
0.954524
0.968018
0.927611
0.929814
0.928065
0.931844
0.930327
0.925625
0.922171
0.924275
0.926415
0.927322
0.926087
0.919618
0.921727
0.924717
0.925638
0.925707
0.921952
0.924947
0.923448
0.926346
0.930217
0.930181
0.928869
0.92446
0.920061
0.925793
0.932892
0.936799
0.927924
0.923846
0.918508
0.921478
0.925356
0.925909
0.937042
0.921733
0.91761
0.920396
0.92189
0.918765
0.91688
0.921822
0.916662
0.91841
0.920344
0.915586
0.918444
0.924696
0.91572
0.915564
0.915183
0.911028
0.911551
0.91658
0.905739
0.905191
0.899885
0.901189
0.905836
0.911733
0.936106
0.937868
0.938379
0.938682
0.940276
0.940843
0.932093
0.932914
0.933809
0.933844
0.935953
0.935933
0.925041
0.927916
0.929955
0.929395
0.930319
0.934831
0.911465
0.914647
0.914553
0.917404
0.917408
0.910801
0.909234
0.909715
0.91084
0.911756
0.905972
0.903652
0.905644
0.906975
0.907635
0.90749
0.902124
0.908758
0.913879
0.914833
0.917248
0.915926
0.913229
0.918023
0.922383
0.924706
0.926898
0.929348
0.921649
0.926547
0.928688
0.927837
0.926902
0.926045
0.919449
0.914272
0.930574
0.933845
0.93213
0.932474
0.921343
0.920871
1.00354
0.957535
0.956358
0.950774
0.949895
0.962025
0.998786
0.97875
0.953696
0.947572
0.956347
0.95837
0.980726
0.964951
0.955217
0.954475
0.951694
0.950637
0.964052
0.944793
0.938834
0.941318
0.94033
0.938427
0.958134
0.922985
0.914862
0.92878
0.933249
0.938788
0.954444
0.93093
0.930785
0.927903
0.92646
0.937047
0.959353
0.938294
0.935538
0.93509
0.937037
0.939538
0.976229
0.958736
0.948389
0.940263
0.948275
0.950635
0.995784
0.973136
0.968894
0.961287
0.954715
0.964976
0.988888
0.967901
0.952796
0.946507
0.963788
0.952971
0.993047
0.988694
0.980455
0.975926
0.974572
0.971694
1.04915
0.997401
0.971162
0.965071
0.967681
0.968097
0.991732
0.980423
0.964569
0.962229
0.962308
0.97276
0.981446
0.961838
0.951496
0.952104
0.953889
0.960021
0.969521
0.95091
0.944784
0.944916
0.941359
0.945281
0.972971
0.94942
0.942353
0.939198
0.939729
0.946098
0.978204
0.955022
0.940655
0.943747
0.944586
0.948683
0.985327
0.964398
0.949654
0.944578
0.953233
0.960209
1.00529
1.00124
0.986696
0.958746
0.961375
0.96908
1.0083
0.983623
0.946901
0.971809
0.974298
0.972997
0.976382
0.971053
0.972366
0.97158
0.970955
0.965492
0.970376
0.964408
0.964318
0.961555
0.960672
0.965253
0.970388
0.968478
0.969306
0.97052
0.96323
0.96281
0.96793
0.967461
0.971076
0.972527
0.968992
0.964558
0.96587
0.964527
0.966551
0.966606
0.964811
0.959664
0.902749
0.895681
0.910477
0.917142
0.942046
0.960696
0.953902
0.955116
0.951456
0.956965
0.957438
0.948138
0.957967
0.947117
0.9466
0.959308
0.95852
0.94983
0.969308
0.965827
0.966964
0.964466
0.966004
0.951873
0.959433
0.963287
0.956002
0.960667
0.963037
0.956538
1.18699
1.00421
0.946845
0.935403
0.964231
0.981798
1.05852
1.00063
0.956362
0.961199
0.996053
0.981744
1.02848
0.993533
0.970538
0.970566
0.96943
0.956092
1.01812
0.971704
0.966295
0.966474
0.963961
0.95374
1.00527
0.956603
0.935209
0.960391
0.939177
0.957212
1.01204
1.1875
0.960305
0.959745
0.959109
0.958633
1.03671
0.99982
0.99894
0.995101
0.991826
0.988729
1.03042
0.988382
0.972876
0.969024
0.96944
0.964956
1.03993
1.00128
0.973859
0.977323
0.979724
0.981912
1.02967
0.998349
0.955974
0.95928
0.972162
0.988959
0.8331
0.988183
0.819952
0.962433
0.880519
0.977848
0.933713
0.955356
0.959695
0.967691
0.964277
0.962966
0.989185
0.959726
0.964444
0.963099
0.967526
0.966151
0.985301
0.951082
0.949801
0.951704
0.952588
0.958641
0.970588
0.945268
0.944773
0.944805
0.943806
0.948598
0.967409
0.947535
0.942268
0.947341
0.943823
0.947601
0.979484
0.94577
0.946906
0.946621
0.94938
0.945049
0.982339
0.958046
0.956122
0.959334
0.960967
0.952868
0.988053
0.952988
0.914375
0.927123
0.932061
0.951304
0.985872
0.978767
0.971293
1.19909
1.17136
0.967889
1.01173
0.981308
0.967342
0.960633
0.961362
0.975859
1.02132
0.990343
0.972021
0.957167
0.968422
0.957089
0.994104
0.961636
0.949459
0.944867
0.957235
0.952981
0.987994
0.958165
0.954475
0.952136
0.948486
0.944338
0.978388
0.926407
0.911142
0.916087
0.911204
0.943693
0.999947
0.958715
0.932612
0.941562
0.939634
0.94263
0.983368
0.954692
0.946238
0.947551
0.946586
0.954119
1.00491
0.970778
0.960028
0.955954
0.956857
0.960839
1.02371
0.9956
0.968207
0.963251
0.962746
0.97061
0.976755
0.976804
0.955617
0.965721
0.973599
0.979935
0.944237
0.946756
0.947888
0.949012
0.950693
0.954784
0.938798
0.941615
0.943769
0.944431
0.945968
0.949734
0.935058
0.937382
0.940089
0.941416
0.94353
0.947095
0.928819
0.930398
0.934471
0.935164
0.937086
0.933064
0.91963
0.921439
0.920627
0.92162
0.922372
0.921704
0.919455
0.92003
0.921636
0.920953
0.921235
0.922213
0.92539
0.927876
0.928518
0.929886
0.930889
0.929299
0.934862
0.938068
0.939233
0.93948
0.9393
0.934227
0.936354
0.938983
0.939262
0.938564
0.935682
0.927086
0.938715
0.939311
0.939043
0.947533
0.933607
0.929498
0.939431
0.935365
0.937628
0.95738
0.941932
1.03377
0.930304
0.934408
0.937849
0.940631
0.939961
0.942307
0.931159
0.935052
0.938867
0.940649
0.94408
0.948955
0.919333
0.925961
0.926391
0.927502
0.929763
0.935485
0.916385
0.91726
0.919789
0.917371
0.919879
0.916699
0.88302
0.921376
0.920707
0.921451
0.922194
0.91959
0.926582
0.930088
0.931606
0.930092
0.93296
0.929877
0.935415
0.939766
0.942524
0.943063
0.94693
0.945947
0.941325
0.939342
0.946076
0.944496
0.946871
0.943586
0.939455
0.945714
0.942709
0.945525
0.946566
0.941404
0.987979
0.955521
0.959705
0.953811
0.961425
0.95937
1.00122
0.979105
0.963111
0.96195
0.956134
0.963331
0.975486
0.962814
0.956124
0.958683
0.958427
0.960069
0.932265
0.921331
0.90873
0.924627
0.93209
0.942848
0.914835
0.899603
0.901398
0.914596
0.924518
0.943629
0.925643
0.928866
0.945893
0.931262
0.93954
0.943746
0.932026
0.919689
0.914322
0.920086
0.936778
0.952219
0.964827
0.941899
0.939612
0.941354
0.945516
0.957034
0.959893
0.939062
0.916498
0.922183
0.931119
0.960235
1.00127
0.966533
0.967332
0.96727
1.19931
1.19878
0.955854
0.924738
0.917771
0.936702
0.929862
0.941447
0.939739
0.937177
0.933036
0.93874
0.944016
0.961975
0.920677
0.903841
0.908672
0.918432
0.930027
0.95564
0.890298
0.891396
0.901834
0.910255
0.917575
0.950634
1.19922
0.955807
1.11624
0.918552
0.945572
0.938306
0.951697
0.945156
0.970253
0.947882
0.954045
0.943887
1.19538
0.939598
0.944336
0.949027
0.945746
0.95045
0.9093
0.947245
0.962802
0.965331
0.96389
0.953497
0.947277
0.932836
0.936527
0.94099
0.94246
0.943417
0.954464
0.951092
0.952353
0.957051
0.961207
0.957007
