0.0140586 -0.0114185 0.0067989 -0.00226439 0.000384276 -2.57104e-05 -0.00665602 
0.184097 -0.0824677 0.055107 0.0338248 -0.00874316 0.00123351 -7.15839e-05 -0.180899 
0.00790807 -0.00629569 0.00379104 -0.00125179 0.000208298 -1.3546e-05 -0.00339116 
0.0958718 -0.0454192 0.0270148 0.0196124 -0.00528197 0.000769104 -4.55179e-05 -0.0904904 
0.00515913 -0.00375398 0.00218384 -0.000699292 0.000112983 -7.04101e-06 -0.00196863 
0.00300235 0.00286517 0.00356146 -0.00294912 0.00129279 -0.000266787 2.1272e-05 -0.00548465 
0.000719907 0.000459259 -0.000489057 0.000245931 -5.73297e-05 5.03744e-06 0.000190079 
0.00232553 0.00192196 0.00289112 -0.00188806 0.000817944 -0.000170267 1.39445e-05 -0.00383592 
0.00380802 -0.00242093 0.0011332 -0.00023531 1.36136e-05 9.14809e-07 -0.00119298 
0.00240615 0.00216851 0.00313979 -0.00215259 0.000940976 -0.000196175 1.59382e-05 -0.0042239 
-0.00100327 0.00131635 -0.000652602 0.00019379 -3.17518e-05 2.27661e-06 0.00104146 
0.0635663 -0.0308676 0.0171404 0.0133749 -0.00352939 0.000493581 -2.7474e-05 -0.0580626 
-0.0015832 0.00253688 -0.00184061 0.000741176 -0.000148792 1.15989e-05 0.00119991 
0.172094 -0.0835196 0.046024 0.0362112 -0.00971728 0.00140381 -8.24587e-05 -0.160318 
0.00135071 -2.24177e-05 -0.000130432 8.53596e-05 -2.13634e-05 2.00613e-06 -0.000301245 
0.0852792 -0.0400756 0.0233852 0.0167581 -0.00430632 0.000593713 -3.29717e-05 -0.07953 
0.00212086 0.000269425 -0.000818664 0.000469489 -0.000109962 9.28465e-06 -0.000914299 
0.147109 -0.0692233 0.0409782 0.029215 -0.00764719 0.00108261 -6.26304e-05 -0.139384 
0.00654781 -0.00309857 0.000934417 -3.56435e-05 -3.5987e-05 5.01461e-06 -0.00322553 
0.271633 -0.125841 0.0783549 0.052851 -0.013903 0.00199095 -0.000117332 -0.262809 
0.00263071 -0.00118203 0.000153573 7.96565e-05 -2.93979e-05 2.72148e-06 -0.00230299 
0.134002 -0.0555066 0.0430772 0.0208827 -0.00487635 0.000613915 -3.12546e-05 -0.13562 
0.00335291 -0.0033032 0.00185706 -0.000539432 7.28711e-05 -3.29946e-06 -0.00215819 
0.0499957 -0.0198801 0.0165332 0.00709947 -0.00149827 0.000157383 -5.31018e-06 -0.0499555 
0.00916717 -0.0112234 0.0082224 -0.00317001 0.000599419 -4.35832e-05 -0.00438302 
0.0984853 -0.0494587 0.0251544 0.0218079 -0.00581779 0.000820416 -4.60254e-05 -0.0884862 
0.00444248 -0.00590252 0.00419445 -0.00154624 0.000277459 -1.89311e-05 -0.00230615 
0.00419207 0.00269255 0.00366927 -0.00331343 0.00158193 -0.000345572 2.87408e-05 -0.00607315 
0.00620889 -0.00822697 0.00600328 -0.00229614 0.000430753 -3.09781e-05 -0.00308001 
0.00375763 0.00352267 0.00385619 -0.00399906 0.00184181 -0.000388737 3.11431e-05 -0.00619612 
0.0137878 -0.0149177 0.00984296 -0.0034721 0.000609006 -4.13317e-05 -0.00639525 
0.120931 -0.0573961 0.0320425 0.0240565 -0.00616358 0.000839709 -4.56018e-05 -0.111773 
0.0109234 -0.0119839 0.00785339 -0.00273913 0.000473195 -3.15092e-05 -0.0051526 
0.202704 -0.0950643 0.0549959 0.0395716 -0.0101663 0.0014032 -7.84607e-05 -0.190931 
0.00526624 -0.00635533 0.00423585 -0.0015149 0.000271078 -1.87786e-05 -0.00269431 
0.111893 -0.051422 0.0304696 0.0207166 -0.00507486 0.000659096 -3.39744e-05 -0.104819 
0.00355632 -0.00483055 0.0033308 -0.00122449 0.000223986 -1.58873e-05 -0.00204028 
0.266456 -0.125799 0.0727622 0.0530622 -0.0139132 0.00197525 -0.00011487 -0.252074 
0.000224274 -0.00210208 0.00185619 -0.000791777 0.000160625 -1.23041e-05 -0.000455311 
0.201742 -0.0874356 0.0611092 0.0342253 -0.00836054 0.00110743 -5.99518e-05 -0.199928 
-3.08619 3.37272 -1.91611 0.376481 -0.00519369 -0.0035576 1.3967 
1.4884 -3.2232 -0.19269 3.1946 -1.43701 0.300942 -0.0234962 1.08763 
-1.9732 1.58889 -0.505061 -0.140131 0.0854096 -0.0097529 1.04803 
-1.40691 -0.517375 -0.323014 1.48704 -0.845056 0.196106 -0.0160771 2.61084 
-0.432836 0.111707 0.286825 -0.302485 0.0912333 -0.00872882 0.318734 
-0.414609 -0.245546 0.11594 0.80013 -0.439144 0.0992951 -0.00805846 1.27703 
-1.03253 1.02352 -0.553898 0.118936 -0.00763779 -0.000186066 0.488439 
1.39735 0.228391 0.950063 -0.371515 0.232131 -0.0597996 0.00543804 -1.19381 
1.30667 -1.27121 0.984354 -0.446188 0.0995384 -0.00835691 -0.63701 
52.1379 -30.5192 11.4302 15.7736 -4.91513 0.810049 -0.0538494 -43.498 
0.758029 -0.464229 0.147137 0.0196759 -0.0165199 0.00193271 -0.434335 
37.8202 -21.2766 8.70655 10.6955 -3.24316 0.521753 -0.0340154 -32.0202 
0.0977967 0.756121 -1.00408 0.569095 -0.137796 0.0118016 -0.28373 
0.854202 0.296373 0.762782 -0.16934 0.0439306 -0.0010576 -0.000541968 -0.583198 
3.229 -2.53553 1.20681 -0.198854 -0.00649343 0.00305752 -1.67025 
0.691558 0.572663 0.895304 -0.271409 0.0470647 0.0027619 -0.00102674 -0.743261 
3.11971 -2.24856 0.898474 -0.0120936 -0.0530405 0.0070301 -1.63316 
-0.492244 -0.283647 0.102815 0.971672 -0.576136 0.13929 -0.0118957 1.34948 
6.42925 -6.153 3.69538 -1.00984 0.118234 -0.00425444 -2.96235 
2.15622 -4.46792 -0.440587 4.13727 -1.77087 0.35632 -0.0270086 1.26656 
-2.51068 3.81472 -2.05193 0.365097 0.00883638 -0.00547023 1.74479 
3.22371 -5.46223 -0.853658 4.40031 -1.7483 0.337417 -0.0249175 1.39974 
-0.415901 1.33653 -0.446666 -0.127298 0.078799 -0.00912317 0.827288 
2.07656 -2.71249 -0.24072 2.09602 -0.799818 0.150044 -0.0108439 0.703376 
-0.0431951 0.732894 -0.106154 -0.171278 0.0681599 -0.00698665 0.63718 
1.79615 -2.2117 -0.0989446 1.75084 -0.684701 0.131883 -0.00974765 0.575721 
-0.0302794 0.77867 -0.27826 -0.0415956 0.0347167 -0.00415694 0.504544 
0.233087 1.13663 0.697179 -0.730593 0.190153 -0.0142874 -0.00046798 -0.261138 
0.868897 -0.167883 0.245365 -0.162318 0.0437034 -0.00401492 -0.0225704 
90.0394 -47.8829 21.4138 22.4952 -6.48931 1.00616 -0.0637015 -79.2907 
1.82313 -1.09667 0.79283 -0.304465 0.0604498 -0.00484044 -0.418997 
49.0683 -26.7609 11.5841 13.1937 -4.01805 0.657438 -0.0436759 -42.4458 
3.90028 -2.99917 1.7141 -0.462205 0.0538456 -0.00189099 -1.47531 
0.857489 -0.83627 0.370158 1.11104 -0.572145 0.128733 -0.0103722 0.193064 
4.42566 -3.42899 1.79599 -0.383995 0.0200547 0.00169003 -1.81038 
0.893135 -0.667739 0.35514 0.649881 -0.254422 0.0453646 -0.00296492 0.186472 
6.19651 -5.58247 3.33378 -0.93943 0.118894 -0.00520186 -2.58313 
1.36223 -1.85474 0.121536 1.78663 -0.80921 0.175161 -0.0143194 0.447409 
5.5589 -5.15458 2.95637 -0.695418 0.0517188 0.00114744 -2.25969 
2.69363 -5.40856 -0.57357 4.9259 -2.10737 0.422912 -0.0318206 1.29469 
-0.055263 0.0471148 -0.0275241 0.00914105 -0.00156927 0.000107562 0.0290502 
0.000110334 0.00275606 0.00307024 -0.0011135 -0.000152274 0.000186463 -2.85102e-05 -0.00278553 
-0.0420618 0.0409049 -0.0264139 0.00949487 -0.00173253 0.000124348 0.0206256 
0.00537826 0.00510414 0.00593526 -0.00489189 0.00173793 -0.000239234 7.78641e-06 -0.011002 
-0.0130554 0.0131148 -0.00774803 0.00242942 -0.000373795 2.2039e-05 0.00644318 
0.0052781 0.00433016 0.00519155 -0.0047295 0.0020356 -0.000402731 3.06802e-05 -0.0097124 
0.00835573 -0.00582075 0.0033434 -0.00105158 0.000154638 -7.60982e-06 -0.00415065 
0.00710103 0.002128 0.00466188 -0.00370408 0.00197387 -0.000464162 4.072e-05 -0.00971024 
-0.00421822 0.0115043 -0.0107312 0.00489916 -0.00106922 8.84416e-05 0.000356418 
0.0141746 0.00555847 0.00871208 -0.00920182 0.00469858 -0.0010518 8.7471e-05 -0.0208902 
0.00542157 -0.00350258 0.0019419 -0.000625806 0.00010529 -6.98423e-06 -0.00252615 
0.00437417 0.00220558 0.00354462 -0.00276266 0.00124544 -0.000251698 1.92708e-05 -0.0062984 
-0.00104569 0.00285362 -0.00246222 0.00109018 -0.000231406 1.86406e-05 0.000651856 
0.0960201 -0.0491478 0.0240198 0.0220939 -0.00601396 0.000865439 -4.97355e-05 -0.0857058 
-0.0142745 0.0146276 -0.00931381 0.00326148 -0.000577079 4.01691e-05 0.00718229 
0.00794925 0.00417498 0.00623284 -0.00530692 0.00239467 -0.00048752 3.75179e-05 -0.0129371 
-0.036486 0.0351328 -0.0221309 0.00771984 -0.00136494 9.49907e-05 0.0180927 
0.126686 -0.0604374 0.0349035 0.0259061 -0.00688161 0.000986506 -5.7541e-05 -0.119039 
-0.0524495 0.0487341 -0.0302053 0.0104482 -0.00184201 0.000128257 0.0263949 
0.215086 -0.0981203 0.0632982 0.0406422 -0.0105191 0.00147824 -8.5355e-05 -0.20964 
-0.011967 0.011861 -0.00786729 0.00287284 -0.000531684 3.87206e-05 0.00497005 
0.125605 -0.0522577 0.0404708 0.0199519 -0.0047847 0.000626168 -3.34963e-05 -0.127042 
0.00159576 -0.0021281 0.00137303 -0.000448327 6.85911e-05 -3.76327e-06 -0.00116813 
0.143737 -0.0647554 0.0419924 0.0263389 -0.00663139 0.000895672 -4.86051e-05 -0.139088 
0.00186874 -0.00288572 0.00202431 -0.00068741 0.000105736 -5.5972e-06 -0.00123858 
0.0680439 -0.0319187 0.0185802 0.013111 -0.00321109 0.000408025 -1.97722e-05 -0.0625476 
0.00502144 -0.00617389 0.0042273 -0.00151791 0.000266656 -1.78962e-05 -0.00266828 
0.0948383 -0.0484218 0.0238898 0.0218187 -0.00597445 0.000867507 -5.03782e-05 -0.084522 
0.00904435 -0.0108249 0.00764812 -0.0028729 0.000531804 -3.78587e-05 -0.00449861 
0.00389609 0.00269691 0.00359199 -0.00318107 0.00146336 -0.000306534 2.43999e-05 -0.00575361 
0.0143031 -0.015551 0.0103748 -0.00371693 0.000664811 -4.62439e-05 -0.00661513 
0.132964 -0.0632542 0.0350366 0.0264116 -0.00670283 0.000900059 -4.80375e-05 -0.122812 
0.00950953 -0.0105402 0.00695254 -0.00245967 0.000434867 -2.9856e-05 -0.00452064 
0.0991562 -0.0457564 0.0268098 0.018507 -0.00451531 0.000572332 -2.75073e-05 -0.0923114 
0.00647399 -0.00760996 0.00502806 -0.00176337 0.000305924 -2.03686e-05 -0.00322415 
0.120722 -0.0573162 0.0320769 0.0240414 -0.00618267 0.000847739 -4.63625e-05 -0.111751 
0.000461879 -0.00196974 0.00155912 -0.000605101 0.000110571 -7.40487e-06 -0.000554632 
0.102293 -0.0424514 0.0309099 0.0152224 -0.00318968 0.000326305 -1.0644e-05 -0.100748 
0.000607415 -0.00286709 0.00266173 -0.00119745 0.0002528 -1.98875e-05 -0.000559404 
0.186701 -0.080039 0.0574219 0.0312372 -0.00767943 0.00103431 -5.75727e-05 -0.186226 
-5.32652 5.16917 -2.95692 0.685746 -0.0393694 -0.00343578 2.67427 
-9.96476 0.788587 -3.61393 2.30499 -1.4153 0.321333 -0.0256154 12.7594 
-0.755294 -1.0085 1.94448 -1.28701 0.343145 -0.0314094 0.932434 
-11.3749 -1.84404 -4.97026 5.83179 -3.32131 0.789558 -0.0679148 16.1021 
-2.74123 2.02441 -0.708187 -0.0458031 0.0619627 -0.00766244 1.5388 
502.262 -284.447 111.522 140.307 -42.1734 6.74518 -0.436723 -432.515 
-0.100035 -0.669587 1.07504 -0.658902 0.167919 -0.0149843 0.248456 
195.67 -100.099 47.3364 43.9968 -11.618 1.61898 -0.0910011 -175.56 
1.03408 -0.259104 -0.232599 0.193665 -0.0501031 0.0040198 -0.630303 
-1.96161 -0.728035 -0.624845 1.62639 -0.774528 0.153473 -0.0112543 3.43611 
-1.13683 1.68127 -1.41018 0.619282 -0.129731 0.0102132 0.395657 
0.589695 0.071182 0.547297 0.0730836 -0.0234379 -0.000472172 0.00058518 -0.111115 
0.947999 -0.213515 -0.325206 0.318622 -0.0911848 0.00828945 -0.639052 
-162.362 82.4458 -39.6298 -36.1873 9.76904 -1.42117 0.0849956 148.466 
2.85348 -2.27674 1.14112 -0.213577 0.00253909 0.00202152 -1.4772 
-1.19064 0.479761 0.19843 0.578526 -0.529551 0.156928 -0.0154292 1.48448 
4.92994 -4.03356 2.04923 -0.403093 0.0107182 0.00314822 -2.47836 
-1.58538 -0.462198 -0.523158 1.30855 -0.715207 0.164597 -0.0136732 2.99973 
5.99007 -5.27608 2.93897 -0.714822 0.0661046 -0.000890848 -2.87972 
-2.74757 -2.04165 -2.2303 2.54635 -1.06895 0.202487 -0.0144491 6.54171 
-0.741525 2.05183 -0.978513 0.0376401 0.0535233 -0.00739084 0.945581 
1.63954 -2.84509 -0.536944 2.32002 -0.909316 0.173108 -0.0126713 1.44729 
0.663096 0.0787529 0.540337 -0.535235 0.159506 -0.0151394 0.348725 
1.19354 -0.37323 0.176728 -0.0606542 0.154134 -0.0493741 0.00489837 0.215746 
2.27058 -2.09873 2.09704 -1.08443 0.256371 -0.0220584 -0.319308 
1.46657 -1.96259 -0.0387492 1.71397 -0.723142 0.149226 -0.0117942 0.644767 
-0.61984 1.33821 -0.661238 0.109853 0.00508882 -0.0019705 0.787764 
0.950397 -0.418119 0.302934 0.34712 -0.144185 0.0315399 -0.00265589 0.175939 
1.0719 -0.268046 0.235355 -0.126646 0.030166 -0.0024993 -0.132208 
0.890251 -0.482298 0.211509 0.205388 0.0223342 -0.0213948 0.00259394 0.379356 
1.76552 -0.806393 0.369323 -0.0475591 -0.00692656 0.00140456 -0.420401 
92.8521 -50.5391 21.7702 24.5438 -7.35463 1.18351 -0.0774355 -81.1366 
4.06192 -3.30335 2.05744 -0.650218 0.100774 -0.0061126 -1.53237 
0.0872099 1.36348 0.762009 -0.879131 0.258808 -0.0309478 0.000984901 -0.308983 
4.21364 -3.46119 2.01214 -0.549434 0.0674635 -0.00291197 -1.66226 
0.87585 -0.578525 0.359509 0.559627 -0.217041 0.0394062 -0.00271261 0.173881 
3.655 -2.73454 1.27441 -0.148796 -0.0302856 0.00565583 -1.47926 
1.86741 -3.59332 -0.149821 3.51295 -1.59559 0.339174 -0.0269396 0.845993 
7.00204 -6.87393 4.30058 -1.27033 0.174187 -0.00892659 -2.86424 
0.718528 -0.680537 0.435661 1.10782 -0.629227 0.15058 -0.012689 0.148332 
