-0.763503 0.119896 -0.379256 -0.00683099 1.03676 
20.4037 -7.85594 6.06251 2.57055 -0.451111 0.031705 -19.8869 
-0.122111 0.0235625 -0.0395519 -0.0021561 0.139244 
11.9036 -4.12092 3.64926 1.28229 -0.221741 0.0158242 -11.645 
-0.723162 0.216943 -0.234131 -0.0315408 0.770855 
-2.89626 1.84653 -0.733267 -0.671689 0.126929 -0.00951551 3.19076 
0.423074 -0.0964873 0.154458 0.00965385 -0.48907 
18.1349 -7.73102 4.64043 2.76668 -0.52519 0.0391084 -16.4552 
0.826452 -0.174991 0.344697 0.0178935 -1.01809 
13.6219 -5.15746 3.80567 1.67955 -0.29029 0.0194513 -12.8005 
-0.434847 0.0930509 -0.178041 -0.0107267 0.516338 
13.6216 -4.66652 4.13905 1.31729 -0.187132 0.00971212 -13.3674 
-1.26614 0.3468 -0.397782 -0.0461645 1.34351 
27.8484 -12.2377 6.77279 4.28031 -0.78099 0.0557341 -25.0406 
0.231718 0.0179038 0.265435 -0.010965 -0.519732 
5.32473 -1.76114 1.47689 0.605106 -0.122516 0.0102692 -4.66915 
0.410525 -0.0473912 0.335894 0.0017113 -0.709035 
-7.87987 3.871 -1.78699 -1.19168 0.173241 -0.00854376 7.66276 
-1.61087 0.390949 -0.44936 -0.0442464 1.70696 
-8.34527 5.29479 -1.32288 -2.14131 0.432388 -0.0332102 6.99937 
0.12392 -0.134232 -0.180107 0.0215423 0.227044 
26.5748 -10.5483 7.70393 3.5868 -0.665089 0.049413 -25.7864 
-0.0750906 -0.0450453 -0.163182 0.00782045 0.312642 
26.6739 -10.7738 7.50668 3.71258 -0.697423 0.0525116 -25.551 
0.55139 -0.173439 0.114591 0.0215213 -0.490882 
7.53475 -2.30851 2.24415 0.636751 -0.095481 0.00615696 -7.11194 
-0.761307 0.114108 -0.376312 -0.00666859 1.03156 
19.7753 -7.85004 5.3282 2.55224 -0.435713 0.0289921 -18.4967 
0.752948 -0.189477 0.22556 0.0263234 -0.806245 
11.2635 -5.48194 2.40638 2.25887 -0.475929 0.0382689 -9.13081 
-0.555271 0.0462969 -0.360031 0.00335488 0.868211 
22.4448 -9.11161 6.02914 3.10125 -0.567881 0.0414877 -20.9994 
0.359235 -0.125475 0.0808218 0.0183846 -0.33365 
-10.6759 4.90554 -3.46784 -1.7683 0.351672 -0.027837 11.6076 
-1.7729 0.409443 -0.680287 -0.0457926 2.07534 
20.167 -9.33047 4.70139 3.58892 -0.735493 0.0594347 -17.5198 
0.479313 -0.162202 0.192506 0.030713 -0.552715 
5.06661 -1.80432 1.11472 0.585083 -0.0986856 0.00694277 -3.95393 
-1.41867 0.252969 -0.602229 -0.0205138 1.76325 
16.9754 -6.04721 5.19135 1.77454 -0.267439 0.0155047 -16.7352 
-2.43729 0.531733 -0.792974 -0.0621631 2.55957 
-26.6156 11.2536 -7.86496 -3.62361 0.642105 -0.0467578 27.4025 
-0.994235 0.161474 -0.26721 -0.0152406 0.921435 
-0.892542 -0.413636 -1.28731 0.487219 -0.111698 0.00699664 3.37071 
-0.195841 -0.0395707 0.0441298 0.00971215 -0.0138359 
-11.6934 4.48556 -4.02047 -1.15331 0.148695 -0.0071643 13.4048 
-0.561051 0.0677585 -0.0838435 -0.00548981 0.388694 
-31.7486 15.2206 -8.49652 -5.70107 1.15303 -0.0925505 30.8321 
-1.21504 0.200091 -0.367478 -0.0162317 1.19515 
-48.7753 21.9379 -13.3293 -7.69819 1.45152 -0.109123 47.6737 
-0.399891 0.0152438 -0.0600926 0.00316308 0.239513 
-60.0939 28.0967 -15.7696 -10.2909 2.00783 -0.154376 57.3609 
-0.610892 0.0409133 -0.17642 0.000674697 0.545434 
-31.2179 14.2012 -8.63352 -4.92203 0.902524 -0.0650046 30.8972 
-0.844342 0.114221 -0.251189 -0.0107874 0.790906 
-37.2158 16.6207 -10.3756 -5.77181 1.08721 -0.0825079 36.8871 
-0.612734 0.0960049 -0.138176 -0.0176132 0.466699 
-14.6261 6.23678 -4.5732 -1.92757 0.321625 -0.0217251 15.7617 
1.76458 -0.57888 0.66317 0.0822298 -2.12733 
51.7044 -23.0378 12.8649 8.22082 -1.54272 0.114011 -47.0878 
-3.72643 0.729754 -1.48264 -0.0755195 4.36392 
-20.7446 11.5911 -4.40152 -4.62463 0.959467 -0.077557 18.3921 
-1.91499 0.371752 -0.680615 -0.0415808 2.07007 
-20.6431 11.9089 -4.32605 -4.95596 1.07097 -0.0894417 18.1501 
-0.962198 0.127609 -0.281045 -0.00464306 0.920014 
-30.4332 15.3439 -7.3999 -5.80044 1.15656 -0.0904807 28.3457 
0.815641 -0.360087 0.306212 0.055427 -1.00507 
-113.293 51.9246 -29.3578 -18.6219 3.55061 -0.267292 107.123 
-0.0674799 -0.0476942 0.0784127 0.00473111 -0.157134 
-71.8064 32.3895 -19.1666 -11.4152 2.14983 -0.160559 69.1184 
-1.1281 0.219164 -0.318024 -0.0274709 1.05982 
-10.5696 5.40143 -2.96852 -2.01223 0.411465 -0.0338492 10.9368 
1.14944 -0.318713 0.554216 0.0319599 -1.61606 
-36.2405 15.9499 -10.1053 -5.43726 1.00334 -0.074083 36.0179 
1.03433 -0.326131 0.491272 0.038244 -1.44262 
-26.7966 12.1416 -7.42348 -4.19213 0.781496 -0.0585364 26.7006 
0.764591 -0.24167 0.428655 0.0287165 -1.18904 
-12.3827 5.1646 -4.0341 -1.61214 0.288517 -0.021841 13.7458 
1.17276 -0.301927 0.612425 0.0265408 -1.718 
6.55373 -3.57581 0.850576 1.5597 -0.310652 0.0226024 -3.94332 
0.358214 -0.347905 -1.39689 0.0429369 1.24831 
4.74339 -0.393052 3.13101 0.0665389 -0.0428597 0.00678252 -6.65355 
-3.38733 0.580204 -2.1929 -0.062443 5.06786 
-22.5791 10.097 -5.76577 -3.19233 0.502868 -0.0298195 21.8001 
-4.62642 1.00656 -2.11031 -0.120687 5.93538 
-22.3285 9.56661 -6.2319 -2.9563 0.455415 -0.0257769 22.3634 
-1.93984 0.36088 -0.653709 -0.0187707 2.35627 
17.6096 -6.21218 5.1045 1.73764 -0.253273 0.0147631 -17.078 
-3.20137 0.523082 -1.18566 -0.0318508 4.04113 
-43.5624 20.2076 -11.3525 -7.30325 1.39522 -0.104835 41.6034 
0.268699 -0.028428 0.335935 0.00325175 -0.570566 
-1.47501 0.724681 -0.47441 -0.0250863 -0.048837 0.0075221 2.14204 
-0.315735 0.0981175 -0.0427869 -0.0168818 0.29268 
33.0937 -12.3238 9.67604 3.66392 -0.572679 0.0349087 -32.6566 
-3.61721 0.911705 -1.44319 -0.120946 4.25573 
24.3292 -10.8991 6.06039 4.00053 -0.773376 0.0581017 -21.8858 
-4.05749 0.838236 -2.13907 -0.0966573 5.4231 
-14.9059 6.81791 -3.69743 -2.13979 0.328999 -0.0179253 14.4463 
0.269209 -0.184661 -0.424163 0.0330724 0.211692 
10.9229 -4.34325 3.35202 1.72703 -0.390059 0.0350724 -10.4165 
3.06966 -0.956589 0.737916 0.132557 -2.92966 
11.3073 -4.65436 3.10217 1.72152 -0.33 0.0243242 -10.2623 
0.110982 -0.168255 -0.174073 0.0310308 0.232708 
11.4725 -4.73369 2.84962 1.76588 -0.357764 0.0284209 -10.1047 
-0.412197 0.0269905 -0.267902 0.00459768 0.667704 
11.4911 -4.61168 2.91874 1.61771 -0.299484 0.0217015 -10.2125 
-0.364876 -0.0430099 -0.303796 0.0217144 0.697407 
-19.1232 10.866 -4.1222 -4.47275 0.945482 -0.0775111 16.8825 
1.56762 -0.441492 0.553491 0.0653097 -1.73742 
-20.1836 8.61652 -5.80122 -2.73037 0.460445 -0.0309262 20.5497 
0.66296 -0.273939 0.0420035 0.044673 -0.471931 
6.24779 -1.77519 1.73572 0.409612 -0.0393122 0.0007648 -5.63876 
-0.618237 0.0623431 -0.372183 0.00265309 0.923008 
16.1891 -5.84039 4.7105 1.77007 -0.282656 0.0178615 -15.6347 
-1.29294 0.283376 -0.439478 -0.0240918 1.45177 
16.6033 -8.05459 3.63407 3.31119 -0.722233 0.0611274 -13.8947 
0.636686 -0.205155 0.366998 0.0393318 -0.845192 
17.1854 -6.89493 4.67462 2.38634 -0.448018 0.0334697 -16.0091 
-1.42162 0.388004 -0.209753 -0.0453783 1.27093 
17.0118 -6.68672 4.91688 2.30424 -0.438354 0.0342933 -16.2291 
3.30853 -0.778625 1.55315 0.0788795 -4.61143 
67.066 -30.0062 16.9157 10.9436 -2.12187 0.160946 -61.5516 
-2.92608 0.790931 -0.721442 -0.132957 2.53077 
67.1776 -29.6331 16.9807 10.5533 -1.98856 0.146923 -61.8299 
-1.71116 0.312166 -0.455858 -0.0483556 1.47312 
42.3884 -15.9767 11.9125 4.77188 -0.72645 0.0418129 -41.0264 
-1.27936 0.146606 -0.276564 -0.0135051 1.01259 
42.6226 -18.5304 10.6192 6.64106 -1.26546 0.0947692 -38.7942 
-1.91386 0.247241 -0.562771 -0.0158235 1.82347 
42.5837 -19.533 10.1447 7.36486 -1.4764 0.117516 -37.8318 
0.234943 -0.34243 0.157059 0.0603213 -0.511148 
57.3126 -26.9802 13.5881 10.342 -2.08051 0.16231 -50.9587 
-2.55125 0.474276 -0.762415 -0.0578723 2.48933 
27.5697 -11.1144 6.9741 3.65364 -0.619346 0.039558 -25.1175 
-2.60745 0.469154 -0.713948 -0.0434665 2.47791 
-5.39566 1.69941 -2.49784 -0.0570405 -0.0958676 0.013965 7.66353 
-0.483253 -0.0226378 0.0617618 0.0003051 0.0397525 
-27.0749 13.6669 -7.14188 -5.29068 1.0891 -0.0874133 26.1687 
-5.23625 1.15488 -1.64466 -0.14002 5.42386 
41.8056 -18.6953 10.1887 6.85727 -1.32992 0.100339 -37.5644 
-0.705971 0.104466 -0.218545 -0.0134933 0.662567 
-18.7533 10.1763 -4.19342 -3.9425 0.811702 -0.0667996 17.0814 
-2.54077 0.486816 -0.918774 -0.0386594 2.82363 
-40.7071 20.3782 -9.88677 -7.71536 1.53086 -0.118415 37.6368 
-0.801486 0.0984968 -0.225582 -0.00661026 0.753486 
-40.6326 18.4561 -10.7888 -6.31642 1.13401 -0.0799577 39.3431 
-0.931288 0.109843 -0.327478 -0.00515721 0.973333 
-52.449 24.2117 -13.7224 -8.68049 1.66625 -0.12659 50.1898 
-0.214221 -0.0458991 0.0446867 0.0168732 0.0101376 
-3.59981 1.49319 -1.28297 -0.0639548 -0.101046 0.0151055 4.69274 
0.7182 -0.231612 0.420096 0.030935 -1.11895 
-42.9393 20.7563 -11.0983 -7.85072 1.59228 -0.127918 40.8018 
0.233823 -0.127158 0.226524 0.0201671 -0.541836 
-19.4264 9.29197 -5.23067 -3.29919 0.623765 -0.0468356 19.2344 
-0.705146 0.209849 -0.00758796 -0.0368648 0.343938 
37.039 -16.5758 9.19081 6.08209 -1.17466 0.0875525 -33.4463 
-1.66614 0.403054 -0.420154 -0.0517062 1.54245 
-13.7133 7.65012 -3.30757 -3.07372 0.652257 -0.053857 13.0088 
-0.429168 0.0536813 -0.0148173 -0.0103408 0.214203 
25.8848 -11.5368 6.3855 4.30955 -0.849764 0.0651905 -23.0598 
