0.0172376 -0.014198 0.00848482 -0.00285065 0.000490481 -3.34133e-05 -0.00825507 
0.171955 -0.0756306 0.0522938 0.0303817 -0.00767131 0.00105546 -5.96386e-05 -0.170245 
0.00984708 -0.00813861 0.00499654 -0.00170045 0.0002944 -2.00667e-05 -0.00431905 
0.0697066 -0.0301335 0.0213787 0.0118039 -0.00283538 0.000359201 -1.76239e-05 -0.0682318 
0.00511067 -0.0035936 0.00202525 -0.000631026 0.000100033 -6.18451e-06 -0.00197305 
0.00179029 0.00218975 0.00287375 -0.00185453 0.000725293 -0.000138232 1.06194e-05 -0.00355748 
0.0017935 -0.000697641 0.00027412 -1.93932e-05 -1.20234e-05 2.07802e-06 -0.000258526 
0.00138188 0.00127737 0.00229008 -0.000972734 0.000369471 -7.19597e-05 5.97845e-06 -0.00220757 
0.00423205 -0.00316296 0.00181465 -0.000546919 8.0752e-05 -4.44965e-06 -0.00129693 
0.00212278 0.0018311 0.00290659 -0.00174747 0.000755394 -0.000157501 1.29279e-05 -0.00362511 
-0.000860844 0.0011289 -0.000549087 0.000178583 -3.53396e-05 3.12322e-06 0.000998627 
0.0551597 -0.0268804 0.0150337 0.0117866 -0.0031502 0.000444657 -2.46891e-05 -0.0502841 
-0.00203618 0.00312161 -0.00231683 0.000946492 -0.000192589 1.52144e-05 0.00138353 
0.176971 -0.0869596 0.0469576 0.0383407 -0.010513 0.00155934 -9.44349e-05 -0.164169 
0.00164185 -0.000332718 6.76364e-05 2.50107e-05 -1.41717e-05 1.84842e-06 -0.000427649 
0.0524828 -0.0215999 0.0160447 0.00762918 -0.0015328 0.000141803 -2.89133e-06 -0.0510964 
0.00192597 0.000553221 -0.00104611 0.000561619 -0.000127496 1.05214e-05 -0.000850208 
0.152669 -0.0720368 0.0423768 0.0304654 -0.00799262 0.00113453 -6.5819e-05 -0.144486 
0.00898252 -0.00547382 0.00244362 -0.000552686 5.26568e-05 -9.85005e-07 -0.00435774 
0.3012 -0.142406 0.0850648 0.0610307 -0.0163878 0.00239527 -0.000144105 -0.288596 
0.000517977 9.39502e-05 -0.000272519 0.000102378 -1.02893e-05 -2.99543e-07 -0.00106901 
0.146193 -0.0617815 0.0460641 0.0237308 -0.00567242 0.000731955 -3.82202e-05 -0.146678 
0.00123717 -0.00154994 0.000932393 -0.00029184 4.46547e-05 -2.61489e-06 -0.00108815 
0.0467888 -0.0176613 0.01597 0.00577315 -0.00101575 6.53409e-05 1.64327e-06 -0.0474736 
0.00642204 -0.00797585 0.00573153 -0.00214814 0.000393153 -2.75742e-05 -0.00322296 
0.0688545 -0.0341139 0.0181305 0.015086 -0.00408491 0.000594558 -3.49894e-05 -0.0619795 
0.00467577 -0.0060377 0.0042693 -0.00158112 0.000286528 -1.97825e-05 -0.00245514 
0.00328189 0.00247864 0.00328664 -0.00276806 0.00127116 -0.000270515 2.22214e-05 -0.00487471 
0.00695851 -0.00881328 0.00627738 -0.00234178 0.000426659 -2.9655e-05 -0.00347773 
0.0758372 -0.0373353 0.0197874 0.016126 -0.00420447 0.000579521 -3.16669e-05 -0.0683112 
0.0127885 -0.013905 0.00919063 -0.00323849 0.000565621 -3.81194e-05 -0.00595038 
0.10021 -0.0459247 0.0273792 0.0185926 -0.00459678 0.000603976 -3.14342e-05 -0.0937345 
0.010676 -0.0120054 0.00808233 -0.00290443 0.000518061 -3.56403e-05 -0.00499114 
0.0793869 -0.0357736 0.0220673 0.0143522 -0.00355479 0.000474653 -2.53442e-05 -0.0744913 
0.00649694 -0.00776278 0.00525992 -0.00190725 0.000343864 -2.38066e-05 -0.00321919 
0.106735 -0.0485072 0.0293649 0.0193351 -0.00468064 0.000598176 -2.99982e-05 -0.100421 
0.00456969 -0.00617747 0.00441792 -0.00167433 0.000312486 -2.22959e-05 -0.00243071 
0.245893 -0.114548 0.0681166 0.0478476 -0.0124907 0.00177671 -0.000104141 -0.234131 
-0.000433584 -0.00150005 0.00150332 -0.000687561 0.000146257 -1.15947e-05 -0.000136054 
0.198346 -0.0867292 0.0599127 0.0345107 -0.00864075 0.00118285 -6.67221e-05 -0.196117 
-4.19912 4.71869 -2.80755 0.696806 -0.062246 0.000368608 1.99571 
-44.9908 25.2233 -9.47449 -11.6224 3.17141 -0.450508 0.0255749 39.1841 
-2.07753 1.98387 -0.827912 -0.000574632 0.0568879 -0.00762481 1.17469 
1.53468 0.832666 1.41644 -0.73365 0.26352 -0.0434386 0.00277091 -2.18606 
-1.43177 1.37748 -0.555976 -0.00304449 0.0382141 -0.00501915 0.856007 
-0.00534889 0.562203 0.752856 0.103036 -0.226493 0.0740043 -0.00720653 -0.174696 
-0.211154 0.0982506 0.288098 -0.277048 0.0812616 -0.00768422 0.278551 
38.4147 -20.4317 9.43883 9.87361 -2.94496 0.470966 -0.0305004 -33.7041 
0.814925 -0.369951 0.246181 -0.12444 0.030446 -0.00264817 -0.353738 
-240.005 128.401 -56.0333 -59.5527 16.892 -2.56348 0.158609 213.752 
1.76998 -1.44293 0.873382 -0.263366 0.0373441 -0.00194682 -0.758475 
0.998461 1.16232 1.27329 -0.888086 0.290681 -0.0414936 0.00209608 -1.72871 
2.47865 -1.92278 1.03689 -0.249515 0.0232062 -0.000363452 -1.15488 
-0.0697397 0.848267 0.84029 -0.147763 -0.12341 0.0561914 -0.00628794 -0.305875 
3.04906 -2.26756 1.06843 -0.154303 -0.0145013 0.00364158 -1.4495 
61.4427 -33.6191 14.627 16.6579 -5.12215 0.847747 -0.0570129 -53.6846 
4.26502 -3.16992 1.42893 -0.159511 -0.0364389 0.0066188 -2.04533 
1.2331 0.638028 1.19198 -0.467137 0.141247 -0.0181913 0.000824075 -1.62528 
4.96026 -4.10308 2.02888 -0.28975 -0.0324418 0.00765157 -2.24313 
-49.0928 27.8885 -10.2959 -13.1465 3.70593 -0.547241 0.0323579 42.538 
-0.725547 2.14783 -0.9012 -0.0692688 0.0911046 -0.0115033 1.03725 
67.9103 -37.2378 15.8511 18.1126 -5.43187 0.877874 -0.0579451 -58.8522 
-0.373395 1.45307 -0.477903 -0.136328 0.0843622 -0.00978796 0.905696 
43.3571 -23.0802 10.3451 10.8607 -3.1388 0.489298 -0.0312082 -37.6466 
-0.0825137 0.832915 -0.0626559 -0.230372 0.0874799 -0.00896369 0.774971 
35.2664 -19.0941 8.56773 9.36893 -2.84124 0.463363 -0.0306641 -30.5636 
0.363508 0.36295 0.100923 -0.199964 0.0650425 -0.00632856 0.477362 
32.0467 -16.7486 7.87882 7.81983 -2.24369 0.347594 -0.0220287 -27.9429 
1.85832 -1.00058 0.828293 -0.387894 0.0874877 -0.00733696 -0.365824 
-0.227681 -0.087393 0.118213 0.426961 -0.257629 0.0646267 -0.00574177 1.07437 
1.37163 -0.0502342 -0.244992 0.217429 -0.0629474 0.00593177 -0.178726 
-0.68904 -0.0322294 -0.0387367 0.560609 -0.339511 0.0804915 -0.00662883 1.58301 
3.13355 -2.02589 1.06045 -0.227015 0.0122406 0.000967861 -1.02174 
70.9308 -38.389 16.7606 18.376 -5.3794 0.841072 -0.0532899 -61.9428 
2.1914 -0.830494 0.0218472 0.252214 -0.0914957 0.00921406 -0.725291 
38.1057 -20.384 9.29204 9.82322 -2.9151 0.46438 -0.0299839 -33.2345 
4.62185 -3.612 1.89268 -0.374591 0.00982627 0.00290054 -1.79344 
66.6369 -36.4442 15.7568 17.8485 -5.40035 0.878424 -0.058111 -58.1023 
5.60504 -4.936 2.71064 -0.558215 0.0173277 0.00421014 -2.18273 
2.32124 0.197792 1.51255 -0.392555 0.160878 -0.0274679 0.00179708 -2.64788 
-0.0568529 0.0478679 -0.0273165 0.00878471 -0.00145097 9.51913e-05 0.0299187 
0.00280841 0.00281276 0.0043089 -0.00223332 0.000753269 -0.000113562 6.09958e-06 -0.00631139 
-0.0276833 0.0236922 -0.0132566 0.00413026 -0.000652901 4.03527e-05 0.0146627 
0.00152971 0.00284339 0.00345861 -0.00181943 0.000451074 -3.29949e-05 -1.10564e-06 -0.00442336 
-0.00733658 0.00750953 -0.00442106 0.00147835 -0.000263906 1.93257e-05 0.00389145 
0.00287377 0.00288201 0.00355956 -0.00270741 0.00108818 -0.000204069 1.45231e-05 -0.00548554 
-0.000584454 0.00349177 -0.00253979 0.000800344 -0.000103717 3.71023e-06 -0.000211395 
0.146778 -0.0802897 0.0348417 0.0392549 -0.0118747 0.00193512 -0.000128621 -0.128458 
0.000192771 0.00594243 -0.00606627 0.00274682 -0.000577812 4.57719e-05 -0.00144334 
0.183144 -0.099206 0.0431696 0.0472475 -0.0137223 0.00211413 -0.00013087 -0.160527 
0.00465975 -0.00321269 0.00184168 -0.000578688 9.10839e-05 -5.48825e-06 -0.00196178 
0.0474207 -0.0235524 0.0127647 0.0106142 -0.00291839 0.000422414 -2.39746e-05 -0.0426553 
-0.000137863 0.00134825 -0.00102512 0.000399594 -7.67488e-05 5.86023e-06 0.000381474 
0.103868 -0.0544484 0.0256069 0.0254128 -0.00732294 0.00113858 -7.21842e-05 -0.0920853 
-0.00693477 0.00728628 -0.00443481 0.00149044 -0.000255451 1.74753e-05 0.00378099 
0.0524156 -0.022469 0.0156525 0.00852131 -0.00192769 0.000221111 -8.82842e-06 -0.050347 
-0.0253534 0.0255035 -0.0164462 0.00583886 -0.00104657 7.36598e-05 0.012474 
0.0868734 -0.0360686 0.0270694 0.0132698 -0.00296626 0.000350414 -1.61843e-05 -0.0864488 
-0.0671987 0.0650147 -0.0415156 0.0146672 -0.00262661 0.000185042 0.0326004 
0.160249 -0.0727603 0.0486012 0.0306644 -0.00820038 0.00120243 -7.26747e-05 -0.157547 
-0.0005403 0.00149013 -0.00138678 0.000573591 -0.000108442 7.52129e-06 -0.000677647 
0.134262 -0.0557451 0.0430711 0.0209912 -0.00488242 0.000606465 -2.99463e-05 -0.135723 
0.0022862 -0.00258262 0.00158646 -0.000516467 8.37601e-05 -5.37241e-06 -0.00157318 
0.00588357 0.00500549 0.00672638 -0.00518735 0.0022486 -0.000459283 3.62898e-05 -0.0118164 
0.00593229 -0.00719939 0.005027 -0.0018406 0.000332347 -2.32279e-05 -0.00305033 
0.00510493 0.00270311 0.00421157 -0.00348745 0.00165861 -0.000357712 2.94567e-05 -0.00741575 
0.00529117 -0.00672531 0.00476532 -0.00178743 0.000332892 -2.40081e-05 -0.002713 
0.00170639 0.00117116 0.00220797 -0.000896501 0.000307964 -4.77144e-05 2.99686e-06 -0.00203147 
0.00561721 -0.00737178 0.00529497 -0.00198446 0.00036285 -2.52577e-05 -0.00288404 
0.00466824 0.00390711 0.00431252 -0.00473406 0.00224499 -0.000483673 3.93626e-05 -0.00752079 
0.0146677 -0.0160724 0.0107736 -0.0038691 0.000692462 -4.8143e-05 -0.00673408 
0.121619 -0.0582937 0.0321028 0.0248539 -0.00651857 0.000913759 -5.13501e-05 -0.112129 
0.0094549 -0.0108182 0.00735879 -0.00267279 0.000482681 -3.3745e-05 -0.00443363 
0.10177 -0.0471909 0.0274122 0.0191997 -0.00472925 0.000611206 -3.0662e-05 -0.0945967 
0.00618953 -0.00722863 0.00474864 -0.00167087 0.000294324 -2.01236e-05 -0.00312355 
0.130514 -0.0618487 0.0347126 0.0258587 -0.00662236 0.000904468 -4.94066e-05 -0.121073 
0.00477348 -0.00602009 0.00402777 -0.00141687 0.000244879 -1.61944e-05 -0.00260024 
0.265732 -0.12537 0.0726145 0.0528641 -0.013864 0.00196927 -0.00011452 -0.251469 
0.0122953 -0.0139829 0.00963097 -0.00359423 0.00067092 -4.87645e-05 -0.00609043 
0.274936 -0.125146 0.0800081 0.052073 -0.0137347 0.00199258 -0.00011982 -0.267603 
-0.9297 0.668838 -0.0487548 -0.264161 0.100305 -0.0101528 0.895329 
-0.912758 0.0837956 0.0867228 0.614527 -0.386763 0.0914802 -0.00750794 1.48816 
-3.38595 2.55547 -0.859131 -0.113114 0.101857 -0.0125676 2.0671 
-52.9233 30.4246 -10.9633 -14.5407 4.15318 -0.623309 0.0378106 45.4818 
-2.81665 2.59185 -1.45031 0.373943 -0.0388369 0.000953896 1.64884 
-4.04443 -0.62599 -1.52265 2.10522 -1.1325 0.250054 -0.0197904 6.04357 
-3.56354 3.55738 -2.12608 0.653232 -0.0976329 0.00559353 1.83318 
-2.55555 0.750905 -0.162513 0.656778 -0.569913 0.155326 -0.0143768 2.79496 
-0.387343 0.781533 -0.538885 0.187066 -0.0332536 0.00239819 0.238866 
1.48734 1.18479 1.62927 -0.946057 0.313057 -0.0446736 0.00214057 -2.57105 
0.098309 0.36553 -0.411349 0.232889 -0.0582066 0.00519791 -0.0153082 
-46.5525 25.5379 -10.0738 -11.5059 3.07059 -0.427094 0.0237416 40.9665 
0.817497 0.020694 -0.398551 0.311018 -0.0845293 0.00762311 -0.452395 
-0.509565 0.0920567 0.341017 0.581777 -0.399302 0.103232 -0.00926423 0.863876 
3.18326 -2.30509 1.07158 -0.160177 -0.0116976 0.00333784 -1.5425 
4.71312 1.54954 3.00909 -2.37651 1.14567 -0.242149 0.0188792 -6.73084 
2.56103 -1.05726 -0.231812 0.534165 -0.177882 0.0176007 -1.3616 
72.9605 -40.1204 17.016 19.6395 -5.88979 0.941904 -0.0608468 -63.3877 
7.3963 -6.63076 3.79766 -0.975238 0.101934 -0.00264066 -3.36053 
-1.20407 0.401748 0.201993 0.568535 -0.447393 0.116129 -0.0100637 1.44989 
-2.15553 3.61381 -1.90911 0.317514 0.0157088 -0.00576575 1.68998 
-0.261528 -0.219111 -0.00288196 0.502835 -0.276194 0.0653389 -0.00550481 1.36062 
-0.181611 1.23681 -0.346355 -0.159936 0.0802438 -0.00866598 0.825812 
84.7797 -48.93 18.6588 24.6853 -7.55064 1.22407 -0.0800029 -71.6354 
1.03637 -0.227788 0.557964 -0.42022 0.116332 -0.0107473 0.258995 
53.3078 -29.0064 12.5883 14.1102 -4.25278 0.693972 -0.0463623 -46.2471 
-0.286009 1.25605 -0.664866 0.142745 -0.00958815 -0.000142997 0.726945 
54.9135 -30.0683 12.8069 14.6086 -4.36132 0.698545 -0.0454053 -47.4052 
1.41119 -0.496066 0.440331 -0.218494 0.0495165 -0.00400846 -0.170163 
19.7816 -10.2974 4.81124 4.76107 -1.33923 0.203789 -0.0127652 -16.7842 
0.442362 0.686107 -0.522018 0.222244 -0.0454689 0.00352687 0.267599 
2.59099 0.606184 1.72165 -0.793913 0.295842 -0.0421518 0.00173915 -3.25826 
2.18976 -1.02967 0.424088 -0.018096 -0.0198113 0.00269001 -0.616136 
41.9505 -22.7186 9.90684 10.8799 -3.16763 0.490983 -0.0307998 -36.1606 
3.00969 -1.79956 0.756383 -0.0424536 -0.033124 0.00473387 -1.07069 
2.72208 0.649868 1.9645 -0.82172 0.319978 -0.0544666 0.00350847 -3.67013 
5.25847 -4.25973 2.30258 -0.498698 0.0248752 0.00253725 -2.08756 
-0.256319 0.146605 0.308905 0.292833 -0.227143 0.0625457 -0.00576176 0.785932 
8.19098 -7.91406 4.93498 -1.45062 0.193903 -0.00920606 -3.28675 
2.44747 0.571624 1.78158 -0.672711 0.232889 -0.0313696 0.00128602 -3.2026 
