-2.53559 0.598367 -0.90063 -0.0687748 2.92171 
12.9458 -3.55275 4.77545 0.758507 -0.0671679 0.000746178 -13.9741 
0.263271 -0.0406526 0.211255 0.0059793 -0.441573 
10.7993 -2.94108 3.79865 0.627016 -0.0556859 0.000582136 -11.3471 
0.072148 -0.0119452 0.0512675 0.00392255 -0.118789 
-2.44553 2.32551 -0.189917 -1.07202 0.242599 -0.0206386 2.02714 
1.79061 -0.399859 0.716167 0.0454117 -2.16299 
22.4833 -8.42462 6.52228 2.60129 -0.428149 0.0280317 -21.8816 
1.11181 -0.219123 0.437925 0.0209946 -1.36832 
5.25765 -0.980239 1.84757 0.0227906 0.053194 -0.00809852 -5.29937 
-0.589137 0.156018 -0.133595 -0.0192123 0.589989 
-2.95668 3.36462 -0.0899932 -1.87806 0.48666 -0.0453846 2.01461 
-2.09069 0.525116 -0.728991 -0.0644251 2.35726 
30.5429 -11.9972 8.55952 3.76793 -0.620056 0.0401263 -29.3759 
-0.327164 0.119407 -0.0967645 -0.0202431 0.319584 
30.1565 -12.4253 8.38943 4.28873 -0.80086 0.0595685 -28.7752 
-1.01215 0.205837 -0.563002 -0.0246581 1.38683 
-2.31907 1.44044 -0.374697 -0.402125 0.0488724 -0.00169268 2.47731 
-2.45901 0.455736 -1.32409 -0.0433659 3.35448 
-9.30075 5.29673 -1.84889 -2.02174 0.394148 -0.0296823 8.40768 
-0.278155 -0.0019629 -0.33509 0.00277717 0.631813 
17.0939 -6.26593 5.0929 1.95112 -0.324723 0.0216702 -16.6254 
0.15116 -0.115947 -0.130355 0.0199029 0.0940035 
13.9349 -5.36649 3.95223 1.81037 -0.326045 0.0232467 -13.0984 
0.360324 -0.106302 0.0952603 0.0130655 -0.357308 
20.6189 -8.6639 5.35767 3.02082 -0.557139 0.0406764 -18.8837 
-1.70848 0.351532 -0.715094 -0.0357688 2.10395 
9.14727 -2.62341 2.82304 0.53424 -0.0304175 -0.00241703 -8.93011 
0.421267 -0.0870397 0.184693 0.0148933 -0.530476 
32.8796 -14.0731 8.81734 4.96496 -0.934563 0.0700113 -30.8075 
0.535114 -0.179099 0.165855 0.0293695 -0.56027 
23.5236 -9.73209 6.3401 3.38589 -0.632749 0.0470397 -21.9684 
-0.51714 0.0787665 -0.249432 -0.00311886 0.67953 
4.43185 -0.702317 1.53702 -0.042347 0.0561379 -0.00688435 -4.32809 
-0.602895 0.127371 -0.223369 -0.0111371 0.686348 
-8.10184 3.43062 -2.69326 -1.02543 0.153377 -0.00806466 9.18815 
-0.295181 -0.0413152 -0.266087 0.0211433 0.566758 
18.1401 -6.65019 5.40696 2.07746 -0.354378 0.0248836 -17.7105 
-0.669152 0.0649034 -0.40771 -1.44845e-05 0.992423 
24.5202 -8.32978 7.73727 2.20518 -0.285273 0.0128778 -24.9206 
0.403544 -0.181394 0.018207 0.0292105 -0.245972 
18.5089 -8.80308 3.81071 3.3123 -0.645021 0.0489601 -15.1366 
-1.42776 0.328366 -0.576163 -0.0398671 1.72371 
-59.9677 25.6031 -16.7548 -8.59014 1.54467 -0.110207 59.2443 
-0.0361987 -0.0495573 -0.118289 0.0107619 0.211012 
-57.2332 24.8283 -15.7822 -8.44158 1.53307 -0.110194 56.1816 
-0.943055 0.191449 -0.404641 -0.0183874 1.17464 
-57.2017 25.2152 -15.6235 -8.76868 1.63897 -0.121921 55.8404 
-0.177425 0.0119625 -0.111644 0.00359029 0.279388 
-61.9824 26.7443 -17.1672 -9.08384 1.65934 -0.120913 60.9157 
-0.36002 0.081224 -0.183386 -0.0101226 0.466679 
-62.0561 27.2247 -16.9545 -9.42713 1.75617 -0.130178 60.5588 
-0.114722 0.016449 -0.0911662 -0.00395516 0.181735 
-66.2603 28.6758 -18.2904 -9.79828 1.80215 -0.132271 64.9696 
-0.743868 0.153521 -0.327702 -0.0176654 0.921439 
-46.9614 19.826 -13.378 -6.55319 1.16288 -0.0822178 46.9855 
-0.0608182 -0.0162079 -0.0701631 0.00337674 0.13057 
-46.9063 19.7269 -13.4242 -6.53525 1.17379 -0.0845596 47.0377 
0.0121269 0.0474667 0.0959566 -0.0118165 -0.169464 
-15.0901 6.01933 -4.80467 -1.80635 0.287475 -0.0173806 16.46 
1.34755 -0.366478 0.490468 0.0490138 -1.51052 
-54.1993 22.8702 -15.3142 -7.56042 1.33919 -0.0943063 53.9106 
-1.09968 0.297331 -0.387445 -0.0429153 1.21777 
-47.8195 19.8054 -13.8622 -6.39655 1.11236 -0.0778076 48.1804 
-1.16992 0.321222 -0.388349 -0.0431248 1.2623 
-39.7089 17.9068 -10.6634 -6.32169 1.20155 -0.0903969 38.6267 
-0.541981 0.120233 -0.211883 -0.0117673 0.629312 
-53.8199 23.2237 -14.8613 -7.81992 1.41116 -0.101373 52.9058 
0.0894376 -0.0464963 0.0150689 0.00929391 -0.0710273 
-53.8637 23.5926 -14.6719 -8.07915 1.47906 -0.107258 52.5921 
0.709112 -0.172683 0.260593 0.0197911 -0.824985 
-60.7158 26.9799 -16.4978 -9.48442 1.79572 -0.135319 59.0121 
0.193311 -0.0401317 0.0505243 0.0016405 -0.226292 
-41.3903 18.4885 -11.1543 -6.39915 1.18082 -0.0863478 40.3293 
0.632199 -0.157938 0.220813 0.018527 -0.735897 
-38.6609 16.6801 -10.7764 -5.58155 1.00287 -0.071944 38.3801 
1.29238 -0.316884 0.509053 0.041795 -1.55131 
-34.059 14.9898 -9.45252 -5.19228 0.983046 -0.0751915 33.7896 
0.803758 -0.178117 0.35638 0.0205776 -1.03977 
-22.1079 10.2645 -5.99931 -3.68951 0.712155 -0.0543056 21.8808 
3.19605 -0.856649 0.755601 0.10587 -3.2166 
32.929 -12.7227 10.3276 4.25877 -0.783498 0.0577285 -33.1824 
-1.90961 0.33687 -1.14575 -0.0334691 2.75138 
0.0224013 1.81668 0.939094 -1.06409 0.268173 -0.0241898 -1.07995 
-1.33522 0.35281 -0.507516 -0.0488378 1.54012 
20.1434 -8.11689 5.57619 2.78119 -0.515384 0.0380172 -19.021 
-0.605255 0.211157 0.0145872 -0.0274752 0.405712 
20.2199 -8.66969 5.38112 3.20698 -0.642355 0.0509642 -18.662 
-1.26488 0.433025 -0.084633 -0.0598831 0.974611 
19.9652 -7.79318 5.76612 2.6003 -0.467166 0.0330251 -19.2235 
-1.12337 0.182845 -0.626844 -0.0130915 1.573 
1.12922 1.76275 1.20509 -1.34537 0.383469 -0.0368597 -2.20267 
-2.24169 0.554624 -0.845495 -0.0686384 2.58618 
28.7216 -11.3409 7.93149 3.55641 -0.580515 0.0370437 -27.4047 
2.1136 -0.38748 1.1048 0.0365452 -2.87749 
25.6763 -10.0667 7.36184 3.29436 -0.58165 0.0409608 -24.8327 
4.70301 -0.953327 2.36907 0.102867 -6.22174 
-4.12285 2.2028 -0.921074 -0.674074 0.102235 -0.00573745 4.28529 
2.40497 -0.409275 1.60382 0.0421974 -3.63879 
-11.0099 5.6677 -2.6678 -2.07131 0.394134 -0.0292165 10.6178 
0.452582 -0.122512 0.141178 0.0123247 -0.452259 
23.9595 -9.55998 6.79391 3.21914 -0.585748 0.0429861 -22.9262 
3.18187 -0.747144 1.28227 0.0893539 -3.79431 
-29.1951 12.5946 -8.34622 -4.26908 0.790446 -0.0590376 29.4179 
0.16728 -0.0329018 0.0760058 0.00267795 -0.20788 
17.4581 -7.19096 4.57029 2.49096 -0.461972 0.0343668 -15.971 
-1.13215 0.212636 -0.494775 -0.0175373 1.42191 
9.48392 -2.6425 2.9784 0.485956 -0.00782701 -0.00546696 -9.37567 
0.238549 -0.0853486 0.00985661 0.0185527 -0.183674 
34.5682 -15.0039 9.1656 5.35049 -1.01194 0.0754203 -32.2294 
-0.123512 -0.0218482 -0.13686 0.00960241 0.263631 
25.0207 -10.4329 6.71555 3.6385 -0.677483 0.0498372 -23.3529 
-0.331073 0.0199466 -0.212971 0.00571967 0.509348 
7.04535 -2.32233 1.98912 0.713218 -0.123094 0.00942383 -6.36476 
-0.372912 0.0574254 -0.134764 0.000662411 0.432167 
2.96707 -1.4102 0.258641 0.625562 -0.133731 0.0103533 -1.37196 
0.447169 -0.178247 0.149288 0.0339429 -0.462128 
28.7083 -11.3167 8.25381 3.75569 -0.682503 0.0507414 -27.8306 
-0.0265382 -0.0558335 -0.00799393 0.0143587 0.0641936 
19.2085 -6.35574 6.09107 1.64124 -0.204264 0.00861082 -19.4471 
1.43432 -0.468653 0.179504 0.0719711 -1.16293 
2.00285 -0.616652 0.218283 0.276717 -0.0675535 0.00685457 -0.741343 
0.064792 -0.0606838 -0.161991 0.012437 0.174823 
-64.4866 29.1877 -17.0713 -10.3539 1.9592 -0.146551 61.9016 
-0.43644 0.147419 -0.221151 -0.0259478 0.558698 
-46.9003 19.6081 -13.3976 -6.44617 1.15685 -0.0842765 47.0444 
0.11166 -0.0558426 -0.0672374 0.0122489 0.0242488 
-54.1809 22.7764 -15.2999 -7.48711 1.3214 -0.0926717 53.9245 
-1.08912 0.282955 -0.447118 -0.0371171 1.31871 
-34.363 14.7366 -9.60518 -4.82805 0.841188 -0.057723 34.2681 
0.545321 -0.156091 0.139005 0.0212553 -0.536325 
-60.4282 26.4184 -16.5999 -9.11944 1.69587 -0.125956 59.1331 
0.0764772 -0.0218608 -0.0405134 -0.000665815 -0.00753341 
-60.4094 26.2129 -16.6903 -8.95222 1.64355 -0.120269 59.2912 
-1.93736 0.478552 -0.781752 -0.0619678 2.29848 
-63.839 27.2423 -17.8374 -9.17057 1.66838 -0.122167 63.0262 
0.104891 -0.0819851 -0.0896994 0.017658 0.0531154 
-38.215 15.4198 -11.4079 -4.88034 0.84194 -0.0590683 39.2962 
-0.35159 0.0557846 -0.161264 0.00488825 0.428555 
3.26861 -2.6078 -0.280191 1.35044 -0.307131 0.0248069 -0.383427 
1.51325 -0.385264 0.566107 0.0489315 -1.7348 
-48.4699 20.2456 -13.8666 -6.61329 1.15758 -0.0803639 48.5786 
-1.66499 0.458671 -0.601148 -0.0659025 1.85848 
-57.088 25.7803 -15.2626 -9.272 1.82417 -0.145892 55.1007 
-0.460606 0.115043 -0.174503 -0.0132792 0.522804 
-49.5341 22.0723 -13.3269 -7.66173 1.41715 -0.103147 48.0841 
0.72777 -0.174967 0.279871 0.0208725 -0.864282 
-59.6953 26.5399 -16.0119 -9.26054 1.73267 -0.129007 57.7609 
0.021581 0.00266231 0.0169594 -0.00131278 -0.0380116 
-46.3365 20.3677 -12.5962 -6.96906 1.27798 -0.0932422 45.297 
-0.0183086 0.00627096 -0.0178249 -0.00218135 0.0275305 
-48.7295 20.8803 -13.5811 -6.94899 1.23521 -0.0872208 48.1824 
0.945583 -0.239464 0.336571 0.0291977 -1.08544 
-52.7872 23.2989 -14.2567 -8.02208 1.4779 -0.108149 51.3425 
0.429408 -0.100682 0.154861 0.00924493 -0.507076 
-59.3659 26.5037 -16.0223 -9.34467 1.77388 -0.134222 57.5615 
1.24679 -0.31071 0.487655 0.0415772 -1.47789 
-29.5695 12.7824 -8.38163 -4.31909 0.79743 -0.0597457 29.734 
1.94391 -0.492995 0.796191 0.0700452 -2.34808 
-38.6319 17.8275 -10.1742 -6.43934 1.24946 -0.096359 37.2506 
