-1.41721 0.291697 -0.630783 -0.0313099 1.7958 
16.3253 -5.81265 5.1613 1.78669 -0.295477 0.0197942 -16.3281 
-0.531495 0.107556 -0.203749 -0.00917938 0.633617 
11.2255 -3.99832 3.35133 1.26191 -0.212427 0.0140502 -10.789 
0.376166 -0.0695921 0.160234 0.00511511 -0.469417 
-7.08429 3.38865 -1.94531 -1.06739 0.168746 -0.0100569 7.38766 
0.663269 -0.161897 0.252164 0.0205452 -0.775606 
12.0812 -4.85566 3.20324 1.72059 -0.328583 0.0249473 -10.9925 
1.17634 -0.262249 0.462146 0.0271962 -1.40434 
15.3852 -6.09842 4.19172 2.06126 -0.370829 0.0262082 -14.3202 
-0.275315 0.0633677 -0.11432 -0.00995374 0.322671 
22.8743 -9.32138 6.33606 3.18305 -0.58047 0.0417923 -21.6691 
-1.28054 0.35935 -0.38945 -0.0499399 1.34037 
23.1567 -10.2251 5.56874 3.6387 -0.678717 0.0495859 -20.6238 
-0.543217 0.184156 -0.0629538 -0.0289869 0.434014 
13.7439 -5.58708 3.71366 1.9974 -0.391449 0.0306406 -12.6551 
-0.139301 0.0904839 0.135124 -0.0147623 -0.0824597 
-1.24535 1.18765 0.0739592 -0.364787 0.0450111 -0.00130498 1.15115 
-2.46523 0.601425 -0.790821 -0.0704736 2.71802 
-1.61788 2.47808 0.529459 -1.209 0.265003 -0.0208933 0.466723 
1.1916 -0.403879 0.224644 0.0570651 -1.00906 
31.504 -12.9301 8.88475 4.48553 -0.842515 0.0629682 -30.2459 
0.564256 -0.199843 0.0783512 0.0260552 -0.428538 
34.2027 -14.1619 9.47244 4.93278 -0.933979 0.0707455 -32.6546 
0.752587 -0.21832 0.198146 0.0275971 -0.733914 
28.6742 -12.2413 7.55106 4.35701 -0.838395 0.064667 -26.6543 
-0.72552 0.111888 -0.376184 -0.00855273 1.00585 
23.8485 -10.015 6.23276 3.44152 -0.623471 0.0440159 -22.0328 
0.985497 -0.242472 0.317361 0.0317324 -1.08286 
19.5174 -9.17604 4.59656 3.59257 -0.736954 0.0587446 -16.9695 
-1.09539 0.18636 -0.568235 -0.0150287 1.49613 
42.5105 -18.0207 11.3654 6.25395 -1.15938 0.0849809 -40.0923 
0.379951 -0.132089 0.0794493 0.0188986 -0.344868 
-13.8229 6.1994 -4.3167 -2.18584 0.424648 -0.0329204 14.6415 
-2.10621 0.514927 -0.765908 -0.0606328 2.40052 
18.879 -8.71484 4.37569 3.32089 -0.665945 0.0521056 -16.3271 
0.263448 -0.12609 0.0834448 0.0259896 -0.253021 
29.5125 -11.8744 8.00558 3.87128 -0.667659 0.0455788 -27.9547 
-1.24487 0.237752 -0.499633 -0.0224157 1.50918 
23.6625 -8.99771 7.02911 2.86371 -0.488912 0.0333977 -23.1913 
-2.38108 0.441917 -0.661492 -0.0523734 2.25641 
57.9479 -28.1572 13.3529 10.9551 -2.20468 0.170792 -50.7304 
-2.30488 0.385604 -0.655924 -0.0388981 2.21258 
96.3366 -44.2703 23.8171 16.2483 -3.13254 0.236422 -87.8426 
-1.11893 0.151162 -0.136881 -0.0167589 0.723299 
-36.6606 16.8569 -10.0453 -5.89887 1.09866 -0.0809694 36.0291 
-1.16501 0.0817742 -0.242991 0.0029968 0.924375 
31.6585 -14.0136 7.68709 5.22833 -1.05012 0.0834963 -28.2248 
-0.987612 0.0955769 -0.132352 -0.00615126 0.626291 
-45.1142 18.8183 -13.176 -5.97595 1.01055 -0.0680126 45.768 
-1.14944 0.100832 -0.270603 -0.00245666 0.924522 
-45.0903 19.2847 -12.9874 -6.41219 1.15382 -0.0835867 45.3867 
-1.53862 0.190817 -0.423664 -0.017356 1.39218 
27.4554 -14.5346 5.42493 6.27231 -1.38902 0.117354 -22.0313 
-2.18082 0.331504 -0.652145 -0.0281422 2.12328 
-86.2017 37.9572 -23.4915 -12.9805 2.35963 -0.170153 83.7578 
0.38597 -0.259928 0.319237 0.0332393 -0.876613 
0.99709 -2.386 -1.38804 1.75601 -0.481917 0.0450738 2.74093 
1.89132 -0.619613 0.874097 0.0811225 -2.60974 
66.0456 -30.9419 15.8477 11.667 -2.30921 0.178121 -59.1348 
-5.36823 1.09795 -1.93486 -0.124461 5.93771 
4.23267 0.103697 2.01239 -0.320255 0.102268 -0.0109427 -4.90046 
-2.52087 0.433217 -0.780625 -0.0438083 2.51575 
-8.08372 6.34442 -0.925582 -2.80259 0.611284 -0.0509996 6.15201 
-2.83091 0.511045 -0.87164 -0.0518912 2.84591 
-37.8587 19.5901 -8.96202 -7.57849 1.54045 -0.122958 34.6521 
-1.68915 0.24867 -0.411172 -0.0246976 1.47534 
3.29662 -4.2908 -0.915576 2.93635 -0.817479 0.0787395 0.951971 
-1.12377 0.100382 -0.236984 -0.00724517 0.877793 
-23.6896 10.8889 -6.6656 -3.78557 0.715806 -0.0541088 23.8523 
-2.81684 0.608774 -0.782317 -0.0816732 2.67899 
9.49513 -5.03969 1.47702 2.31943 -0.522541 0.0434894 -6.46946 
0.0826125 -0.190179 0.190047 0.027723 -0.498579 
-67.41 32.5859 -16.9813 -12.238 2.43826 -0.190956 63.0479 
0.646983 -0.295298 0.473174 0.0353538 -1.25742 
17.7751 -10.0263 3.04802 4.53512 -1.01809 0.0856627 -13.1189 
-0.8495 0.0540472 -0.0905537 -0.00304893 0.483659 
-23.4626 9.52774 -7.21953 -2.72754 0.395071 -0.0218536 24.7939 
-1.00773 0.137548 -0.103795 -0.0196109 0.587605 
20.8084 -9.14681 4.88632 3.33479 -0.617768 0.0436594 -17.9889 
0.641212 -0.456442 -1.30057 0.0636632 0.946568 
18.7804 -6.17527 7.23895 2.07463 -0.436529 0.0385134 -20.6563 
-1.69055 0.184159 -1.47797 -0.0136907 3.00231 
-7.04339 3.33714 -1.61765 -0.876693 0.0828102 -5.50811e-05 6.96596 
-2.96515 0.517033 -1.54221 -0.0469845 4.11676 
-14.6906 6.82758 -3.97651 -2.27364 0.38193 -0.0241083 14.6176 
-0.925008 0.114973 -0.302311 0.0067232 1.21891 
27.1714 -11.2515 7.16352 3.77535 -0.676639 0.0479066 -25.2894 
-2.3722 0.349955 -0.883864 -0.0196085 3.07565 
-27.814 12.9846 -7.21311 -4.57338 0.832415 -0.0584046 26.7334 
-0.757784 0.253992 -0.0098941 -0.0324454 0.55024 
35.7396 -14.7305 9.86235 5.0324 -0.933419 0.0696405 -34.1401 
-1.71588 0.468499 -0.576452 -0.0701877 1.91328 
22.7641 -8.07001 6.74299 2.30798 -0.354396 0.0221287 -22.4909 
-0.174381 0.0649207 -0.0850681 -0.0115451 0.187639 
-14.1131 7.03734 -3.51145 -2.54705 0.477575 -0.0348377 13.5571 
-2.90537 0.525862 -1.70254 -0.0517565 4.10398 
2.66977 0.421444 1.7507 -0.371837 0.0868576 -0.00657414 -3.70325 
-1.01197 0.215228 -0.765386 -0.0238455 1.48785 
3.02634 -0.391524 1.41942 0.103633 -0.0346922 0.00500108 -3.23965 
0.320731 -0.390586 -0.460938 0.0723743 0.498437 
13.9113 -5.13277 4.2077 1.75913 -0.340343 0.0270888 -13.5067 
-2.40841 0.475227 -1.09478 -0.0507287 3.08978 
24.057 -10.0146 6.2178 3.45962 -0.636929 0.0462436 -22.1767 
-2.08388 0.424467 -0.885146 -0.041631 2.58879 
23.6748 -9.24283 6.62303 3.09276 -0.579054 0.0448245 -22.6691 
-0.69172 0.0173087 -0.431939 0.0175449 1.0968 
-54.0052 24.7932 -14.3614 -8.918 1.69189 -0.12461 51.8166 
0.214108 -0.123608 -0.00796094 0.0277636 -0.0867836 
7.90886 -3.21727 2.06903 1.30458 -0.287061 0.0241898 -6.91386 
-0.161558 0.0256585 -0.117633 -0.00389256 0.25848 
34.8283 -14.7855 9.27879 5.26325 -1.02521 0.0803399 -32.6852 
1.36457 -0.374316 0.486063 0.0479298 -1.53022 
1.60062 -1.06492 0.0165768 0.789982 -0.245599 0.0259891 -0.198364 
-3.12107 0.783458 -1.15642 -0.0945921 3.57068 
1.86323 -0.956982 -0.0492347 0.531109 -0.132882 0.0115844 -0.334332 
0.377316 -0.135845 0.158675 0.0268803 -0.438494 
34.1266 -13.7888 9.70995 4.7419 -0.894239 0.0676913 -33.0461 
-2.95471 0.609561 -1.20618 -0.0605792 3.59126 
-14.073 8.06986 -2.8745 -3.33148 0.723377 -0.0614403 12.4462 
1.28141 -0.244652 1.05734 -0.0110466 -2.7542 
22.7934 -8.28536 6.08314 2.56267 -0.414542 0.0248761 -21.1993 
0.151052 -0.269054 0.34882 0.0314593 -0.928472 
23.0795 -9.34446 5.57011 3.32063 -0.65966 0.052682 -20.4489 
0.467325 -0.273396 0.585915 0.0189587 -1.4493 
74.3285 -32.339 19.1389 11.4583 -2.14909 0.156267 -69.0487 
3.37974 -1.23696 1.54609 0.189053 -4.51916 
50.9267 -23.487 11.978 8.74054 -1.67113 0.120792 -45.091 
-2.72822 0.35381 -0.748441 -0.0233798 2.49478 
50.8196 -27.9241 9.88432 12.3525 -2.83429 0.249059 -41.0247 
1.14703 -0.607436 0.722586 0.0956426 -1.99578 
24.7225 -11.2777 5.35282 4.26383 -0.830002 0.060586 -20.7789 
-3.45562 0.573066 -0.964401 -0.0529642 3.26194 
-12.7055 8.12982 -3.29336 -3.71653 0.871938 -0.078079 12.3073 
-1.67075 0.202746 -0.217424 -0.0182744 1.07286 
-12.8315 5.6752 -4.23623 -1.65773 0.222034 -0.00829301 14.3137 
2.2176 -0.990262 0.993901 0.150495 -2.99192 
6.07792 -1.45725 1.57476 0.364299 -0.025081 -0.00417771 -5.07478 
-8.58175 1.86771 -2.77057 -0.225354 9.02783 
57.6247 -25.231 14.556 8.98071 -1.65346 0.11566 -52.8797 
-2.32023 0.373701 -0.763801 -0.0380824 2.37763 
-1.63114 3.25382 0.725667 -1.508 0.310808 -0.0239119 0.134118 
-2.45658 0.255382 -0.919728 0.00173986 2.74051 
-60.0723 28.3187 -15.1689 -10.031 1.8516 -0.134068 56.4524 
-2.49798 0.525927 -0.691548 -0.0766131 2.36012 
-19.2648 10.3532 -4.52097 -3.84163 0.728151 -0.0534958 17.8764 
-1.8182 0.345741 -0.410632 -0.0530742 1.55413 
-97.3279 47.2339 -24.1079 -17.911 3.59665 -0.282937 90.002 
-2.82828 0.504526 -0.855919 -0.0436836 2.83268 
-4.76116 2.93045 -1.22022 -0.875747 0.113373 -0.00580401 5.11611 
0.781347 -0.400879 0.440356 0.069186 -1.2682 
-59.7535 28.5856 -15.4048 -10.6375 2.09869 -0.163315 56.5528 
-0.0392594 -0.0466439 0.288415 0.00354144 -0.585046 
-35.9473 16.6912 -9.65702 -5.84962 1.0854 -0.0797483 35.0082 
-1.56731 0.293435 -0.282421 -0.0321367 1.18825 
-15.8989 8.53766 -3.95546 -3.15478 0.574833 -0.0375717 15.2464 
-3.57 0.914146 -0.963853 -0.142832 3.36277 
20.6632 -8.85395 5.08067 3.2574 -0.617234 0.0443678 -18.2509 
1.64797 -0.483301 0.935588 0.0501438 -2.53498 
-33.3717 17.2356 -8.15605 -6.86379 1.48172 -0.12707 31.0883 
