-2.20705 0.535778 -0.736338 -0.0631828 2.48797 
15.5291 -4.93166 5.30459 1.32287 -0.186318 0.0104116 -16.1624 
0.527595 -0.10562 0.323069 0.0143011 -0.759452 
12.9439 -3.79282 4.40492 0.873408 -0.0879449 0.00166681 -13.4601 
0.307601 -0.0642458 0.149183 0.00925177 -0.406043 
1.18985 0.873164 0.846735 -0.623931 0.171421 -0.0163999 -1.56795 
1.59421 -0.346885 0.642775 0.0386378 -1.94284 
16.7066 -6.11301 4.80944 1.86178 -0.301141 0.0193466 -16.0855 
1.03142 -0.19895 0.398713 0.0179837 -1.26881 
9.5996 -3.21502 2.86913 0.952724 -0.154193 0.0103058 -9.1681 
-0.610703 0.141281 -0.16038 -0.0147404 0.65474 
-2.73227 3.09392 -0.105413 -1.71042 0.439745 -0.0405147 1.94916 
-2.34703 0.56877 -0.854914 -0.067465 2.70252 
31.7546 -12.8144 8.73856 4.15248 -0.70694 0.0473584 -30.2607 
-0.364787 0.11337 -0.137653 -0.0169474 0.400471 
23.4303 -9.05857 6.73605 2.89813 -0.491915 0.032818 -22.6574 
-0.400875 0.0251891 -0.386635 0.00244843 0.748449 
-4.65114 2.60017 -0.973433 -0.876058 0.151212 -0.010115 4.62879 
-0.191604 -0.0417698 -0.319252 0.0149426 0.506123 
-5.00442 3.68009 -0.658215 -1.57691 0.334734 -0.0266893 4.15294 
0.135656 -0.0595269 -0.0575934 0.00570423 -0.00331025 
17.1478 -6.68564 4.74092 2.19432 -0.381874 0.0263027 -16.0947 
-0.125074 -0.0352495 -0.194409 0.00892846 0.363321 
14.3945 -5.41401 4.10991 1.74624 -0.296085 0.0197679 -13.6266 
0.433324 -0.115155 0.126736 0.0126105 -0.450153 
12.0375 -4.7108 3.17455 1.58482 -0.284498 0.0205393 -10.8939 
-1.36079 0.263114 -0.58795 -0.0253334 1.7052 
16.6062 -5.91804 4.7554 1.67794 -0.241853 0.0133397 -15.9632 
0.390355 -0.088755 0.147018 0.0148582 -0.46133 
43.9177 -18.5902 11.9531 6.43993 -1.18916 0.0867642 -41.6897 
-0.0130599 -0.0550078 -0.0684539 0.0157208 0.114934 
33.0933 -13.895 8.9234 4.82161 -0.896198 0.06634 -31.1533 
0.170954 -0.0925445 0.00262417 0.0175527 -0.105949 
6.63209 -1.92603 2.0193 0.503585 -0.0711473 0.00452753 -6.21775 
-0.49808 0.103874 -0.191668 -0.0105284 0.578765 
6.69226 -2.80449 1.41636 1.06094 -0.216907 0.0179141 -5.21953 
-0.0363416 -0.102052 -0.162586 0.0274017 0.260652 
29.2385 -11.6029 8.37245 3.86011 -0.699272 0.0513885 -28.2842 
-0.679276 0.0689457 -0.404124 0.000349497 0.995471 
18.751 -5.92915 6.10523 1.40669 -0.144937 0.00334445 -19.2547 
-0.222828 0.060265 -0.131873 -0.0137931 0.331356 
-26.3356 10.2605 -8.23258 -3.07936 0.494055 -0.0312118 27.9759 
-1.03153 0.214808 -0.45935 -0.0246623 1.31748 
-57.8391 25.1301 -15.9668 -8.61866 1.5905 -0.116781 56.802 
-0.63884 0.152456 -0.236887 -0.017469 0.743374 
-11.4191 6.21156 -2.62092 -2.38457 0.474924 -0.0365794 10.753 
-0.65576 0.127412 -0.282697 -0.0110546 0.824711 
-58.8162 25.6793 -16.2242 -8.88919 1.66168 -0.123977 57.685 
-0.358892 0.0607024 -0.168886 -0.00359247 0.475457 
-48.0084 20.6373 -13.4405 -6.96999 1.27 -0.0924821 47.5926 
-0.330849 0.0767476 -0.163972 -0.0106495 0.421878 
-58.1742 25.1229 -16.1154 -8.50863 1.5418 -0.111098 57.2261 
-0.400602 0.0775255 -0.210136 -0.00939268 0.533442 
-35.2146 14.6916 -10.2517 -4.79182 0.844758 -0.059623 35.7799 
-0.685878 0.116831 -0.340361 -0.0108461 0.912908 
-11.2198 4.98216 -3.26138 -1.55356 0.249048 -0.0152203 11.7976 
0.211749 -0.0793013 0.0542566 0.0138492 -0.210974 
-53.0255 22.7652 -14.7982 -7.68883 1.40154 -0.102486 52.432 
-0.415486 0.0501753 -0.160605 0.00815358 0.490649 
1.31234 -2.03314 -0.856531 1.31218 -0.337342 0.030496 1.61324 
0.801856 -0.255549 0.17829 0.035937 -0.747999 
-11.0457 4.3196 -3.57722 -1.25723 0.21142 -0.0152934 12.3528 
1.07554 -0.27698 0.419748 0.0372793 -1.26416 
-39.3474 16.7275 -11.1573 -5.52041 0.977942 -0.068908 39.3406 
-0.409369 0.117439 -0.149232 -0.0167456 0.448211 
-36.1748 15.6364 -10.0804 -5.21712 0.930462 -0.0660605 35.928 
-0.402464 0.106044 -0.140023 -0.0146149 0.437526 
-47.5893 21.0395 -12.9207 -7.26138 1.3459 -0.0995285 46.4398 
0.109763 -0.033038 0.028055 0.00388318 -0.106154 
-43.8532 19.1147 -12.0017 -6.46297 1.16962 -0.0841845 43.0672 
0.0478672 -0.0165091 -0.00943933 0.000198108 -0.0267687 
-43.8383 19.5104 -11.8765 -6.77488 1.25922 -0.092935 42.7805 
0.695495 -0.186745 0.216516 0.0236983 -0.764789 
-48.8627 21.1794 -13.4584 -7.12909 1.27958 -0.0909588 48.041 
1.02484 -0.29204 0.305437 0.0381507 -1.0849 
-31.741 13.3289 -9.16177 -4.35428 0.772175 -0.0552668 32.1924 
0.538066 -0.156036 0.168025 0.0208767 -0.588109 
-54.8675 24.6956 -14.6029 -8.66014 1.61657 -0.119036 52.9192 
0.151858 -0.0704398 0.0920492 0.0173382 -0.224771 
-3.2542 0.116223 -1.93029 0.507114 -0.174164 0.016714 5.73233 
0.153612 -0.392874 -1.38266 0.0684221 1.48738 
18.4019 -4.95355 7.47235 1.08922 -0.119482 0.00480813 -21.0174 
-3.1807 0.548181 -2.04905 -0.0558305 4.7363 
7.54925 -2.15536 2.71735 0.643983 -0.12169 0.0102933 -7.76915 
-2.47333 0.462323 -1.25142 -0.0463029 3.35485 
2.6177 -0.358409 0.929694 0.0742688 -0.0154446 0.00146137 -2.37399 
-1.04608 0.188986 -0.324845 -0.0154114 1.27107 
11.7478 -4.9481 3.06046 1.84765 -0.369535 0.0288353 -10.476 
-3.0129 0.776565 -0.800334 -0.0983961 3.22266 
11.5594 -4.57945 3.27637 1.6758 -0.340229 0.0275903 -10.7251 
-1.33374 0.248445 -0.76984 -0.0251927 1.85294 
22.0473 -8.17757 6.37757 2.39717 -0.35271 0.0190756 -21.4098 
-1.39774 0.384185 -0.481612 -0.0510531 1.51623 
37.6943 -15.3094 10.3651 4.98607 -0.856339 0.0581468 -36.0215 
2.48435 -0.428008 1.39742 0.0379536 -3.506 
21.9534 -8.61679 6.30745 2.88106 -0.52347 0.0379401 -21.1554 
5.73584 -1.10383 3.12589 0.11558 -7.86315 
-9.4389 3.95385 -2.82907 -1.11358 0.153711 -0.0074506 10.1529 
2.15993 -0.30289 1.8563 0.0299014 -3.70199 
-18.2159 7.78567 -5.48321 -2.50149 0.419812 -0.0272393 18.9201 
0.6535 -0.161997 0.22647 0.0168028 -0.708506 
18.0686 -6.83835 5.23617 2.18665 -0.372299 0.0251798 -17.3607 
0.872557 -0.234263 0.294982 0.0281997 -0.940322 
10.4206 -3.90048 2.96498 1.32637 -0.242363 0.0177026 -9.66293 
0.553103 -0.133687 0.216563 0.0155374 -0.645108 
16.322 -6.73599 4.21533 2.3366 -0.432933 0.0321787 -14.8054 
-1.51454 0.287249 -0.67374 -0.0257158 1.92124 
5.29524 -0.645744 1.89352 -0.287037 0.148888 -0.0173735 -5.46767 
-0.873865 0.200671 -0.397217 -0.0195947 1.09075 
33.2816 -14.1606 9.00787 4.99607 -0.945143 0.0712387 -31.3403 
-0.708548 0.111153 -0.389452 -0.00757485 0.986167 
29.3843 -12.0936 8.02542 4.12777 -0.754212 0.0546637 -27.7808 
-0.417004 0.0535116 -0.234753 -0.00102973 0.591007 
13.027 -4.41788 3.85709 1.21949 -0.16794 0.00855791 -12.5758 
-0.983172 0.194654 -0.380725 -0.0141669 1.1663 
9.19078 -3.86592 2.07162 1.37862 -0.256823 0.0188206 -7.58884 
0.621271 -0.249537 0.186993 0.0459962 -0.611829 
26.4068 -10.1693 7.67156 3.27506 -0.574589 0.0411842 -25.7127 
-0.0153626 -0.0531572 0.0203001 0.0142986 0.022729 
19.8567 -6.60744 6.28515 1.7143 -0.215622 0.0094549 -20.1065 
2.39953 -0.621775 0.639598 0.081367 -2.49356 
-15.3252 5.8314 -4.89281 -1.58273 0.219206 -0.0109289 16.7651 
1.30484 -0.306567 0.363569 0.0403505 -1.40166 
16.4618 -5.67973 4.95397 1.66293 -0.257935 0.0154296 -16.1289 
0.317854 -0.0516764 0.00329305 0.00136765 -0.255465 
-72.5373 35.0691 -18.3653 -13.6709 2.90697 -0.248548 67.8528 
-0.590642 0.151949 -0.303315 -0.0195427 0.775065 
-40.4233 17.3048 -11.5136 -5.88379 1.10662 -0.0849297 40.482 
0.402768 -0.127407 0.0630895 0.0246121 -0.3384 
-14.6112 6.94957 -3.77715 -2.33453 0.40854 -0.0286153 14.3742 
-0.257156 0.0346343 -0.169108 -0.00161697 0.412105 
-62.4458 28.1526 -16.8354 -10.139 1.97001 -0.151188 60.4323 
-0.424388 0.072097 -0.269834 -0.00837339 0.636 
-42.4945 18.3773 -11.9484 -6.27688 1.15855 -0.0852316 42.253 
0.0887876 -0.0683759 -0.0713372 0.0119116 0.04287 
-10.6853 4.95037 -3.02416 -1.62704 0.280333 -0.0183911 11.0993 
-0.499925 0.113438 -0.259489 -0.0144143 0.654765 
7.07429 -3.43917 1.57355 1.57703 -0.365361 0.0313999 -5.4801 
-0.100512 0.0257494 -0.0883821 -0.0027108 0.147044 
-24.9325 9.65922 -7.7474 -2.82787 0.452527 -0.0300634 26.4377 
0.778268 -0.245819 0.176419 0.0344314 -0.732524 
6.38283 -2.96932 1.48305 1.31394 -0.299139 0.0263105 -4.96206 
1.00346 -0.225633 0.429344 0.0263859 -1.24406 
-47.8863 20.903 -13.2247 -7.12453 1.29665 -0.0931769 47.0791 
-0.669528 0.153779 -0.291891 -0.0173393 0.815104 
-31.3659 13.2818 -8.95876 -4.29537 0.733844 -0.0489277 31.613 
-0.23156 0.044539 -0.0987166 -0.0034943 0.273253 
-43.543 19.0189 -11.9161 -6.42822 1.15715 -0.0826978 42.7489 
0.194346 -0.0432505 0.0905478 0.00606342 -0.250602 
-38.7928 16.793 -10.7669 -5.66428 1.03195 -0.0752695 38.4307 
-0.135393 0.0243963 -0.0715809 -0.00131728 0.179845 
-38.8405 17.2712 -10.5524 -5.97591 1.10897 -0.0817524 38.0399 
-0.0188225 0.0131985 -0.0315055 -0.00544845 0.0331327 
-49.3278 21.7771 -13.3726 -7.47394 1.36482 -0.0983707 48.0919 
0.846591 -0.254592 0.255795 0.0339846 -0.888358 
-31.8046 16.0394 -7.69456 -6.18108 1.25148 -0.098229 29.4645 
1.71567 -0.452968 0.618646 0.0599369 -1.9445 
-40.695 17.2162 -11.5705 -5.69825 1.01826 -0.0731461 40.7833 
-0.919596 0.149854 -0.373459 -0.00591776 1.12358 
-37.9421 17.6002 -10.0632 -6.40481 1.25028 -0.0968273 36.6779 
