0.0294241 -0.0247703 0.0147378 -0.00491759 0.000840111 -5.69108e-05 -0.0144013 
0.107144 -0.0413501 0.0362083 0.0140356 -0.00278412 0.000261484 -6.69875e-06 -0.111421 
0.0150239 -0.0125667 0.00752732 -0.00248999 0.000415917 -2.71342e-05 -0.00692126 
0.0420881 -0.0154767 0.0140954 0.0044862 -0.000487537 -5.38033e-05 1.20765e-05 -0.0426291 
0.00776061 -0.00610623 0.00356405 -0.00113781 0.000182744 -1.1432e-05 -0.0032053 
0.00458326 0.00193287 0.00332326 -0.00275063 0.00135439 -0.000300745 2.52501e-05 -0.00612093 
0.000486285 0.000736986 -0.000854995 0.000470443 -0.000116752 1.06009e-05 0.000372986 
0.00412327 0.00102253 0.0025081 -0.00201471 0.00112184 -0.000271884 2.44394e-05 -0.00443121 
0.00208081 -0.00125161 0.000512131 -2.40235e-05 -2.68824e-05 4.12351e-06 -0.000148434 
-0.0488966 0.0300452 -0.00943571 -0.0158335 0.00514993 -0.000898365 6.39123e-05 0.0418958 
9.2681e-05 0.000681612 -0.000494481 0.000229394 -5.57136e-05 5.27683e-06 0.00039893 
0.0489963 -0.0229969 0.0130809 0.00915093 -0.0020354 0.000202488 -4.32018e-06 -0.0442945 
-0.00120762 0.00243014 -0.00191064 0.000815113 -0.000172351 1.41505e-05 0.000943453 
0.00651673 0.00182401 0.00362586 -0.00360809 0.00196763 -0.000463573 4.0307e-05 -0.00780943 
-0.000637867 0.00187164 -0.00142027 0.000593065 -0.000124442 1.01818e-05 0.000669543 
0.0398845 -0.0168546 0.0115019 0.00584468 -0.00102486 4.79573e-05 4.71214e-06 -0.0373325 
-0.00540769 0.00729738 -0.00528538 0.0020539 -0.000396493 2.97382e-05 0.00274394 
0.103245 -0.0458634 0.0300203 0.0179336 -0.00421209 0.000510662 -2.33851e-05 -0.0995451 
-0.00691458 0.00892127 -0.00640288 0.00247544 -0.000475401 3.54227e-05 0.0034689 
0.26284 -0.122959 0.0755309 0.0524585 -0.0140594 0.00204927 -0.000122542 -0.253593 
0.00107142 -0.000230052 -0.000190346 0.000113277 -1.92836e-05 8.77405e-07 -0.00136822 
0.125086 -0.0494533 0.0416974 0.0174349 -0.00365302 0.000378038 -1.2831e-05 -0.12895 
0.00215755 -0.0025544 0.00159032 -0.000526736 8.8148e-05 -5.79207e-06 -0.0014713 
0.00754945 0.00290654 0.00614544 -0.00392962 0.00187549 -0.000411267 3.44823e-05 -0.0117052 
0.00797904 -0.00987153 0.00714557 -0.00270788 0.00050356 -3.60337e-05 -0.00384286 
0.0617468 -0.0277478 0.0166629 0.0102729 -0.00203546 0.000158081 7.86889e-07 -0.0565816 
0.00462233 -0.00618104 0.00439606 -0.00160821 0.000284349 -1.89737e-05 -0.00236238 
0.044606 -0.0203568 0.0117574 0.00765475 -0.00151652 0.000111601 1.80936e-06 -0.0398077 
0.00721527 -0.00891972 0.00622649 -0.00227578 0.000405795 -2.74808e-05 -0.00361654 
0.0741026 -0.0357011 0.0188965 0.0144933 -0.00335912 0.000374701 -1.33494e-05 -0.0663356 
0.0156892 -0.0174858 0.0119716 -0.00438239 0.000796403 -5.59326e-05 -0.00712818 
0.108543 -0.050482 0.0283996 0.0200612 -0.00467544 0.00054594 -2.25785e-05 -0.0998275 
0.0114847 -0.012828 0.00858961 -0.00306476 0.000541634 -3.68416e-05 -0.00534714 
0.0578621 -0.0226541 0.0166155 0.00658549 -0.000659983 -9.55036e-05 1.9117e-05 -0.0551878 
0.00817771 -0.00955369 0.00644917 -0.00232577 0.00041699 -2.88179e-05 -0.00394963 
0.085983 -0.0379744 0.0233723 0.0140414 -0.00292818 0.000279154 -6.23989e-06 -0.0803325 
0.000231734 -0.00175594 0.00142682 -0.000574879 0.00011281 -8.40824e-06 -0.000440929 
0.0914792 -0.0389708 0.0266782 0.0142821 -0.0030589 0.000324195 -1.1591e-05 -0.088333 
0.000775169 -0.00275793 0.0023424 -0.000988768 0.000200403 -1.54044e-05 -0.000682128 
0.207936 -0.0916784 0.062083 0.0366957 -0.00923928 0.00127318 -7.2449e-05 -0.20458 
-3.98134 4.84007 -2.75378 0.614401 -0.0339633 -0.00263569 2.11219 
30.5153 -13.4118 9.3372 5.46767 -1.42118 0.206385 -0.012622 -29.8036 
-4.38185 4.87507 -2.75017 0.681524 -0.063229 0.000649439 2.39486 
27.3459 -13.7964 7.20965 6.38463 -1.86085 0.296822 -0.0194735 -24.6723 
-2.34488 2.69497 -1.33774 0.237209 0.00244946 -0.00296532 1.48248 
28.9787 -14.9411 7.5358 7.10047 -2.12121 0.343756 -0.0226448 -25.9861 
-1.33343 1.81383 -0.915668 0.178483 -0.00445234 -0.00139948 0.974019 
25.2283 -12.4259 6.94441 5.75773 -1.70607 0.278237 -0.0186266 -23.1735 
1.19393 -0.350208 0.261006 -0.135223 0.0324701 -0.00273477 -0.301012 
40.4723 -20.7378 10.379 9.70191 -2.85457 0.457117 -0.0299028 -36.5043 
0.462692 0.392651 -0.396812 0.211507 -0.0505281 0.0043102 0.0430157 
45.3451 -23.8951 11.2769 11.4039 -3.39832 0.54858 -0.036127 -40.3592 
1.47983 -0.372944 -0.0928646 0.204059 -0.0681687 0.00676565 -0.481661 
44.6359 -22.9853 11.3975 10.7531 -3.14864 0.50021 -0.0324439 -40.218 
3.09673 -1.89298 0.832521 -0.0742377 -0.0279486 0.00449566 -1.24297 
39.1239 -19.9807 10.0938 9.31075 -2.72302 0.433214 -0.0281861 -35.333 
4.70251 -3.30034 1.58104 -0.229942 -0.0219159 0.00550344 -1.99192 
38.9732 -20.1127 9.95008 9.49871 -2.8257 0.458797 -0.0305376 -35.0055 
6.62349 -5.42723 2.94575 -0.626066 0.0276072 0.00358668 -2.75608 
43.0808 -23.353 10.2317 11.1417 -3.24058 0.504272 -0.0318825 -37.418 
2.39315 -1.09789 1.6332 -1.11114 0.299551 -0.0273947 -0.0929627 
44.9061 -24.6833 10.5878 11.9922 -3.58127 0.574709 -0.0375202 -38.7934 
-1.87545 3.59083 -1.96861 0.417938 -0.0175498 -0.0025046 1.75692 
6.49616 -2.91712 2.37681 1.41905 -0.469754 0.0879692 -0.00664008 -6.04649 
-1.15473 2.52238 -1.29824 0.256366 -0.0071722 -0.00186796 1.43999 
-1.59655 0.0205595 -0.288444 0.542829 -0.316099 0.0725564 -0.00578816 2.50362 
-0.43014 1.76971 -0.913417 0.185305 -0.00668699 -0.00118271 1.01148 
36.9375 -20.2734 9.08239 10.0394 -3.07417 0.505175 -0.0336169 -32.2533 
0.882194 0.687238 -0.473571 0.153882 -0.0241788 0.00153005 0.237104 
25.9761 -14.2786 6.37214 7.06557 -2.1517 0.350954 -0.023126 -22.399 
2.23749 -0.728613 0.374779 -0.0713759 0.00130189 0.000585478 -0.315338 
44.5588 -23.4026 11.3655 11.1804 -3.33838 0.540044 -0.0356418 -39.9295 
2.27228 -0.847943 0.374016 -0.012621 -0.0213685 0.00301834 -0.384675 
-1.78175 0.113438 -0.196773 0.666683 -0.432323 0.105969 -0.00897702 2.47247 
4.13707 -2.79562 1.5496 -0.357857 0.0258127 0.000642824 -1.28462 
-2.02363 0.451597 -0.184877 0.39853 -0.329821 0.0885998 -0.00797879 2.53184 
5.43781 -4.19607 2.34927 -0.543863 0.0382779 0.00118792 -1.89688 
27.6454 -15.5988 6.68218 7.9528 -2.49375 0.417298 -0.0281006 -23.6528 
7.94577 -7.28845 4.56324 -1.33324 0.175593 -0.00811982 -2.93968 
-4.16231 0.324616 -1.36926 0.850528 -0.510906 0.11769 -0.0096547 5.70538 
-0.0797954 0.071945 -0.0434956 0.0147066 -0.00254562 0.000174825 0.0399323 
-0.0574016 0.0320977 -0.0118414 -0.0153988 0.00459803 -0.000745028 4.98163e-05 0.0507197 
-0.0368996 0.0343548 -0.0210793 0.00722435 -0.00126659 8.81283e-05 0.0185136 
0.00728809 0.00195549 0.00463674 -0.00359009 0.00189168 -0.000436266 3.72902e-05 -0.00975473 
-0.00918246 0.0102741 -0.00677433 0.00244025 -0.000444161 3.18929e-05 0.00461372 
0.00529201 0.00147218 0.00339295 -0.00246734 0.00123552 -0.000272613 2.26395e-05 -0.00664272 
0.00627743 -0.00271009 0.000568473 0.000160319 -9.04133e-05 1.07035e-05 -0.00322912 
0.00750757 0.000838883 0.00350614 -0.00309143 0.00185607 -0.000461529 4.18085e-05 -0.00811951 
0.0198768 -0.014851 0.00786717 -0.00229121 0.000331092 -1.80285e-05 -0.00991436 
0.00456182 -5.99472e-05 0.00193523 -0.00139552 0.000975576 -0.000259514 2.43993e-05 -0.00368783 
-0.000599634 0.00121094 -0.000739235 0.000281084 -5.89627e-05 5.07125e-06 0.000758228 
0.0052078 0.00153552 0.00323882 -0.00278624 0.00148152 -0.000341691 2.90935e-05 -0.00626941 
-0.000673333 0.00168647 -0.00126805 0.000526259 -0.000109774 9.01703e-06 0.000742567 
0.00676116 0.00187019 0.00380417 -0.00367331 0.00199405 -0.000469421 4.08674e-05 -0.00823513 
0.000403698 0.000865567 -0.000770883 0.000359334 -8.14449e-05 7.05444e-06 0.000178684 
0.0844968 -0.0427844 0.0212786 0.0190514 -0.00513762 0.000730614 -4.11978e-05 -0.0755256 
-0.00172583 0.00362037 -0.00283438 0.00115317 -0.000228764 1.74795e-05 0.00103124 
0.0970816 -0.042814 0.0284251 0.0165245 -0.00377106 0.000429254 -1.69214e-05 -0.0937947 
-0.000888457 0.00346452 -0.00310513 0.00138009 -0.000292445 2.34544e-05 0.000533233 
0.288552 -0.136154 0.0817189 0.0582499 -0.0155905 0.00226363 -0.000134691 -0.276749 
0.00201014 -0.00132756 0.000660802 -0.000250366 5.90721e-05 -5.64013e-06 -0.00176958 
0.132628 -0.054861 0.0429109 0.0206275 -0.00474882 0.000568429 -2.55801e-05 -0.134564 
0.00245433 -0.00293296 0.00189583 -0.000650146 0.000110011 -7.08665e-06 -0.00159217 
0.0685366 -0.0337228 0.0190763 0.0154768 -0.004473 0.000704277 -4.50343e-05 -0.0630808 
0.0071237 -0.00908434 0.00671549 -0.00259657 0.00049149 -3.56601e-05 -0.00344465 
0.0533196 -0.0248837 0.0141407 0.00987546 -0.00223879 0.000246049 -8.74405e-06 -0.0479811 
0.0058104 -0.00743376 0.0052424 -0.00191536 0.000338394 -2.25056e-05 -0.00288631 
0.00757202 0.000915346 0.0036474 -0.00293778 0.00168793 -0.000405165 3.57915e-05 -0.00806336 
0.00704534 -0.00881217 0.00621735 -0.00230607 0.000419531 -2.91887e-05 -0.00352699 
0.0518866 -0.0232094 0.0140383 0.00850175 -0.0016323 0.000112037 2.77019e-06 -0.0472495 
0.0151461 -0.0168066 0.0114481 -0.00417313 0.000755854 -5.29294e-05 -0.006911 
0.115075 -0.0537883 0.0299997 0.0215058 -0.0050543 0.000597011 -2.52115e-05 -0.105765 
0.0115699 -0.0129825 0.00872974 -0.00312366 0.000553123 -3.76818e-05 -0.0053735 
0.0111959 0.00339406 0.00607576 -0.00612659 0.00314988 -0.000708521 5.93777e-05 -0.0145661 
0.00730618 -0.00867885 0.00586913 -0.00210862 0.000374413 -2.55284e-05 -0.00355332 
0.0886309 -0.0411603 0.0234107 0.0165888 -0.00403144 0.00051517 -2.55424e-05 -0.0814938 
0.000830703 -0.00262516 0.00213246 -0.000854338 0.000163659 -1.17689e-05 -0.000646999 
0.0836157 -0.0351879 0.0246087 0.0126467 -0.0026046 0.000252688 -6.78091e-06 -0.0809369 
-0.000853619 -0.00130828 0.00151213 -0.000736238 0.000162783 -1.32603e-05 0.000112602 
0.210452 -0.0920796 0.0629649 0.0363129 -0.00894112 0.00119688 -6.57545e-05 -0.207421 
-8.89917 9.01445 -5.24228 1.45701 -0.181368 0.00765501 4.6777 
-0.565434 -0.109969 -0.0173631 0.32606 -0.156973 0.0342207 -0.00279841 1.37469 
-7.0294 7.03824 -4.05387 1.14028 -0.146751 0.0066477 3.83406 
1.71484 0.138832 1.25978 -0.284656 0.11409 -0.018621 0.00113055 -2.04205 
-3.92417 3.93694 -2.07235 0.494547 -0.0446331 0.000451798 2.36413 
46.7962 -24.1736 11.872 11.3101 -3.31262 0.527751 -0.0344741 -42.0993 
-2.47358 2.67268 -1.36207 0.309603 -0.0246788 -0.000104854 1.60509 
42.4704 -21.5205 11.0096 9.88479 -2.82911 0.437145 -0.027446 -38.5419 
0.520814 0.182217 -0.0214255 -0.0502247 0.0190504 -0.00187129 0.0572531 
20.992 -10.5298 5.68401 4.97043 -1.49052 0.24393 -0.0162056 -18.9738 
1.53959 -0.861036 0.527657 -0.148827 0.0185494 -0.000810601 -0.411255 
50.2412 -26.6824 12.3778 12.8083 -3.83773 0.623248 -0.0413503 -44.6034 
1.50024 -0.425604 -0.0390295 0.177205 -0.0615938 0.00615032 -0.484541 
35.9575 -18.4603 9.32275 8.70124 -2.57649 0.414255 -0.0271573 -32.433 
2.48286 -1.22939 0.381517 0.0856055 -0.0553588 0.00628836 -0.975002 
36.601 -17.5525 9.91863 7.6289 -2.07369 0.307102 -0.0186875 -33.9122 
5.11134 -3.84084 2.04865 -0.444112 0.0251745 0.00164069 -2.15842 
51.0253 -26.5228 12.7921 12.4897 -3.68872 0.593855 -0.0392872 -45.7428 
6.50843 -5.4036 2.9799 -0.650318 0.0328002 0.00322793 -2.68051 
11.6482 -5.7478 3.23134 2.61077 -0.727932 0.110762 -0.00690262 -10.2125 
2.18769 -0.834135 1.42149 -1.02467 0.283257 -0.0263031 -0.0104506 
37.7582 -20.9099 8.8214 10.1614 -3.00756 0.474232 -0.0301628 -32.301 
-2.65626 4.38297 -2.49591 0.609148 -0.0527394 6.81332e-05 2.11499 
-0.395274 0.0204644 0.242451 0.282018 -0.192799 0.0509399 -0.00456895 0.939791 
-0.409666 1.58591 -0.553983 -0.0536498 0.0555312 -0.00670468 1.13606 
-0.675704 0.055108 0.201923 0.335572 -0.221368 0.0561301 -0.00488098 1.18466 
0.670308 0.584754 -0.117453 -0.0954893 0.0419148 -0.00441861 0.53415 
27.0568 -15.362 6.37971 7.75758 -2.39573 0.394856 -0.0262798 -22.8715 
2.04108 -0.66372 0.544122 -0.258885 0.0586455 -0.00486698 -0.25317 
-1.67275 -0.0878483 -0.387546 0.710445 -0.404292 0.0921667 -0.00736768 2.66256 
1.9232 -0.437528 0.192324 -0.00566064 -0.011286 0.00157696 -0.164382 
-10.7299 6.66863 -1.6322 -3.25402 0.934506 -0.13932 0.00840254 9.07505 
2.79907 -1.38337 0.711343 -0.12173 -0.00444522 0.00199973 -0.619481 
-0.247235 0.186944 0.500787 0.193354 -0.174051 0.0491122 -0.00453926 0.438996 
3.78492 -2.48878 1.37785 -0.305227 0.017458 0.00118742 -1.11393 
30.3237 -16.7904 7.41647 8.36475 -2.56196 0.419414 -0.0277565 -26.2181 
5.32504 -4.21502 2.46658 -0.628177 0.0616783 -0.00106687 -1.82165 
-2.94503 0.353785 -0.699013 0.652661 -0.430526 0.102214 -0.00832041 3.89325 
7.8404 -7.0223 4.26775 -1.18464 0.142151 -0.00544322 -2.91872 
-2.78209 0.315236 -0.745089 0.565305 -0.369316 0.0901066 -0.00770339 3.88563 
