-1.67778 0.387674 -0.597134 -0.0432525 1.94387 
15.1974 -4.88274 5.0881 1.30469 -0.176763 0.00888583 -15.6534 
0.469411 -0.0956174 0.273499 0.0128173 -0.66145 
10.1963 -2.76113 3.55349 0.571211 -0.0417615 -0.00105469 -10.6353 
0.223792 -0.0302616 0.122369 0.0016285 -0.31985 
-5.5003 3.7847 -0.980317 -1.64387 0.363073 -0.0304873 4.87783 
1.39323 -0.316304 0.540251 0.0360817 -1.66039 
13.689 -4.77523 4.04309 1.39612 -0.214605 0.0128976 -13.2586 
0.490278 -0.0736613 0.201686 0.00389761 -0.636684 
13.5978 -4.8788 3.99642 1.51033 -0.253719 0.0171839 -13.0945 
-0.872937 0.206909 -0.293799 -0.0238012 0.986239 
5.37184 -0.249833 2.26787 -0.591742 0.240143 -0.0266255 -6.11807 
-2.09998 0.514426 -0.757135 -0.060754 2.39688 
38.91 -16.0841 10.5804 5.35195 -0.940668 0.0651915 -36.9691 
-0.468359 0.16827 -0.106179 -0.0276222 0.424541 
26.6472 -10.7608 7.50006 3.61935 -0.649829 0.0461582 -25.5166 
0.592991 -0.167984 0.160077 0.0223012 -0.615293 
7.53557 -2.57023 2.45581 0.905379 -0.180241 0.0143589 -7.2855 
-0.692002 0.146888 -0.290367 -0.0130658 0.823706 
-3.85549 3.14749 -0.431306 -1.4415 0.329414 -0.0283095 3.19058 
-0.302741 -0.0302715 -0.425579 0.00901249 0.76482 
21.5702 -8.32129 6.2677 2.73108 -0.485954 0.0348523 -20.8487 
-0.649954 0.0857636 -0.444048 -0.00679603 1.02867 
23.9575 -9.97414 6.52293 3.51767 -0.669173 0.0509695 -22.4678 
0.171446 -0.0728645 -0.00459364 0.0101093 -0.0954646 
6.52797 -2.35753 1.64495 0.781487 -0.138487 0.0100603 -5.54421 
-1.39544 0.27698 -0.594257 -0.0282899 1.73909 
11.9706 -4.19896 3.3869 1.21127 -0.180775 0.0105956 -11.2796 
0.294414 -0.0750204 0.122517 0.0148249 -0.350386 
35.2908 -14.9785 9.57092 5.2491 -0.982895 0.0729936 -33.3075 
0.513663 -0.192187 0.118575 0.0341756 -0.481063 
28.7608 -12.1241 7.67426 4.24024 -0.793976 0.0593683 -26.8558 
0.17227 -0.0789255 0.0157285 0.0131686 -0.12882 
11.5749 -3.9727 3.38318 1.15398 -0.173884 0.0101696 -11.0288 
-0.420482 0.0568476 -0.186057 0.000351198 0.532834 
0.701973 -0.028916 -0.164913 -0.0211194 0.0187218 -0.00274121 0.441835 
-0.144192 -0.0572347 -0.158532 0.019566 0.328961 
25.6331 -10.0213 7.34359 3.2726 -0.576199 0.0407408 -24.7553 
-0.465627 0.0242246 -0.273979 0.00685181 0.69065 
21.4846 -7.51733 6.58796 2.08093 -0.285099 0.0140464 -21.4271 
1.58699 -0.44465 0.47784 0.0574594 -1.6405 
-44.5009 17.8446 -13.3898 -5.66681 0.986523 -0.0698326 45.815 
-1.49718 0.321795 -0.606563 -0.0326097 1.81742 
-46.7176 20.0629 -13.1921 -6.80466 1.24568 -0.0907662 46.5055 
-0.161511 0.0155373 -0.0850734 0.000827816 0.237945 
-46.7954 20.3822 -13.0324 -7.01625 1.30483 -0.0963306 46.2489 
-0.615997 0.129334 -0.252298 -0.0128475 0.752013 
-26.0264 10.3604 -7.91331 -3.1426 0.515829 -0.0341872 27.2402 
-0.253767 0.0323671 -0.126598 0.000351383 0.349744 
-44.4119 19.3019 -12.3756 -6.60517 1.21926 -0.0895856 43.9583 
-0.010944 0.00931231 -0.0294333 -0.00318423 0.032506 
-44.3842 18.9484 -12.5534 -6.31076 1.12626 -0.0799872 44.2582 
0.266698 -0.0891903 0.0317642 0.011756 -0.224578 
-31.1005 13.269 -8.99909 -4.47388 0.828675 -0.0621148 31.5445 
1.37131 -0.347436 0.46231 0.0412818 -1.52509 
-34.4929 15.3996 -9.59002 -5.44692 1.0437 -0.0794893 34.1887 
0.166462 -0.0306923 0.0400638 -0.000275642 -0.174635 
-8.10832 4.73312 -1.83978 -1.8719 0.379121 -0.0292136 7.7356 
-0.205067 0.0153784 -0.135171 0.00199859 0.30895 
-14.7627 5.06602 -5.20543 -1.20721 0.136982 -0.00444853 17.0118 
0.435897 -0.122075 0.0902094 0.0121366 -0.40177 
11.4519 -5.40815 2.59759 2.17011 -0.442298 0.0346186 -9.42763 
-0.50463 0.0763078 -0.21673 -0.000244894 0.630367 
-28.2222 13.0141 -7.46674 -4.64171 0.894681 -0.0685766 27.4637 
-1.0535 0.262389 -0.377152 -0.0308941 1.18503 
-34.4719 15.7893 -9.13773 -5.58829 1.05794 -0.0798823 33.4065 
0.486797 -0.122402 0.186251 0.0159155 -0.577184 
-47.8253 21.5697 -12.7727 -7.60368 1.43173 -0.106352 46.2765 
-0.258238 0.0800684 -0.070077 -0.0112967 0.255241 
-35.0522 15.3541 -9.70738 -5.21587 0.948713 -0.0681986 34.72 
0.000259474 -0.0115206 -0.0383103 0.00168737 0.0462367 
-40.2633 17.7657 -11.0381 -6.11968 1.13606 -0.0843446 39.5835 
-0.00187955 0.0282954 -0.00957636 -0.0104319 -0.0196093 
-37.2366 16.7197 -10.0792 -5.84608 1.09524 -0.081447 36.4054 
0.458727 -0.117003 0.128339 0.0108502 -0.489566 
-34.9313 15.1314 -9.78 -5.0638 0.90109 -0.0634309 34.8028 
0.548944 -0.117248 0.200839 0.0107588 -0.65125 
-38.6644 17.8544 -10.3058 -6.53445 1.30049 -0.104038 37.4508 
0.0552296 -0.0871112 -0.0495737 0.020611 0.0415788 
-16.8954 7.62034 -4.64476 -2.55888 0.461147 -0.0335547 17.0737 
-2.85974 0.247681 -3.01952 -0.0104586 5.54788 
23.941 -7.81582 8.92589 2.31103 -0.391031 0.0276454 -26.1072 
-4.19067 0.724217 -2.60595 -0.0712648 6.13644 
12.3268 -3.38022 4.38396 0.668951 -0.0330262 -0.00422143 -13.0827 
-4.19569 0.867998 -1.98313 -0.10132 5.47673 
12.6703 -4.70176 3.64911 1.58395 -0.30385 0.024179 -12.0362 
-2.35481 0.513371 -0.791011 -0.0584808 2.7854 
1.41749 -0.0451859 0.491323 0.0229197 -0.010475 0.000746119 -0.993835 
-2.83775 0.628133 -0.77708 -0.06764 3.17706 
14.8424 -5.67884 4.32521 1.94044 -0.369602 0.0287146 -14.1939 
-1.01953 0.186827 -0.61339 -0.0174386 1.42743 
20.4398 -8.22204 5.50911 2.6949 -0.463308 0.0314242 -19.0938 
-1.18809 0.330537 -0.394389 -0.044621 1.26509 
26.4146 -11.0139 7.06012 3.73529 -0.666064 0.046787 -24.676 
2.16256 -0.389099 1.23556 0.0396569 -3.05906 
12.9786 -4.70448 3.83337 1.48266 -0.250829 0.0166457 -12.4775 
3.83012 -0.703934 2.28164 0.0739038 -5.46252 
-24.1694 10.5204 -6.84217 -3.52333 0.634271 -0.045371 24.2956 
0.617967 -0.00167804 1.11872 0.00080235 -1.6796 
-6.60658 2.29005 -2.59242 -0.400014 -0.0126695 0.00834762 8.19517 
-0.218792 0.0816328 0.0634201 -0.0155284 0.142558 
66.6556 -27.3842 18.7819 9.23598 -1.68456 0.123084 -64.7858 
2.07953 -0.480495 0.925039 0.0573868 -2.55587 
13.9354 -5.96026 3.58757 2.25042 -0.458168 0.0371143 -12.466 
1.52099 -0.34088 0.644266 0.037559 -1.85305 
19.1469 -7.9585 4.95594 2.75269 -0.507303 0.0373459 -17.495 
-1.31426 0.264248 -0.576119 -0.026154 1.64262 
4.78571 -0.601354 1.64653 -0.233214 0.124361 -0.0145149 -4.78678 
-0.753781 0.194124 -0.384826 -0.0247667 0.965195 
30.6749 -12.7299 8.44307 4.36646 -0.800951 0.0585975 -29.1001 
-0.853332 0.125686 -0.456513 -0.00487445 1.18094 
30.667 -12.7905 8.32588 4.46358 -0.847853 0.0651694 -28.9184 
-0.190357 -0.0317176 -0.185546 0.0132657 0.388771 
15.7693 -5.69606 4.5965 1.71787 -0.271634 0.0167678 -15.1856 
-1.48682 0.33337 -0.558248 -0.0334137 1.72814 
23.5132 -10.7355 5.61856 4.02195 -0.797853 0.0621898 -20.7306 
0.460645 -0.177553 0.145206 0.03252 -0.467951 
32.6113 -13.2634 9.1648 4.50386 -0.828946 0.0613555 -31.307 
0.301535 -0.14295 0.110793 0.0261166 -0.307441 
15.3299 -4.53613 5.10947 0.957073 -0.0677712 -0.00210012 -15.8562 
1.6354 -0.33485 0.438043 0.0339631 -1.78021 
-6.41472 1.35433 -2.89962 0.161941 -0.122553 0.0133497 8.94086 
1.04385 -0.246364 0.245048 0.0303277 -1.08362 
-37.3625 15.1347 -11.0494 -4.73296 0.79435 -0.0528007 38.2712 
0.715961 -0.152701 0.159526 0.0187989 -0.736671 
-24.4152 10.1514 -7.31662 -3.24672 0.559027 -0.0378277 25.3386 
-0.175313 0.0571367 -0.165095 -0.00755326 0.308588 
-24.5042 9.01964 -7.77936 -2.35196 0.299918 -0.0129501 26.3268 
0.53981 -0.15758 0.0861997 0.0243139 -0.463406 
-8.30448 4.41734 -2.38827 -1.71442 0.353412 -0.0282186 8.75139 
-0.980778 0.192824 -0.450731 -0.0178062 1.26895 
-28.0221 10.7974 -8.67096 -3.13262 0.485579 -0.0300702 29.5689 
-0.00177611 -0.0264648 -0.0593712 0.00590988 0.0829242 
-41.2882 17.0989 -11.8909 -5.47131 0.943141 -0.0654543 41.6553 
-0.282834 0.048588 -0.185382 -0.00674876 0.428752 
-41.2742 17.5282 -11.7042 -5.81377 1.04431 -0.0750925 41.2843 
1.58303 -0.390219 0.531832 0.0453649 -1.7693 
-33.9305 14.0407 -9.96324 -4.55027 0.813865 -0.0599304 34.6488 
-1.1647 0.34358 -0.412709 -0.0529847 1.26456 
4.84622 -5.05628 -0.598497 3.02585 -0.800798 0.0759123 -0.459752 
0.825309 -0.19676 0.256802 0.0180036 -0.898287 
12.7572 -6.75492 2.45478 2.89868 -0.627029 0.0521309 -9.80557 
-0.0603715 0.0214987 0.00424368 -0.00212368 0.0185196 
-42.0537 18.8885 -11.3951 -6.66292 1.26969 -0.0966904 41.016 
-0.780714 0.207845 -0.265933 -0.0245495 0.844628 
-27.4245 12.3811 -7.35369 -4.31151 0.816022 -0.0622264 26.9183 
-0.604388 0.134061 -0.251923 -0.0147759 0.725821 
-38.7872 16.9637 -10.6204 -5.71256 1.02514 -0.072908 38.1632 
0.736134 -0.209683 0.239717 0.0307613 -0.791698 
-38.7021 16.8976 -10.679 -5.73438 1.04454 -0.0754136 38.2125 
0.506164 -0.125832 0.181922 0.0156497 -0.5784 
-28.8233 12.6496 -8.02224 -4.31201 0.797349 -0.0589962 28.7504 
0.54897 -0.147972 0.186772 0.0200845 -0.621457 
-46.5085 20.7676 -12.6882 -7.34832 1.40785 -0.107417 45.4521 
1.12221 -0.268178 0.414579 0.0295894 -1.30183 
9.36992 -3.28194 2.71209 1.06864 -0.192847 0.0139681 -8.68486 
2.38109 -0.60063 0.879323 0.0743212 -2.73499 
-8.17924 4.43435 -1.97652 -1.65529 0.327201 -0.0255382 8.0624 
-0.418899 0.0262245 -0.21146 0.0105811 0.57436 
-40.1665 20.651 -9.54436 -8.14298 1.6708 -0.132082 36.7089 
