1.20391 0.94172 0.924727 0.931899 0.916823 0.920607 0.953494 0.93745 0.953853 0.948276 0.955094 0.890118 0.835467 
1.20204 0.934848 0.936262 0.969829 0.916635 0.942672 0.926558 0.954892 0.907798 0.923922 0.930887 0.905167 0.964542 
1.1393 0.929816 0.942853 0.93858 0.922557 0.937864 0.943671 0.952989 0.908759 0.934023 0.928473 0.838189 0.911304 
1.04363 0.939573 0.946756 0.938238 0.920249 0.951042 0.95791 0.957643 0.936679 0.911164 0.904604 0.855451 0.831382 
0.94774 0.938327 0.961573 0.9477 0.91651 0.911804 0.903021 0.933442 0.938919 0.917507 0.868151 0.836088 0.584473 
0.922384 0.933789 0.948016 0.926032 0.935977 0.939749 0.930233 0.970278 0.953048 0.953436 0.939666 0.720071 0.803152 
1.03141 0.933818 0.938254 0.929594 0.898551 0.916111 0.914094 0.937056 0.915294 0.91005 0.910302 0.654261 0.927303 
1.12119 0.923015 0.934313 0.96882 0.907913 0.909801 0.940914 0.950653 0.922962 0.935487 0.936134 0.628364 0.681577 
1.15924 0.926834 0.933625 0.931691 0.913005 0.911781 0.91403 0.911872 0.932475 0.937642 0.9651 0.727133 0.838665 
1.0982 0.936228 0.920797 0.923295 0.907653 0.952835 0.962001 0.914604 0.947508 0.974836 0.945756 0.759885 0.869078 
1.15371 0.974794 0.94649 0.921075 0.924237 0.918523 0.909225 0.927022 0.931247 0.951226 0.936513 0.838761 0.940808 
1.15723 0.972484 0.941207 0.932876 0.915886 0.921194 0.916036 0.913295 0.916413 0.907676 0.958464 0.879184 0.739989 
1.13047 0.949043 0.938614 0.946254 0.895248 0.903548 0.909248 0.926168 0.907073 0.931845 0.925646 0.8595 0.905193 
1.05486 0.956609 0.946229 0.947151 0.901002 0.910427 0.945613 0.947613 0.921998 0.964042 0.933001 0.867124 0.918781 
1.03469 0.962558 0.954436 0.941126 0.894925 0.905022 0.930512 0.904938 0.939379 0.92085 0.945212 0.806436 0.879142 
1.02821 0.957585 0.943825 0.914039 0.891075 0.899104 0.904707 0.912162 0.892197 0.946688 0.842079 0.794862 0.744952 
1.05325 0.956255 0.944271 0.929138 0.883825 0.845502 0.8817 0.934967 0.915425 0.931668 0.891461 0.870535 0.5 
1.09715 0.957374 0.9706 0.928746 0.896854 0.90139 0.902283 0.921453 0.893656 0.947515 0.933306 0.882896 0.977949 
1.14956 0.965943 0.927078 0.927838 0.898733 0.888603 0.917866 0.908179 0.890256 0.926366 0.917654 0.874257 0.806014 
1.12267 0.961021 0.933619 0.944215 0.916083 0.910184 0.922138 0.898243 0.918455 0.909763 0.924082 0.888213 0.853379 
1.16899 0.952446 0.924644 0.926938 0.911282 0.916784 0.952305 0.96444 0.983541 0.926471 0.978772 0.938101 0.841413 
1.12427 0.933754 0.93788 0.936726 0.926856 0.973302 0.979742 0.9475 0.957572 0.947297 0.968754 0.906635 0.926739 
1.10639 0.920165 0.948223 0.938611 0.935954 0.95314 0.977653 0.981977 1.00119 0.951696 0.954644 0.871903 0.636835 
1.07499 0.909115 0.955891 0.979331 0.972859 0.935101 0.954699 0.948169 0.959883 0.934813 0.919243 0.83732 0.5 
1.01564 0.913155 0.959484 0.978343 0.945393 0.957763 0.968423 0.948523 0.972241 0.902764 0.960036 0.84748 0.965184 
0.940288 0.922438 0.952695 0.954048 0.966869 0.95107 0.974713 0.973749 0.935694 0.909612 0.885517 0.832966 1.00203 
1.06604 0.921129 0.964094 0.969226 0.957506 0.960505 0.972964 0.979947 0.977931 0.943388 0.973097 0.830968 0.971066 
1.12078 0.930232 0.969793 0.961482 0.946578 0.962836 0.975018 0.963573 0.958577 0.946179 0.965207 0.860738 0.873425 
1.14473 0.9461 0.937019 0.978373 0.931445 0.915605 0.963952 0.971979 0.950466 0.947481 0.945106 0.871409 0.852346 
1.18076 0.929255 0.950493 0.976205 0.920383 0.968306 0.918242 0.952373 0.976326 0.949712 0.954342 0.938246 0.911379 
1.1705 0.963452 0.923437 0.953386 0.902557 0.932496 0.945775 0.89969 0.947535 0.917138 0.94901 0.888547 0.950064 
1.11201 0.93465 0.914419 0.911904 0.897793 0.89206 0.897853 0.889423 0.89468 0.894259 0.852159 0.893076 0.888035 
1.05968 0.927897 0.919418 0.933096 0.922533 0.897127 0.919082 0.913249 0.896733 0.846651 0.851168 0.853504 1.01041 
0.974557 0.928164 0.918908 0.93338 0.906059 0.896559 0.88147 0.890009 0.856418 0.883271 0.864383 0.839125 0.830445 
0.916401 0.902307 0.928082 0.928427 0.916619 0.899812 0.874645 0.876275 0.866012 0.812077 0.780494 0.84809 1.02032 
0.906327 0.91223 0.920106 0.937492 0.899601 0.893169 0.868769 0.869527 0.857427 0.868284 0.824566 0.893401 0.925412 
0.907681 0.904538 0.944806 0.937194 0.909509 0.882512 0.890523 0.881843 0.859025 0.824267 0.839587 0.786395 0.671061 
1.06746 0.919343 0.930759 0.942265 0.916759 0.912457 0.915052 0.886151 0.888928 0.85141 0.850115 0.800448 1.02742 
1.1415 0.930186 0.916607 0.926107 0.900148 0.90456 0.907134 0.903044 0.901193 0.870887 0.897796 0.871654 1.00251 
1.24907 0.956292 0.950242 0.957963 0.906437 0.894413 0.91429 0.924395 0.919416 0.889549 0.883492 0.881734 0.966729 
1.14125 0.888829 0.83617 0.83924 0.876844 0.861565 0.874497 0.862822 0.85602 0.882297 0.891355 0.864443 1.03754 
1.1403 0.876455 0.839408 0.838766 0.841884 0.874969 0.874838 0.870035 0.881038 0.86038 0.889832 0.863694 0.909384 
1.02376 0.854549 0.8447 0.855621 0.848234 0.871165 0.864198 0.922683 0.876449 0.876022 0.885356 0.876735 0.888147 
0.993857 0.85337 0.840633 0.856075 0.851392 0.872922 0.886522 0.896877 0.852191 0.892171 0.952265 0.974927 0.814506 
0.986379 0.86 0.851095 0.869384 0.860871 0.868372 0.894194 0.897791 0.863465 0.855143 0.910274 0.961782 0.5 
0.969913 0.83716 0.824375 0.839688 0.861049 0.866782 0.901443 0.87076 0.858429 0.866813 0.913375 0.92482 0.846887 
0.986062 0.850569 0.834525 0.843663 0.8466 0.868084 0.882586 0.891863 0.870692 0.879977 0.910087 0.855904 0.677372 
1.00936 0.823425 0.822404 0.841131 0.869531 0.885756 0.883311 0.908152 0.888537 0.899058 0.905903 0.884877 0.779333 
1.16455 0.821861 0.835429 0.847107 0.857714 0.888609 0.88985 0.894096 0.8817 0.883555 0.889514 0.880442 1.11423 
0.991656 0.801282 0.831249 0.843095 0.84729 0.883626 0.881917 0.883567 0.894472 0.884695 0.866909 0.89671 0.838065 
1.1755 0.895445 0.903292 0.909232 0.887742 0.881289 0.884655 0.873717 0.884432 0.88819 0.925409 0.899655 0.93166 
1.1771 0.912343 0.876229 0.898582 0.862875 0.873993 0.890055 0.887862 0.906199 0.866128 0.873623 0.917459 0.916217 
1.03277 0.842198 0.844638 0.850686 0.858404 0.864503 0.883542 0.85935 0.873831 0.88985 0.8799 0.889857 1.05448 
1.01787 0.839165 0.87785 0.850094 0.853102 0.866261 0.884644 0.89668 0.874209 0.871825 0.888717 0.91393 0.878547 
0.970028 0.837916 0.839433 0.886733 0.876408 0.854828 0.868523 0.87366 0.811478 0.84474 0.84161 0.878759 0.544403 
0.952313 0.841216 0.881212 0.832903 0.833209 0.863416 0.864646 0.86699 0.860206 0.853415 0.800539 0.901736 0.724344 
1.0122 0.840332 0.807683 0.811654 0.832745 0.863296 0.858662 0.859859 0.855305 0.847158 0.823527 0.82423 0.859352 
1.06441 0.858538 0.841875 0.810568 0.845701 0.876977 0.846677 0.86937 0.873689 0.881178 0.862412 0.83465 0.863188 
1.20821 0.861322 0.894245 0.882423 0.854059 0.876886 0.873798 0.89156 0.873169 0.878282 0.844909 0.910266 1.02199 
1.03819 0.854818 0.895969 0.901157 0.856826 0.867918 0.86454 0.906219 0.894984 0.874939 0.825921 0.894359 0.777022 
1.23913 0.947983 0.926479 0.921187 0.905237 0.933273 0.931044 0.933196 0.936746 0.931309 0.953162 0.978434 0.949959 
1.18114 0.935016 0.919689 0.926389 0.933903 0.908268 0.934751 0.944026 0.924702 0.930534 0.952887 0.874117 0.913897 
1.08349 0.927437 0.926717 0.970579 0.936155 0.933656 0.919814 0.92452 0.936525 0.940029 0.912707 0.900073 0.758172 
0.962898 0.925644 0.935268 0.929123 0.931609 0.9259 0.93683 0.933932 0.929268 0.91141 0.940759 0.878921 0.714206 
0.895188 0.925939 0.942162 0.931385 0.907889 0.934501 0.933575 0.936027 0.924454 0.932404 0.917161 0.870522 0.912097 
0.895373 0.934038 0.942504 0.936529 0.923606 0.964299 0.939072 0.943276 0.94982 0.927851 0.929419 0.899712 0.651295 
0.966855 0.918464 0.931993 0.925391 0.919336 0.901901 0.941979 0.900861 0.924064 0.910736 0.930882 0.856471 0.911216 
1.07646 0.934851 0.930119 0.933694 0.90905 0.939449 0.936967 0.937566 0.932047 0.942542 0.955355 0.855887 0.803654 
1.24761 0.954476 0.920096 0.929012 0.906673 0.916159 0.911453 0.934861 0.946931 0.933387 0.956086 0.860163 0.816893 
1.14557 0.936871 0.966968 0.932404 0.90789 0.917051 0.950923 0.910599 0.978024 0.931736 0.948225 0.902615 0.938245 
1.08199 0.930484 0.946884 0.923281 0.905942 0.925934 0.933879 0.972853 0.952418 0.998892 0.978 0.900091 0.947951 
1.14345 0.938358 0.918697 0.946578 0.953391 0.906399 0.927503 1.00038 0.963032 0.951431 0.978994 0.787966 0.691589 
1.0829 0.935125 0.96664 0.926697 0.938955 0.938882 0.992099 0.935443 0.957704 0.934119 0.923705 0.77427 0.599048 
0.980532 0.918631 0.929019 0.955596 0.911867 0.934704 0.939276 0.977968 1.00018 0.914508 0.938433 0.735716 0.737228 
0.924635 0.926623 0.933573 0.947145 0.946046 0.993815 0.9978 0.961773 1.0158 0.92989 0.977056 0.764086 0.5 
0.956425 0.926288 0.933396 0.944031 0.926791 0.960047 0.954087 0.966411 0.982936 0.956756 0.950778 0.822058 0.53961 
1.04412 0.937141 0.932661 0.97992 0.924498 0.924773 0.943894 0.98942 0.925524 0.990299 0.9328 0.869342 0.635104 
1.09397 0.934738 0.950418 0.951271 0.945157 0.933469 0.938519 0.954912 0.984722 0.985872 0.943236 0.9197 0.792281 
1.16071 0.949642 0.931258 0.964041 0.944414 0.978582 1.00191 0.960844 0.986296 0.951377 0.974765 0.95423 0.818578 
1.13117 0.928954 0.959505 0.969457 0.956575 0.947512 0.976155 0.982841 0.947685 0.943913 0.951445 0.891341 0.83829 
1.21118 0.961329 0.922304 0.919979 0.973725 0.925379 0.942455 0.943894 0.976554 0.952989 1.0314 0.887378 0.843445 
1.09701 0.968729 0.922547 0.924662 0.914465 0.951653 0.950558 0.94752 0.935562 0.959197 0.957295 0.885302 0.86776 
1.02587 0.9536 0.918221 0.926034 0.919603 0.915343 0.944282 0.932139 0.968081 0.95066 0.960843 0.881425 0.833181 
1.01613 0.956019 0.922592 0.91815 0.914096 0.924226 0.939951 0.936464 0.929976 1.00685 0.996456 0.893257 0.765297 
0.994277 0.955518 0.927811 0.920787 0.915534 0.906737 0.91415 0.945238 0.941391 0.95691 0.966723 0.841533 0.804302 
0.953358 0.991787 0.929387 0.918992 0.914935 0.916011 0.940038 0.925141 0.93788 0.942504 0.968984 0.799838 0.630882 
0.902486 0.957707 0.925501 0.924289 0.915829 0.947915 0.91208 0.952531 0.934003 0.960454 0.95437 0.739225 0.803408 
1.00808 0.947607 0.919614 0.922919 0.915951 0.913677 0.949571 0.917893 0.936628 0.93018 0.960897 0.828251 0.971098 
1.11505 0.949517 0.920353 0.920429 0.909031 0.955262 0.956173 0.938396 0.927732 0.939377 0.964828 0.775946 0.701288 
1.22767 0.950363 0.915768 0.927414 0.914208 0.953404 0.921078 0.985941 0.95517 0.964906 0.962521 0.764252 0.714104 
1.18547 0.958809 0.948774 0.923619 0.973138 0.935691 0.933725 0.940433 0.969006 0.958478 0.944102 0.951361 0.932172 
1.14913 0.96096 0.923617 0.926058 0.920566 0.940701 0.92856 0.929431 0.950596 0.959676 0.950609 0.928583 0.671555 
1.10051 0.9546 0.945187 0.934668 0.924401 0.939568 0.968849 0.963218 0.97328 0.906781 0.981378 0.866065 0.601161 
1.07907 0.973063 0.94482 0.973548 0.948982 0.983641 0.956694 1.0061 0.975065 1.01187 0.95198 0.931177 0.655682 
1.03365 0.967013 0.951462 0.928412 0.927497 0.935765 0.960731 0.945272 0.940748 0.951954 0.981125 0.892701 0.572139 
0.960963 0.955644 0.950018 0.930246 0.865058 0.879796 0.985701 1.02814 0.841328 0.895082 0.893267 0.874946 0.735732 
1.07367 0.954824 0.953415 0.934512 0.939929 0.969167 0.971224 0.980367 0.946745 0.957993 0.885166 0.88273 0.77606 
1.1138 0.947253 0.951946 0.933219 0.948432 0.934248 0.923166 0.930235 0.934803 0.896768 0.912199 0.950341 0.689491 
1.15225 0.95921 0.956115 0.938231 0.980762 0.971287 0.963856 0.996459 0.981674 1.00031 0.894409 0.96241 1.03648 
1.18385 0.949489 0.943314 0.940548 0.934661 0.920573 0.917906 0.939973 0.949077 0.941163 0.956096 0.913932 0.685283 
1.12857 0.931797 0.925205 0.933535 0.920209 0.937243 0.911709 0.9228 0.922638 0.915109 0.944497 0.857434 0.842254 
1.11185 0.938132 0.934216 0.930141 0.949025 0.958404 0.949282 0.936575 0.925725 0.942034 0.941154 0.851356 0.869906 
1.04828 0.946355 0.936798 0.925606 0.923961 0.930817 0.938688 0.923322 0.929867 0.940751 0.914688 0.866157 0.812871 
1.02644 0.942731 0.939575 0.926422 0.927555 0.911504 0.930672 0.937243 0.914694 0.95873 0.940045 0.847008 0.820372 
0.95857 0.951197 0.937329 0.926806 0.923872 0.918172 0.946549 0.929132 0.904802 0.862283 0.906477 0.763707 0.904373 
0.999833 0.953905 0.942602 0.919572 0.926719 0.931624 0.953124 0.927352 0.903954 0.951007 0.955725 0.880352 0.613839 
1.01793 0.936469 0.944774 0.930172 0.918928 0.912809 0.946933 0.951058 0.936019 0.971193 0.945023 0.947688 0.752901 
1.03783 0.938792 0.937907 0.967985 0.923385 0.921953 0.947267 0.962293 0.916117 0.932766 0.928529 0.834799 0.7582 
1.13876 0.959273 0.933993 0.926944 0.92127 0.915562 0.95438 0.942465 0.949345 0.933417 0.954452 0.89961 0.890093 
1.22697 0.934042 0.939181 0.919021 0.922222 0.953825 0.934171 0.921366 0.94813 0.941911 0.948661 0.921881 0.896782 
1.12148 0.943719 0.929326 0.994019 0.973765 0.95366 0.965818 0.948938 0.965061 0.925304 0.91354 0.86882 0.853476 
1.1188 0.952929 0.924327 0.986428 0.963014 0.953432 0.924538 0.950583 0.939767 0.90834 0.908053 0.882955 0.789854 
1.08986 0.954052 0.929487 0.946036 0.96556 0.927204 0.906983 0.880943 0.905938 0.870804 0.882144 0.795166 0.884441 
0.966221 0.983101 0.930782 0.976595 0.942401 0.894866 0.905989 0.8836 0.904185 0.860064 0.869957 0.822832 0.582582 
0.943626 0.961146 0.934686 1.00035 0.919364 0.903877 0.889592 0.831786 0.876857 0.831902 0.838748 0.80801 0.730664 
1.03589 0.948974 0.933368 0.934632 0.973044 0.91263 0.927706 0.953457 0.842467 0.819157 0.870551 0.746986 0.847395 
1.04767 0.950953 0.953057 0.935963 0.9844 0.917783 0.92291 0.944172 0.908546 0.868062 0.837965 0.818713 0.731005 
1.06745 0.959255 0.943529 0.965793 0.979512 0.940407 0.950921 0.934407 0.921766 0.840033 0.860567 0.826004 0.817126 
1.1437 0.964263 0.954636 1.00198 0.977403 0.971352 0.942955 0.966395 0.930243 0.891982 0.879502 0.820825 0.891923 
1.10582 0.91787 0.94911 0.960044 0.97418 0.980119 0.980716 0.979993 0.966409 0.920887 0.940972 0.871614 0.854514 
1.12088 0.925435 0.917164 0.918714 0.899577 0.890094 0.899332 0.888985 0.891035 0.887466 0.897761 0.91015 0.805477 
1.19182 0.902758 0.919228 0.892196 0.876929 0.883666 0.88741 0.895456 0.870036 0.872338 0.919637 0.887259 0.960272 
1.0777 0.812388 0.844057 0.865159 0.851412 0.862706 0.878763 0.896018 0.906876 0.892149 0.880389 0.919597 0.710768 
0.983538 0.830528 0.838629 0.851604 0.867099 0.885046 0.87879 0.902377 0.888162 0.896861 0.910119 0.885719 0.826391 
0.981574 0.899245 0.905485 0.908134 0.88951 0.878873 0.873666 0.89727 0.9087 0.896015 0.88745 0.850531 1.0233 
0.954042 0.890741 0.911433 0.900014 0.886841 0.8654 0.865336 0.872907 0.875923 0.878974 0.882939 0.890711 1.0857 
0.980097 0.873082 0.911126 0.904957 0.867403 0.873524 0.872803 0.894383 0.895611 0.887701 0.900421 0.844368 0.611015 
1.04722 0.895672 0.904126 0.883863 0.86314 0.85815 0.874708 0.887156 0.89683 0.897806 0.894869 0.889334 0.829478 
1.02689 0.87675 0.909875 0.891225 0.870123 0.867919 0.877958 0.867286 0.867562 0.875002 0.880929 0.829855 0.783403 
1.04988 0.894983 0.864847 0.86442 0.86446 0.874484 0.875174 0.862667 0.884962 0.874736 0.891004 0.880317 0.936546 
1.01949 0.84717 0.81721 0.919261 0.855691 0.87894 0.8805 0.898022 0.880156 0.922394 0.910406 0.779078 0.85849 
1.09951 0.842733 0.814809 0.808258 0.882785 0.894219 0.874567 0.895195 0.887749 0.867661 0.880338 0.844529 0.960332 
1.13355 0.84746 0.818299 0.915673 0.872148 0.907269 0.888562 0.897348 0.871535 0.874196 0.905943 0.863548 0.849746 
0.991486 0.846145 0.820039 0.858051 0.866303 0.874198 0.858374 0.89132 0.875402 0.861438 0.888032 0.880042 0.5 
0.945048 0.941804 0.904657 0.922964 0.857258 0.864338 0.874057 0.892547 0.872735 0.876306 0.880744 0.824939 0.500001 
1.0036 0.939128 0.832628 0.829484 0.899776 0.886638 0.868341 0.834365 0.820848 0.832863 0.805878 0.82671 0.89397 
1.0476 0.84936 0.816015 0.82587 0.904177 0.888872 0.882162 0.862181 0.827303 0.831897 0.833062 0.862962 0.581384 
1.07909 0.865129 0.812795 0.824657 0.901436 0.887479 0.864119 0.87174 0.86488 0.866684 0.861761 0.837287 0.826626 
1.18305 0.955769 0.817276 0.825354 0.904054 0.912877 0.884746 0.894871 0.865756 0.881343 0.867759 0.819313 0.989421 
1.16856 0.868447 0.809425 0.816797 0.898757 0.887286 0.90038 0.878668 0.868616 0.880542 0.929093 0.942784 1.02047 
1.14573 0.94923 0.961916 0.922269 0.948449 0.949772 0.908693 0.962776 0.950089 0.944458 0.963379 0.859692 0.854992 
1.18785 0.941791 0.963676 0.919217 0.970201 0.946173 0.947793 0.922561 0.935072 0.957298 0.95243 0.83676 0.787175 
1.11344 0.935709 0.918775 0.958033 0.952446 0.936543 0.919305 0.955185 0.917877 0.938746 0.923201 0.862769 0.90758 
1.05346 0.944632 0.922969 0.977693 0.964533 0.940437 0.973045 0.961006 0.96388 0.9517 0.966054 0.82143 0.584552 
0.941072 0.946277 0.92488 0.918934 0.952432 0.938041 0.941743 0.92656 0.932971 0.923501 0.974713 0.821656 0.827288 
0.903631 0.933513 0.968826 0.930535 0.917049 0.955442 0.941304 0.987695 1.00195 0.865246 0.939526 0.836797 0.624817 
1.07774 0.939309 0.919393 0.924331 0.937271 0.95211 0.930279 0.934919 0.948807 0.986718 0.955223 0.854452 0.599143 
1.09994 0.933313 0.96221 0.916723 0.943179 0.956684 0.948229 0.933262 0.95355 0.940147 0.952613 0.84126 0.686769 
1.16277 0.954909 0.919586 0.920614 0.950359 0.966262 0.96968 0.94408 0.955363 0.957688 0.970451 0.836739 0.796286 
1.16194 0.967885 0.969959 0.925155 0.915194 0.946104 0.948195 0.969571 0.968964 0.958422 0.972815 0.904777 0.858781 
1.18949 0.942768 0.917966 0.975384 0.985373 0.977698 0.986243 0.980838 0.965128 0.97151 0.966191 0.658007 0.773621 
1.14105 0.947527 0.922129 0.990919 0.957948 0.989717 0.994469 1.00977 0.968126 0.964181 0.989776 0.553563 0.809175 
1.07355 0.959268 0.928876 0.970918 0.961377 0.970127 0.984641 0.963678 0.987392 0.965715 0.94986 0.541695 0.5 
0.910101 0.961813 0.959552 0.963975 0.957257 0.96289 0.970364 0.95707 0.966333 0.960529 0.97828 0.641759 0.5 
0.914156 0.962716 0.944534 0.93802 0.926745 0.972403 0.957713 0.964522 0.934598 0.960324 0.986064 0.682469 0.5 
0.913963 0.958329 0.951504 0.947466 0.948752 0.942008 0.934614 0.970919 0.940505 0.964237 0.978588 0.805959 0.540619 
1.02299 0.960725 0.958091 0.958699 0.929644 0.951716 0.950647 0.951542 0.935998 0.964101 0.946547 0.87835 0.544506 
1.05269 0.959867 0.937056 0.957749 0.939915 0.950598 0.959766 0.964903 0.962498 0.96527 0.945839 0.87406 0.75767 
1.13531 0.959229 0.935793 0.955775 0.94981 0.94975 0.941862 0.974474 0.96762 0.946148 0.985951 0.85245 0.774462 
1.1497 0.959487 0.929432 0.939256 0.94416 0.960436 0.959868 0.963148 0.950424 0.930523 0.943431 0.924133 0.818654 
