-0.00163559 -0.00565951 -0.00627026 -0.00620607 -0.00607369 -0.00580414 -0.00549285 -0.00537976 -0.00526767 -0.00516966 -0.00500146 -0.00408252 -0.00245601 
-0.00496534 -0.00713053 -0.00671386 -0.0063558 -0.00608529 -0.0057501 -0.00543693 -0.00520222 -0.00499672 -0.00490536 -0.00468863 -0.00412556 -0.00290801 
-0.00782343 -0.00830424 -0.00723301 -0.00670405 -0.00627532 -0.00587072 -0.00552625 -0.00531647 -0.00513455 -0.00496527 -0.00475337 -0.00400332 -0.00164336 
-0.0100803 -0.00912046 -0.00772744 -0.00694263 -0.00640941 -0.00598714 -0.00559814 -0.00533507 -0.00516671 -0.00493667 -0.00481285 -0.00402342 -0.00355108 
-0.0113944 -0.00927989 -0.00785346 -0.00704564 -0.00648661 -0.00598788 -0.00552268 -0.0052424 -0.00511039 -0.00494419 -0.00464743 -0.00399388 -0.00155524 
-0.0111068 -0.00867321 -0.00716526 -0.00651071 -0.00594091 -0.0054759 -0.00511021 -0.00475012 -0.00460913 -0.00440489 -0.00391917 -0.00506198 -0.0012335 
-0.00934958 -0.00790959 -0.00668363 -0.00603845 -0.00552943 -0.00508831 -0.00466156 -0.00436448 -0.00417965 -0.00404541 -0.00362089 -0.00512358 -0.00126779 
-0.00649705 -0.0068433 -0.00602196 -0.00557024 -0.00516363 -0.00481963 -0.00446278 -0.00411759 -0.00401388 -0.00383945 -0.00357826 -0.0050131 -0.00195843 
-0.00332235 -0.00545239 -0.00541154 -0.00511903 -0.0047709 -0.00453655 -0.00432201 -0.00405307 -0.00391182 -0.0038271 -0.00354132 -0.0043617 -0.00304854 
0.00122107 -0.00368271 -0.0044924 -0.00453946 -0.00436826 -0.00415596 -0.00396003 -0.00379423 -0.00383813 -0.00368616 -0.0035546 -0.00402757 -0.00160677 
-9.2266e-07 -0.00404016 -0.00466288 -0.00469839 -0.00423952 -0.00430414 -0.00425733 -0.00430423 -0.00412587 -0.00411607 -0.00389425 -0.00330284 -0.00172636 
-0.00360512 -0.00580352 -0.0053888 -0.00509325 -0.00453919 -0.00457055 -0.00448687 -0.00438005 -0.00425254 -0.00402168 -0.00389182 -0.00317011 -0.00225815 
-0.00639008 -0.00730277 -0.00625024 -0.00572099 -0.0049612 -0.00492398 -0.00473082 -0.0046394 -0.00440494 -0.00435737 -0.00409538 -0.00332353 -0.00218999 
-0.00866886 -0.00815868 -0.00655415 -0.00587745 -0.00499104 -0.00490219 -0.00467537 -0.00454388 -0.00435813 -0.00421653 -0.00381407 -0.00321446 -0.00300797 
-0.0101002 -0.00873161 -0.00682112 -0.00611272 -0.00512307 -0.0050912 -0.00489357 -0.00464876 -0.00456638 -0.00432313 -0.00391743 -0.00343369 -0.00163666 
-0.0102751 -0.00879444 -0.00695358 -0.00599048 -0.00523169 -0.00507447 -0.00488967 -0.00467904 -0.00439258 -0.00430718 -0.00369614 -0.00350986 -0.00113213 
-0.00892849 -0.00841177 -0.00690286 -0.00616973 -0.00513777 -0.00475189 -0.00483643 -0.00467548 -0.00449168 -0.00430348 -0.00408888 -0.00344755 -0.00302662 
-0.0065492 -0.00751393 -0.00652007 -0.00590048 -0.00496201 -0.00477748 -0.00470543 -0.00468187 -0.00458803 -0.00447258 -0.00417198 -0.00336616 -0.00249524 
-0.00377328 -0.00617515 -0.00604101 -0.00557189 -0.00492178 -0.00472951 -0.00454173 -0.0045394 -0.00437484 -0.00426532 -0.0039845 -0.00319809 -0.00218941 
0.000649797 -0.00441397 -0.00518734 -0.00507853 -0.00447387 -0.00440156 -0.00445472 -0.00439478 -0.00443859 -0.00426628 -0.00408828 -0.00325455 -0.00212503 
0.000675788 -0.00306264 -0.00396258 -0.00391524 -0.00368695 -0.00363343 -0.00341803 -0.00325496 -0.00322233 -0.00310953 -0.00294843 -0.00252485 -0.00141796 
-0.00319175 -0.00483118 -0.0048247 -0.00453195 -0.0042176 -0.00400973 -0.00378347 -0.00355265 -0.00337966 -0.00323469 -0.0029823 -0.00286186 -0.00144526 
-0.00619153 -0.0062861 -0.00558495 -0.00505456 -0.0045846 -0.00433651 -0.00402675 -0.00379498 -0.00353113 -0.003538 -0.00311464 -0.00289994 -0.00178747 
-0.00886849 -0.00717619 -0.00617793 -0.00565897 -0.00513414 -0.00469135 -0.00447996 -0.0043179 -0.00408477 -0.00392334 -0.0035303 -0.00337534 -0.00165312 
-0.0105802 -0.00775603 -0.00639311 -0.00577813 -0.00518655 -0.00487619 -0.00457487 -0.00421827 -0.00396337 -0.00382394 -0.00338593 -0.00302379 -0.00140009 
-0.0104314 -0.00776879 -0.00644022 -0.0056023 -0.005219 -0.00495664 -0.00462772 -0.0043589 -0.00411468 -0.00367162 -0.00301 -0.00296957 -0.00333053 
-0.00881887 -0.0074637 -0.00639287 -0.00586077 -0.00516778 -0.00502313 -0.00469804 -0.00436524 -0.00414709 -0.00381556 -0.00332978 -0.00329238 -0.00226095 
-0.00622964 -0.00656085 -0.00595178 -0.005502 -0.00509851 -0.0048189 -0.00449829 -0.00435468 -0.00405807 -0.00379568 -0.00321975 -0.00318339 -0.00158038 
-0.00333174 -0.00525808 -0.00536112 -0.00512417 -0.00487736 -0.00472221 -0.0044585 -0.0042247 -0.00402568 -0.00374477 -0.00352069 -0.00303304 -0.00146389 
0.000478153 -0.00360734 -0.0046934 -0.00484571 -0.00474823 -0.00461518 -0.0043697 -0.00426952 -0.00410667 -0.00391868 -0.00370059 -0.00306945 -0.00164962 
0.00275769 -0.00017222 -0.000740055 -0.000509658 -0.00020404 5.31121e-05 0.000284066 0.000417528 0.000485415 0.000792509 0.000867466 0.00100511 0.00128333 
-0.00110751 -0.00216303 -0.00174507 -0.00113528 -0.000662687 -0.000368631 -5.12942e-05 0.000147384 0.000366623 0.000588758 0.00109024 0.0010256 0.000615187 
-0.00435239 -0.00384455 -0.00264465 -0.00183681 -0.00119281 -0.000796004 -0.000357079 -5.72654e-05 8.40211e-05 0.000547248 0.000817969 0.000870035 0.00039601 
-0.00703988 -0.00509726 -0.00333971 -0.00240418 -0.00165869 -0.00117184 -0.000720717 -0.000395962 -9.89948e-05 0.000204447 0.000581869 0.000620985 0.000660686 
-0.00886207 -0.00565865 -0.00377873 -0.00271952 -0.00199432 -0.00150708 -0.00106246 -0.000757542 -0.000435474 -4.61695e-05 0.000390682 0.000333818 0.000622883 
-0.00898365 -0.00594432 -0.00410326 -0.00311025 -0.00254984 -0.00214996 -0.0015658 -0.00124564 -0.00106513 -0.000758588 -3.88985e-05 -0.000189589 0.000392342 
-0.007729 -0.00545138 -0.00383803 -0.00296368 -0.00231521 -0.00190262 -0.00150535 -0.00111664 -0.000857788 -0.000523179 5.95215e-05 -9.16276e-05 0.000102589 
-0.00519627 -0.00464425 -0.00353491 -0.0028363 -0.00228572 -0.00195195 -0.00151961 -0.00125078 -0.000943363 -0.000761571 -0.000203738 -0.000344546 0.000345218 
-0.00223388 -0.00336153 -0.00315432 -0.00273043 -0.00228775 -0.00200929 -0.00171067 -0.00152971 -0.00130564 -0.00105978 -0.000669693 -0.000803816 -0.000488704 
0.00172244 -0.00176125 -0.00261736 -0.00254746 -0.0022781 -0.00210588 -0.00191041 -0.0017745 -0.00169008 -0.00146329 -0.00140027 -0.00104411 -0.000597951 
-0.00252625 -0.00474389 -0.00462446 -0.00391275 -0.00328613 -0.00286588 -0.00241974 -0.00213385 -0.00181322 -0.00165948 -0.00136549 -0.000976131 -0.000215566 
-0.00629058 -0.00663702 -0.00557475 -0.00450985 -0.00371403 -0.00318863 -0.00273863 -0.00237447 -0.0021294 -0.00183431 -0.00161501 -0.00123845 -0.00131602 
-0.00988294 -0.00823992 -0.00647087 -0.00513432 -0.00417627 -0.00355207 -0.00310247 -0.00284313 -0.00252973 -0.00208625 -0.00183212 -0.00134793 -0.00231689 
-0.012311 -0.00912715 -0.00693617 -0.00544244 -0.00451316 -0.00385646 -0.00333893 -0.00301404 -0.00265353 -0.00224467 -0.00192072 -0.00141424 -0.00296662 
-0.0132536 -0.00946728 -0.00696131 -0.0054503 -0.00457802 -0.00392213 -0.00338918 -0.00308385 -0.00280461 -0.00234631 -0.00198269 -0.00148447 -0.00425417 
-0.0131601 -0.00928985 -0.00687924 -0.00537275 -0.00442355 -0.00375632 -0.00324337 -0.00289261 -0.00263655 -0.00225268 -0.00183038 -0.00117389 -0.00284042 
-0.0120586 -0.00896568 -0.00677693 -0.00529742 -0.00430785 -0.00368837 -0.00315805 -0.00284363 -0.00253451 -0.00221195 -0.0019295 -0.00105 -0.00227949 
-0.00955461 -0.00800723 -0.00634744 -0.00501992 -0.00411989 -0.0034917 -0.00303237 -0.00273815 -0.00251077 -0.00215279 -0.00182649 -0.00119115 -0.00161631 
-0.00623175 -0.00650576 -0.00554311 -0.00449805 -0.00369774 -0.00315616 -0.00271734 -0.00239807 -0.00222518 -0.00184067 -0.00152247 -0.0011577 -0.00116305 
-0.00156494 -0.00464682 -0.00464273 -0.00391175 -0.00331426 -0.00281954 -0.00245665 -0.00219257 -0.00196203 -0.00170527 -0.00139597 -0.000887528 0.000115775 
-0.0014421 -0.0038797 -0.00332406 -0.00271065 -0.00210974 -0.0016594 -0.00125113 -0.000976691 -0.000775518 -0.000395454 -7.10256e-06 0.000362803 0.00151977 
-0.00537856 -0.00580193 -0.0043872 -0.00329067 -0.00250815 -0.00202321 -0.00152844 -0.00117462 -0.000892915 -0.000551236 -0.000159171 -2.81717e-06 -0.00051583 
-0.00897331 -0.00727769 -0.00502188 -0.00372285 -0.00288096 -0.00228317 -0.00178612 -0.00139235 -0.00104216 -0.000688333 -0.000202161 -4.12188e-05 -0.00089628 
-0.0116678 -0.00817818 -0.00545452 -0.00401336 -0.00299391 -0.002378 -0.00173244 -0.00133853 -0.000981219 -0.000588644 -0.000262342 0.000104374 -0.00145777 
-0.0128871 -0.00853319 -0.00565189 -0.00408852 -0.00303708 -0.00241332 -0.00185319 -0.00140883 -0.00104095 -0.000644412 -0.00030609 3.2209e-05 -0.0021114 
-0.0128252 -0.00834816 -0.00551331 -0.00402762 -0.00294086 -0.00227223 -0.00181294 -0.0013545 -0.00105833 -0.000691632 -0.00024087 0.000173619 -0.00184138 
-0.0111528 -0.00785832 -0.00532229 -0.00384344 -0.00281068 -0.00216896 -0.00167773 -0.00124994 -0.000965106 -0.00070428 -0.000269764 0.000200515 -0.00165043 
-0.00824946 -0.00684506 -0.00482339 -0.00346361 -0.00255892 -0.00196305 -0.00154324 -0.0011639 -0.00100727 -0.000650365 -0.000245787 -3.6142e-05 -0.000786432 
-0.00496655 -0.0052811 -0.00403027 -0.00296116 -0.00215203 -0.00160115 -0.00126145 -0.000917692 -0.00069487 -0.000462204 -8.76755e-06 0.00022264 -0.000655446 
-0.000449573 -0.00333014 -0.00308993 -0.00238988 -0.00175637 -0.00129757 -0.000951088 -0.000683956 -0.00051311 -0.000178258 0.000201583 0.000551572 0.00215487 
0.00370446 0.000341465 -0.000613575 -0.000424845 -0.000386102 -0.000202005 -5.16188e-05 7.73856e-05 0.000203765 0.000462531 0.000683888 0.00058368 0.00140043 
-0.000216511 -0.00147886 -0.00153995 -0.000944889 -0.000712434 -0.000569823 -0.000339706 -0.000154203 7.16403e-05 0.00031094 0.000511805 0.000452606 -0.000131298 
-0.00312274 -0.00293565 -0.00231145 -0.00142431 -0.00103734 -0.000873718 -0.000663903 -0.00043146 -0.000291896 3.45197e-05 0.000334984 0.000353668 -0.000958064 
-0.00537025 -0.00383823 -0.00274224 -0.00165623 -0.00121476 -0.000923923 -0.000738065 -0.000544753 -0.000333492 7.01594e-05 0.000603281 0.000307923 -0.00122594 
-0.00683485 -0.00423768 -0.00290216 -0.00181668 -0.00128315 -0.000923808 -0.000707304 -0.00052766 -0.000238344 0.000131697 0.000471881 0.000244598 -0.00129658 
-0.00659642 -0.00394104 -0.00259605 -0.00175891 -0.00117308 -0.000923684 -0.000653154 -0.000453088 -0.000282344 4.38901e-05 0.000380372 0.000528508 -0.00114821 
-0.00481277 -0.00338064 -0.0022608 -0.00143802 -0.000935104 -0.000670301 -0.000418271 -0.000215494 -3.20281e-05 0.000178908 0.000474306 0.000827068 -0.00127603 
-0.00200459 -0.00211648 -0.0014517 -0.000882121 -0.000484218 -0.000226755 -1.75753e-05 0.000167248 0.000275969 0.000586279 0.000898124 0.000949853 -0.000325103 
0.000952754 -0.00037299 -0.000452469 -0.000146482 0.000121805 0.00027566 0.000492816 0.000639329 0.000742063 0.000891645 0.0011831 0.00110241 0.00053459 
0.00622636 0.00153123 0.000571294 0.0005644 0.000692743 0.000753358 0.000812583 0.000965761 0.00108026 0.00126482 0.00139105 0.00122288 0.00164031 
0.00607832 0.00165267 0.000923916 0.0011206 0.00131105 0.00150612 0.00168195 0.00173757 0.00185432 0.00197717 0.00220378 2.62075e-10 0.00187253 
0.00140308 -9.33435e-05 0.000100041 0.000532708 0.000928252 0.00119734 0.00139903 0.00162191 0.00177385 0.00189565 0.00198102 -2.69287e-09 -0.000367785 
-0.00135329 -0.00146008 -0.000523173 5.3133e-05 0.000588537 0.000914508 0.00119695 0.00141527 0.00147877 0.00170814 0.00175338 -0.000118123 -0.00106448 
-0.00353987 -0.00223789 -0.000787934 -0.000129805 0.000413104 0.000857752 0.00119786 0.00131059 0.00139733 0.00160803 0.0018665 -0.000306815 -0.000779619 
-0.00487157 -0.00252977 -0.000876845 -0.00016761 0.00039819 0.000805643 0.00104863 0.00117709 0.00131896 0.00145475 0.00168651 2.65399e-09 -0.000906823 
-0.00451475 -0.00206814 -0.000620311 0.000246447 0.000689287 0.00100626 0.00122815 0.00140884 0.00160743 0.0017452 0.00196647 0.00255157 0.00201816 
-0.00260247 -0.00126495 -7.03292e-05 0.000681899 0.00108193 0.00138185 0.00154755 0.00171324 0.00190801 0.00208198 0.00245385 0.00251601 0.0012119 
-3.93153e-06 -0.000132955 0.000588415 0.00110292 0.00144333 0.00164435 0.00174841 0.00200089 0.00217325 0.00229582 0.00257875 0.00259635 0.00170663 
0.0029454 0.00146189 0.00134148 0.00171311 0.00189415 0.00203994 0.00219378 0.00242333 0.0025111 0.00248581 0.0028976 0.00286083 0.00276553 
0.00805688 0.00349811 0.0025933 0.0024787 0.00243888 0.00259555 0.00273657 0.00270488 0.0029801 0.00311055 0.00326697 0.00361337 0.0035556 
-0.005263 -0.00281249 -0.00181728 -0.00155402 -0.00170519 -0.00190498 -0.00194934 -0.00208555 -0.00224618 -0.00240061 -0.00264127 -0.00249739 -0.0026768 
-0.00162283 -0.000864333 -0.000663681 -0.000620091 -0.000852319 -0.00106163 -0.00121883 -0.0012989 -0.00132497 -0.00158931 -0.00172764 -0.00192269 -0.00182071 
0.00074086 0.000316885 0.000111195 -1.2985e-05 -0.000320331 -0.000587653 -0.000732631 -0.000811122 -0.000860251 -0.00100789 -0.0010728 -0.00137351 -0.000698547 
0.00290588 0.000956608 0.000433777 0.000275995 -3.97656e-05 -0.000306615 -0.000450219 -0.000487978 -0.0005297 -0.00062039 -0.000661644 -0.0012804 -4.97427e-05 
0.0042297 0.00180882 0.000942911 0.000737729 0.000351697 6.37386e-05 -6.05118e-05 -0.000211981 -0.000237941 -0.000312311 -0.000220024 -0.00118592 0.000134728 
0.00408156 0.00161387 0.00097602 0.000796511 0.000417744 0.000186819 -1.42444e-05 -0.000206088 -0.000280723 -0.00035209 -0.000243742 -0.00201369 0.000468965 
0.00297216 0.00128711 0.000834976 0.000762511 0.00044422 0.000234619 3.73263e-05 -8.36524e-05 -0.000118153 -0.000230417 -9.88583e-05 -0.00259426 0.000360344 
0.000671051 0.000586661 0.00047023 0.000496906 0.000234523 5.72351e-05 -0.000160289 -0.000272166 -0.000351037 -0.000442161 -0.000412257 -0.00232614 -0.000861428 
-0.00158489 -0.000548523 -0.000142587 1.38363e-05 -0.000155233 -0.000298491 -0.00043132 -0.000583354 -0.000695495 -0.000797635 -0.000822286 -0.00226135 -0.0014043 
-0.00448875 -0.00196276 -0.00090373 -0.00055049 -0.00055887 -0.000711123 -0.000842498 -0.00093027 -0.00100683 -0.00125293 -0.00154185 -0.00253456 -0.00241502 
-0.00628939 -0.00167973 -0.000753288 -0.000330556 -0.000240947 -0.000681241 -0.00102093 -0.00110872 -0.00136904 -0.00132902 -0.00142931 -0.00157774 -0.0024468 
-0.00198651 0.000144593 0.000348125 0.000374739 0.0003366 -8.14566e-05 -0.000436628 -0.0004262 -0.00069924 -0.000919862 -0.000976641 -0.00120721 -0.00150514 
0.000949091 0.00154533 0.00114505 0.000990374 0.000701896 0.000201106 -0.000203296 -0.000363897 -0.000584804 -0.000804857 -0.000569827 -0.00132061 -3.54598e-05 
0.00335345 0.00243655 0.00150185 0.00126098 0.00109751 0.000512142 0.000139806 -9.69689e-05 -0.000218607 -0.000194593 -6.57024e-05 -0.000630051 0.000224033 
0.00508804 0.00279454 0.00153674 0.0013298 0.00120222 0.000663521 0.000357486 0.000117361 0.000148209 6.95841e-05 0.000361229 -0.000489679 0.00107661 
0.00481366 0.00263401 0.00115517 0.000833161 0.000601847 0.000340664 0.000239257 0.000245079 0.000155246 -0.000105945 0.000170061 -0.000865125 -0.000151299 
0.00318836 0.00207595 0.000887642 0.00060213 0.000398035 0.000220095 1.07496e-05 -0.000141653 -0.000201872 -0.000332826 -0.000224605 -0.00107494 0.000279612 
0.000710108 0.00116073 0.000385263 0.000171241 4.99098e-05 -5.4662e-05 -0.00030235 -0.000456955 -0.000541459 -0.000569391 -0.000593683 -0.00119199 -5.58452e-05 
-0.00228242 -0.000329912 -0.000476556 -0.000477973 -0.000433684 -0.000546817 -0.000520527 -0.000859984 -0.00089836 -0.00106508 -0.00116057 -0.00159459 -0.0011706 
-0.00691035 -0.00173377 -0.00112028 -0.000957267 -0.000887409 -0.00106514 -0.00120481 -0.00130145 -0.0013843 -0.00157794 -0.00173243 -0.00203941 -0.00221789 
-0.0059513 -0.000869646 3.53194e-05 0.000311458 0.000322321 0.000160846 -0.00015855 -0.000329548 -0.000326588 -0.000439526 -0.000784236 -0.00100373 -0.0016694 
-0.000658309 0.000830452 0.000904308 0.000970204 0.000904825 0.000671594 0.000340686 7.59927e-05 7.27803e-05 -2.59394e-05 -0.000226886 -0.000941849 -0.000400926 
0.00228751 0.00211256 0.00156207 0.00147497 0.00128679 0.000984251 0.000645382 0.000391299 0.000421192 0.000318374 0.000236511 -0.000690921 0.000522952 
0.00457439 0.00290869 0.00214026 0.00193523 0.00165805 0.00132752 0.000998328 0.000762013 0.000673825 0.00053374 0.000394894 -0.000652447 0.000585603 
0.00597991 0.00317869 0.00215623 0.00198123 0.00178924 0.00132539 0.000849136 0.000663425 0.000614314 0.000564275 0.000580913 -0.000595579 0.000202528 
0.00567312 0.00294708 0.00205213 0.00191049 0.00167667 0.00127348 0.00084784 0.000666007 0.000499159 0.000476487 0.000728214 -0.000402873 0.000598453 
0.00410075 0.00216915 0.00145304 0.00135419 0.00118344 0.00083179 0.000451869 0.000277991 6.33669e-05 1.51861e-06 0.000180205 -0.000826187 -0.000802949 
0.0014865 0.00126734 0.000912489 0.000940552 0.000745986 0.000412142 8.8677e-05 -0.000178296 -0.000185386 -0.000240388 -0.000130612 -0.000739143 -0.000190733 
-0.00153117 -0.000333153 5.85444e-05 0.00020977 6.92609e-05 -0.000136671 -0.000536073 -0.000702989 -0.000759928 -0.000779254 -0.000827329 -0.000961252 -0.00104557 
-0.00571869 -0.0021463 -0.00108945 -0.000757035 -0.000739979 -0.000904889 -0.00124856 -0.00131663 -0.00137059 -0.00156118 -0.00165613 -0.00137645 -0.00187873 
-0.00389493 0.00177781 0.00315293 0.00357877 0.00355259 0.00356147 0.00332635 0.00327206 0.00312836 0.00325141 0.00312673 0.00281789 0.0012853 
0.000722123 0.00321779 0.00397185 0.00413087 0.00398735 0.00403745 0.0037682 0.00363369 0.00355072 0.00390035 0.00395814 0.0034169 0.00173138 
0.00374866 0.00418728 0.00446063 0.00446256 0.0042761 0.00431506 0.00403396 0.00386584 0.00382044 0.00412428 0.00431061 0.0036695 0.0025718 
0.0059779 0.00502736 0.005048 0.00507058 0.00470835 0.00466376 0.00440792 0.00434721 0.00431941 0.00449769 0.00473538 0.00354208 0.00398742 
0.00729246 0.00537265 0.00500624 0.00489134 0.00452373 0.00443373 0.00426575 0.00429018 0.00430185 0.00442504 0.00440993 0.00328116 0.00427413 
0.00684403 0.00473068 0.00414626 0.00363313 0.00352584 0.00360496 0.00340326 0.0034249 0.0036061 0.00387067 0.00406935 0.00298766 0.00295575 
0.00501911 0.00395588 0.00363974 0.00343882 0.00342267 0.00336787 0.00341874 0.00337632 0.00335736 0.00364922 0.00392716 0.00280966 0.00242068 
0.00227073 0.00278555 0.00281763 0.00265491 0.00267855 0.00267071 0.0026435 0.00265553 0.00262968 0.00276575 0.00315321 0.00227008 0.00214675 
-0.000917287 0.00105622 0.00168123 0.0016929 0.00171809 0.00172126 0.00171926 0.00168692 0.0017542 0.00177792 0.00189248 0.00138072 0.000940694 
-0.00626325 -0.000742342 0.000457998 0.000717814 0.0008603 0.000966766 0.000973222 0.000924719 0.000892207 0.000914909 0.000819175 0.00061011 -0.00110251 
0.00301501 0.00594936 0.00562713 0.0048736 0.0042664 0.00378675 0.00346069 0.00319051 0.00295405 0.002635 0.00239146 0.00178069 0.000443059 
0.00785791 0.00791465 0.00653309 0.0053777 0.00461855 0.00406368 0.00363015 0.00334809 0.00312512 0.0028165 0.00253478 0.00181318 0.00113615 
0.0115489 0.00934111 0.00725868 0.00578384 0.00488954 0.0042721 0.00375588 0.00344011 0.00321049 0.00289088 0.00261645 0.00185351 0.00197207 
0.0139968 0.00993475 0.00750265 0.00588357 0.0049432 0.00431108 0.00383346 0.00349215 0.00321694 0.00293961 0.00270436 0.0020012 0.00234488 
0.0150367 0.0102953 0.00766937 0.00602772 0.00500433 0.00442353 0.00389598 0.00347595 0.00326409 0.00295707 0.00240555 0.00199737 0.00414269 
0.0150648 0.0103106 0.00773368 0.00605514 0.00503445 0.00435348 0.00384842 0.00341559 0.00318818 0.00292443 0.00249999 0.00213951 0.00230147 
0.0136432 0.00979498 0.0073674 0.00577601 0.00487497 0.00421224 0.00371439 0.00338826 0.0031043 0.00283048 0.00258583 0.00220081 0.00272015 
0.0104554 0.00875668 0.00687153 0.00543277 0.00450912 0.00386091 0.0034208 0.00306857 0.00281152 0.00257593 0.00232533 0.00196069 0.00184849 
0.00595084 0.00725699 0.00614253 0.00499813 0.00425913 0.00368959 0.00326335 0.00298398 0.00275151 0.00246935 0.0021888 0.00180418 0.00122837 
0.0024006 0.00546876 0.00522144 0.0044564 0.00386941 0.00338684 0.00301262 0.00274094 0.00252929 0.00222838 0.00200659 0.00136464 -0.000240436 
0.00394587 0.00742312 0.00686946 0.00619524 0.00555153 0.00506563 0.0048281 0.00449922 0.00427267 0.00398122 0.00352687 0.00288402 0.0012607 
0.00826015 0.00925136 0.00775859 0.00674888 0.00592255 0.0054951 0.00511224 0.00479622 0.00459317 0.00423379 0.00380663 0.00316507 0.00265143 
0.0124919 0.010787 0.00857121 0.00719975 0.00630614 0.00578931 0.00537615 0.00501855 0.00483486 0.00445004 0.00405738 0.00333017 0.00303343 
0.0153929 0.011812 0.00915151 0.00760822 0.00667346 0.00613008 0.00563914 0.00528904 0.00508168 0.0047563 0.0042449 0.00341516 0.00296842 
0.0171543 0.0124411 0.00945487 0.00793714 0.00703569 0.00640149 0.00589528 0.00553022 0.00515505 0.00490577 0.00437488 0.00347123 0.00527408 
0.0169485 0.0124396 0.00952564 0.00786578 0.00683612 0.0062983 0.00592318 0.00548546 0.00526337 0.00492053 0.00458715 0.00384488 0.00409901 
0.0153001 0.011765 0.00925113 0.0076489 0.00665488 0.00607699 0.00572202 0.00531944 0.00503933 0.00479635 0.00445985 0.0038251 0.00377323 
0.0123492 0.0107165 0.0086504 0.00725341 0.00641402 0.00581817 0.00546085 0.00510586 0.00485653 0.00453746 0.0043075 0.00338383 0.00395204 
0.00888347 0.00919311 0.00795036 0.0067119 0.00597906 0.00546842 0.00516379 0.00483138 0.00461027 0.00428999 0.00402975 0.00325642 0.0023563 
0.0046846 0.00732639 0.00689752 0.00610689 0.00551259 0.0050939 0.00472772 0.00449755 0.00427547 0.00399439 0.00381208 0.00294608 0.000655016 
-0.00114935 0.00190312 0.00299313 0.00320632 0.00311262 0.00299436 0.0028431 0.00279813 0.00261211 0.00258743 0.00253605 0.00203692 0.000502139 
0.00227832 0.00377471 0.00393403 0.00379316 0.0035596 0.00334158 0.0031994 0.00312049 0.00304889 0.00297752 0.0029924 0.00231103 0.00155921 
0.00518 0.00507336 0.00462382 0.00421172 0.00392397 0.0036565 0.00350209 0.00342775 0.00336175 0.00335822 0.00337314 0.00241649 0.00215748 
0.00760704 0.00602269 0.0051827 0.00469447 0.00433852 0.0040427 0.00381949 0.00372769 0.00359551 0.00358459 0.0036159 0.00252187 0.0028834 
0.00912224 0.00661151 0.0055058 0.00489212 0.00452357 0.00416694 0.0039398 0.00383266 0.00369708 0.00372558 0.00374244 0.00236218 0.00199584 
0.0092743 0.00640942 0.00542557 0.00489641 0.00454362 0.00420573 0.00393867 0.00384225 0.00378725 0.00380287 0.00391162 0.00278392 0.00286722 
0.00753485 0.00613018 0.00535089 0.00486249 0.00447541 0.00417164 0.00398961 0.00386484 0.00387525 0.00373846 0.00380428 0.0029946 0.00418285 
0.00505677 0.00525903 0.0049415 0.00461553 0.00430128 0.0039886 0.00381986 0.00369246 0.00360442 0.00353052 0.00364751 0.0031724 0.00333692 
0.00202304 0.00390212 0.0042962 0.00423264 0.00400379 0.0038055 0.00364969 0.0035892 0.00348648 0.00346089 0.00334887 0.0027735 0.0022443 
-0.00106939 0.00228726 0.00346605 0.00372345 0.00363925 0.00349037 0.00336303 0.00326319 0.00316027 0.00307966 0.00293857 0.00249807 0.00133079 
-0.000118284 0.00335873 0.00451255 0.0048184 0.00468494 0.00453014 0.00443166 0.00435457 0.00419197 0.00408845 0.00382362 0.00153414 0.000779584 
0.00406008 0.00535353 0.005616 0.005581 0.00527278 0.005028 0.00481012 0.00477088 0.00458812 0.00449064 0.00440096 0.00182545 0.0024862 
0.00741866 0.00682701 0.00653639 0.0062081 0.00584375 0.00552247 0.00522834 0.00509154 0.00492731 0.00480115 0.00481546 0.0021121 0.00229577 
0.00988114 0.00785051 0.00716664 0.00677119 0.0062826 0.00596129 0.00568898 0.0055419 0.00541634 0.00521252 0.00538292 0.0024045 0.00330918 
0.0112669 0.00843834 0.00754568 0.00704182 0.00654623 0.0061884 0.00591532 0.00577893 0.00559513 0.00556045 0.00552933 0.00308483 0.00366179 
0.0112872 0.00857232 0.00758643 0.0071874 0.00672882 0.00637576 0.00609029 0.00599247 0.00578617 0.00582766 0.00578575 0.00481165 0.00474502 
0.0101828 0.00817782 0.00746508 0.00708504 0.00668177 0.00637559 0.00614222 0.0059858 0.00586986 0.00578956 0.00584503 0.00474718 0.0059651 
0.00784414 0.00738374 0.00709892 0.00692641 0.00658546 0.00628279 0.00614861 0.00600871 0.00584832 0.00580184 0.00571086 0.00483074 0.00431691 
0.0048179 0.00608976 0.00649581 0.00651901 0.00631743 0.00610381 0.00595619 0.00588518 0.00579315 0.00555826 0.00550557 0.00503964 0.00413954 
0.00105866 0.00442229 0.00569567 0.00604481 0.00595823 0.00584057 0.00569959 0.00566059 0.00550814 0.00511632 0.00520287 0.00486414 0.00299082 
