0.0105531 -0.0076925 0.0041602 -0.00124147 0.000185258 -1.06164e-05 -0.00507152 
0.163053 -0.0712086 0.0501305 0.0285287 -0.0072057 0.000992557 -5.61021e-05 -0.162158 
0.00733418 -0.0057466 0.00342327 -0.00110787 0.000177632 -1.08968e-05 -0.00311241 
0.0702884 -0.0295994 0.0217947 0.0111164 -0.0025129 0.000292308 -1.26297e-05 -0.0693373 
0.00517974 -0.00380535 0.00217836 -0.000657407 9.57468e-05 -5.15898e-06 -0.00196557 
0.0448243 -0.0208666 0.0127268 0.00853472 -0.00200221 0.000223744 -7.73232e-06 -0.041392 
0.00262917 -0.00166797 0.00102298 -0.000326171 5.01623e-05 -2.85296e-06 -0.000637948 
0.00213393 0.00190196 0.0028347 -0.00176715 0.000735041 -0.000147319 1.16391e-05 -0.00363113 
0.00461858 -0.00332784 0.00178759 -0.000482933 5.82514e-05 -2.05162e-06 -0.00155262 
0.0737012 -0.0387579 0.018766 0.0182262 -0.00520062 0.000782451 -4.69592e-05 -0.0653681 
-0.00102845 0.00164948 -0.00108546 0.000438042 -9.42523e-05 8.13008e-06 0.000971253 
0.105115 -0.0547493 0.0261957 0.0251693 -0.00700543 0.00102729 -6.01019e-05 -0.0936108 
-0.000635554 0.00155586 -0.00114236 0.000473223 -9.86992e-05 8.04747e-06 0.000751777 
0.0834928 -0.0401901 0.0221429 0.0169725 -0.00432814 0.000578985 -3.03543e-05 -0.0765344 
0.000381233 0.000768578 -0.000577654 0.000238699 -5.09172e-05 4.38973e-06 0.000193282 
0.0798202 -0.0371528 0.0220806 0.0153888 -0.0039117 0.00053193 -2.89401e-05 -0.0746573 
-0.0010344 0.00334201 -0.00285838 0.00122481 -0.000252227 1.98474e-05 0.000589503 
0.181975 -0.0893285 0.0485506 0.0391829 -0.0106153 0.00154526 -9.13413e-05 -0.169145 
0.00210141 0.000644783 -0.00121351 0.000658696 -0.000152651 1.29081e-05 -0.000954929 
0.238015 -0.107902 0.0704746 0.0444402 -0.01146 0.0016061 -9.23388e-05 -0.232929 
0.00339705 -0.00199737 0.000764979 -0.000168291 1.94261e-05 -9.10974e-07 -0.00266076 
0.120665 -0.0483776 0.0398267 0.0174123 -0.00380561 0.000432729 -1.85747e-05 -0.123596 
0.00219286 -0.00198878 0.000992858 -0.000265687 3.54722e-05 -1.81938e-06 -0.00168044 
0.0553856 -0.0243769 0.0171277 0.00991401 -0.00248578 0.000333446 -1.77263e-05 -0.0534402 
0.00808227 -0.00962128 0.00674155 -0.00246624 0.000440215 -3.01443e-05 -0.00397641 
0.0867775 -0.0433908 0.0223724 0.0191766 -0.00516026 0.00074006 -4.25931e-05 -0.0780165 
0.00440586 -0.0059179 0.00423112 -0.00156726 0.000283006 -1.95431e-05 -0.00227448 
0.0628215 -0.0303513 0.0167561 0.0128996 -0.00327377 0.000430622 -2.17587e-05 -0.0568263 
0.00617074 -0.00814924 0.00591669 -0.00224517 0.000415895 -2.93702e-05 -0.00306783 
0.0699811 -0.0345144 0.0182579 0.0148317 -0.00377564 0.000492792 -2.42725e-05 -0.0628185 
0.0153329 -0.0171114 0.0117152 -0.00428393 0.000776378 -5.4315e-05 -0.00696207 
0.0988647 -0.0439922 0.0274666 0.016958 -0.00386951 0.000444913 -1.81684e-05 -0.0933721 
0.00935075 -0.0104412 0.00690163 -0.00242632 0.00042092 -2.79562e-05 -0.00443301 
0.103969 -0.048506 0.0279287 0.0199488 -0.00500557 0.000666537 -3.51873e-05 -0.0965377 
0.00714026 -0.00831276 0.00557654 -0.00200748 0.000359455 -2.47649e-05 -0.00354329 
0.0789011 -0.0346122 0.0223683 0.0131774 -0.00296217 0.000333809 -1.30847e-05 -0.0748171 
0.000844674 -0.00190537 0.00127101 -0.000435193 7.30286e-05 -4.63227e-06 -0.000849875 
0.160225 -0.076062 0.0435523 0.0322775 -0.00849257 0.00120717 -7.00224e-05 -0.15029 
0.00452305 -0.00625504 0.00462607 -0.00183221 0.00035869 -2.70221e-05 -0.00252327 
0.238156 -0.108783 0.0690331 0.0451996 -0.0118136 0.0016862 -9.92047e-05 -0.230981 
0.162314 -0.60934 0.983311 -0.739568 0.205906 -0.0190028 -0.0966842 
0.306716 2.45129 0.565589 -2.4167 1.0542 -0.205103 0.0146227 -0.362116 
-1.1521 0.542233 0.136895 -0.340492 0.115412 -0.0115041 0.558005 
1.73062 -2.15251 -0.183897 2.03847 -0.958536 0.217098 -0.0184472 0.691057 
-0.187464 -0.552022 0.889405 -0.58848 0.155577 -0.0140644 0.121332 
2.41949 -3.34784 -0.456981 2.70261 -1.07685 0.210983 -0.0159462 0.906031 
-1.49758 1.17104 -0.557737 0.0768297 0.0082987 -0.00187664 0.59812 
2.87059 -4.46225 -0.672016 3.70219 -1.50981 0.298859 -0.0226607 1.14299 
2.85352 -3.1574 2.23616 -0.872591 0.168399 -0.0124411 -1.42395 
2.29909 -3.42232 -0.400676 2.95086 -1.25505 0.261426 -0.020837 0.907619 
-1.75628 2.35591 -2.06578 0.931009 -0.197802 0.0156734 0.497292 
1.97684 -2.86246 -0.240987 2.62744 -1.17191 0.251826 -0.0204388 0.761945 
0.742891 -0.218434 -0.290279 0.285446 -0.0818367 0.00756636 -0.683081 
3.5163 -5.99867 -1.01032 5.0057 -2.06454 0.413852 -0.0317 1.52177 
3.06652 -2.88242 1.73412 -0.521811 0.0779053 -0.00476309 -1.67832 
2.8841 -4.54125 -0.707798 3.77495 -1.56181 0.318055 -0.0250099 1.20291 
3.27154 -2.70646 1.29135 -0.185733 -0.0177488 0.00438671 -1.82368 
2.31799 -2.9637 -0.44286 2.27138 -0.858583 0.162532 -0.0121123 0.881012 
3.2763 -2.77513 1.23423 -0.074835 -0.0528958 0.00764418 -1.74848 
-1.84644 8.28672 1.61815 -7.67693 3.3274 -0.669035 0.0503198 -1.64261 
-1.56852 2.56047 -1.11691 -0.00798972 0.0804877 -0.0106476 1.19467 
0.987171 -0.472118 0.257811 0.847494 -0.524557 0.133196 -0.0117252 0.173715 
1.80871 -0.760346 0.589563 -0.346909 0.0889411 -0.0078493 -0.363251 
7.69928 -14.0803 -3.1301 10.6678 -4.0065 0.73577 -0.0523537 3.57601 
0.575976 -0.0599434 0.371648 -0.32531 0.0937852 -0.00869119 0.225883 
1.25503 0.20645 0.0939743 -0.667418 0.403485 -0.0928875 0.00754713 0.171437 
1.56154 -1.0747 0.908805 -0.429877 0.0937975 -0.00737214 -0.324241 
3.37782 -5.21561 -0.959839 4.06025 -1.59205 0.311036 -0.023689 1.40118 
1.83013 -1.23665 0.872972 -0.353755 0.0704226 -0.00528226 -0.603156 
2.90017 -4.47034 -0.687622 3.57427 -1.40372 0.270312 -0.0201759 1.16145 
2.14628 -1.33587 0.676129 -0.137687 0.00439734 0.00106781 -0.736069 
-0.914274 5.30546 1.17081 -4.82447 2.045 -0.401864 0.0296179 -1.01734 
1.29263 -0.161973 -0.329028 0.282936 -0.073754 0.00614406 -0.51938 
4.35995 -7.71587 -1.45692 6.26164 -2.52293 0.494249 -0.0370295 1.97899 
2.88672 -2.1659 1.1188 -0.224245 0.00861302 0.00123296 -1.24017 
4.34796 -7.94844 -1.47107 6.52806 -2.64128 0.518841 -0.0391624 2.05203 
4.3332 -3.98935 2.40317 -0.656277 0.0766269 -0.00269092 -1.87018 
3.19812 -4.61705 -0.893615 3.39864 -1.25596 0.232779 -0.0170256 1.31353 
5.40197 -5.33791 3.28483 -0.906725 0.10656 -0.00382964 -2.32656 
4.89808 -8.59021 -1.74385 6.67002 -2.54833 0.474374 -0.0340804 2.24425 
-0.114001 0.124593 -0.093088 0.0386807 -0.00805683 0.000643754 0.052399 
-0.00034275 0.00048256 0.00237103 0.000763014 -0.000162574 -0.000216705 7.36013e-05 -0.000984872 
-0.0220424 0.0183622 -0.0102287 0.00332781 -0.000572446 3.97827e-05 0.0120487 
0.000136187 0.0112829 0.00679296 -0.00544833 -0.00202461 0.00218194 -0.000436841 -0.0103798 
-0.0279446 0.0342782 -0.0268554 0.0115796 -0.00251883 0.000215154 0.0121137 
0.000251747 0.0194922 0.00950297 -0.011241 -0.00362996 0.00503148 -0.00116295 -0.0161924 
0.0239959 -0.0258822 0.0197086 -0.00818291 0.00169336 -0.000135384 -0.0104449 
-0.000441816 0.00790324 0.00430204 -0.00348837 -0.00220885 0.00204744 -0.000390818 -0.00569025 
-0.0106695 0.0189414 -0.0156059 0.00631139 -0.00119628 8.52799e-05 0.00296633 
0.000375771 0.0211228 0.0103899 -0.011566 -0.00375145 0.00470885 -0.00100154 -0.0180825 
0.00579916 -0.00296706 0.000961344 -3.5554e-05 -4.29548e-05 6.13265e-06 -0.00293629 
0.00781041 0.00354107 0.00543259 -0.0052152 0.00256471 -0.000556677 4.45033e-05 -0.0115553 
-0.00333897 0.00486784 -0.00351634 0.00137396 -0.000269607 2.09307e-05 0.00171522 
0.00544475 0.00460255 0.00503537 -0.00532434 0.00244285 -0.00052166 4.28107e-05 -0.0096603 
-0.0182216 0.0188226 -0.0125003 0.00463391 -0.000875059 6.50359e-05 0.00901762 
0.118435 -0.0605865 0.0299932 0.0277304 -0.00783672 0.00118457 -7.21199e-05 -0.106775 
-0.0447356 0.04257 -0.0267353 0.00932558 -0.00165369 0.000115667 0.0221839 
0.00612723 0.00384166 0.006252 -0.0042511 0.00184124 -0.000371665 2.91186e-05 -0.0114339 
-0.059806 0.0526317 -0.0310292 0.0102333 -0.0017243 0.000115029 0.0308202 
0.233416 -0.115636 0.0638848 0.0522997 -0.0148243 0.00227819 -0.000143287 -0.219148 
-0.0266446 0.0255347 -0.0165236 0.00593777 -0.00108648 7.84098e-05 0.0121124 
0.128591 -0.055041 0.0401482 0.0214323 -0.00519689 0.000685308 -3.72329e-05 -0.128049 
-0.00530613 0.0041272 -0.00227482 0.00068851 -0.000107346 6.89578e-06 0.00216426 
0.167947 -0.0799528 0.046572 0.0344397 -0.00926039 0.0013545 -8.14322e-05 -0.158564 
0.00148638 -0.00259425 0.00182083 -0.000593129 8.41401e-05 -3.82551e-06 -0.0010209 
0.103831 -0.0541567 0.0256087 0.024873 -0.00694674 0.00103394 -6.2232e-05 -0.0917301 
0.00396932 -0.0051251 0.00362513 -0.00134016 0.00024045 -1.6194e-05 -0.00223195 
0.00593014 0.00344087 0.00465884 -0.00447551 0.00211589 -0.000451391 3.64436e-05 -0.00881867 
0.0123494 -0.0138584 0.00959392 -0.00359262 0.000671801 -4.87072e-05 -0.00613047 
0.00752243 0.00430443 0.00560227 -0.00589547 0.00283908 -0.000610658 4.92467e-05 -0.0113683 
0.0161249 -0.017588 0.0119928 -0.00442562 0.000817153 -5.86158e-05 -0.00745031 
0.132664 -0.0643879 0.0345578 0.0277324 -0.00735544 0.00104716 -6.04373e-05 -0.121715 
0.0110483 -0.0124298 0.00850262 -0.00314664 0.000586636 -4.28841e-05 -0.00517081 
0.13254 -0.0652829 0.034076 0.0286143 -0.00775656 0.00113418 -6.75899e-05 -0.120826 
0.00491205 -0.00580688 0.00362573 -0.00117714 0.000186056 -1.11073e-05 -0.00252932 
0.0896722 -0.0386728 0.0254499 0.0141295 -0.00295089 0.000290237 -7.97061e-06 -0.0855275 
-0.00114769 -0.000737618 0.00102265 -0.000528855 0.00012044 -9.77844e-06 0.000285274 
0.232912 -0.107857 0.0650162 0.0449 -0.0117099 0.00166819 -9.81092e-05 -0.222486 
-0.00958872 0.00675043 -0.00348192 0.000986853 -0.000142012 8.15736e-06 0.00435996 
0.206201 -0.0897859 0.0621269 0.0352743 -0.00866134 0.00115772 -6.36874e-05 -0.203839 
-28.4348 34.7989 -28.205 11.9852 -2.46104 0.191953 12.1046 
6.73372 -0.310281 1.86895 -1.66618 0.87067 -0.156871 0.00933276 -5.89204 
-17.0991 18.296 -12.8691 4.73569 -0.843184 0.0570781 7.67368 
-2.82721 -19.0927 -8.52554 19.6498 -8.70382 1.77278 -0.134661 19.2051 
5.79035 -8.49169 7.54501 -3.5051 0.755611 -0.0593994 -2.12299 
-0.758185 -2.19254 -1.28081 2.81198 -1.41277 0.318315 -0.0260328 3.9153 
44.4867 -50.8862 36.6722 -14.0377 2.6428 -0.191184 -18.8783 
-1.70492 -0.98844 -1.28251 2.47618 -1.72114 0.472919 -0.0440051 4.2417 
0.875568 -1.25885 0.495627 0.198215 -0.149533 0.0207013 -0.428189 
-66.6468 23.0442 -19.4274 -2.24352 -2.3535 0.854137 -0.0832106 68.2002 
1.13698 -0.715523 -0.0889631 0.301578 -0.109187 0.0115636 -0.727447 
2.47137 -3.49332 -0.602339 2.72131 -1.03433 0.187842 -0.0128973 1.12024 
2.90796 -2.62623 1.41735 -0.352644 0.0360891 -0.000968766 -1.60013 
2.01347 -2.41569 -0.312524 1.72456 -0.579413 0.0967534 -0.0064055 0.793042 
2.88593 -1.77338 0.197955 0.345532 -0.135188 0.0141544 -1.7234 
1.38309 -1.23311 0.0424573 0.904513 -0.270453 0.0367186 -0.00205569 0.438878 
4.61002 -3.57856 1.52986 -0.152916 -0.0408883 0.0068057 -2.52402 
0.473736 2.25734 0.66086 -2.18232 0.877848 -0.14509 0.00765847 -0.574728 
3.73633 -3.23199 1.67441 -0.289258 -0.00619587 0.00392772 -2.00281 
1.59445 -2.10294 -0.220145 1.87735 -0.767571 0.147992 -0.0107349 0.835573 
2.7386 -1.80022 1.66838 -0.974756 0.251224 -0.022572 -0.725216 
3.97269 -7.20442 -1.2048 6.21156 -2.62157 0.527337 -0.0399944 1.73162 
0.5635 0.407057 -0.092491 -0.125431 0.0514626 -0.00519792 0.209328 
2.19565 -2.73676 -0.315034 2.21062 -0.908593 0.18357 -0.0141281 0.720786 
-1.4882 1.98348 -0.837436 0.0246366 0.0498708 -0.0071091 1.1576 
1.24885 0.19788 0.1017 -0.676353 0.407093 -0.0892773 0.00658662 0.169032 
1.65588 -1.3027 1.20123 -0.598168 0.1346 -0.0108368 -0.338384 
7.16166 -14.7253 -2.75324 12.3623 -5.06244 0.99481 -0.0744876 3.43408 
2.98601 -2.57736 1.89202 -0.780931 0.16207 -0.0130302 -1.07828 
3.00381 -5.95729 -0.76285 5.55468 -2.4669 0.517233 -0.0407022 1.4537 
5.5742 -5.52666 3.9032 -1.44151 0.260794 -0.0181616 -2.12859 
1.89986 -1.90284 -0.200405 1.39034 -0.537292 0.11029 -0.00910362 0.588315 
6.02648 -5.84811 3.92082 -1.35506 0.227352 -0.0146758 -2.45553 
4.93642 -9.08661 -1.67735 7.30323 -2.84992 0.536331 -0.038741 2.21068 
2.87752 -2.06778 1.01062 -0.171161 -0.00491731 0.00260084 -1.24838 
4.12578 -6.86938 -1.27921 5.22677 -1.91492 0.334261 -0.0220277 1.7299 
1.71849 -0.804267 -0.0382177 0.323959 -0.11619 0.0118063 -0.772149 
3.65865 -6.14774 -1.08757 4.93468 -1.97596 0.391528 -0.0301745 1.58875 
4.8476 -4.52703 2.47599 -0.496493 0.0113936 0.00415815 -2.08496 
1.39208 0.431208 0.00971072 -1.16514 0.716417 -0.169901 0.0140123 0.177821 
