-1.3197 0.272664 -0.574765 -0.0281407 1.6554 
11.8144 -3.83623 3.89987 1.0864 -0.163127 0.00986767 -11.9344 
-0.403887 0.0948867 -0.137574 -0.00999756 0.453551 
14.6931 -5.36545 4.33559 1.69938 -0.292367 0.0202503 -14.215 
-0.255394 0.0766676 -0.0887219 -0.0110832 0.2802 
-0.0704827 0.764213 0.0634626 -0.3629 0.0833126 -0.00737964 0.394841 
0.731831 -0.172889 0.27531 0.0198932 -0.852858 
15.1362 -6.13181 3.95226 2.10218 -0.382827 0.0272965 -13.8219 
0.612093 -0.101904 0.278084 0.00549805 -0.796689 
14.5556 -5.78603 3.9393 2.02313 -0.388821 0.0300305 -13.4856 
-0.566011 0.126582 -0.229967 -0.0149625 0.67286 
18.3607 -6.93875 5.21959 2.14061 -0.341883 0.0211077 -17.5736 
-1.53799 0.412633 -0.507808 -0.0549718 1.67025 
30.6681 -13.2022 7.7151 4.54934 -0.823036 0.0584399 -28.0686 
0.591177 -0.0936056 0.36451 0.00553384 -0.879102 
2.36555 -0.635128 0.573804 0.263977 -0.0664782 0.00653353 -1.64337 
0.594327 -0.089072 0.409586 0.00658988 -0.929099 
-13.9854 7.24214 -3.06394 -2.61641 0.483628 -0.034581 12.8158 
-1.57728 0.38014 -0.455976 -0.0419951 1.69225 
-14.2979 8.17097 -2.74999 -3.22027 0.642018 -0.0489997 12.3831 
0.0181939 -0.13843 -0.274198 0.0250679 0.421943 
15.6103 -5.37658 4.95676 1.63875 -0.274452 0.0186438 -15.6629 
-0.148845 -0.035009 -0.194571 0.00798428 0.40013 
31.2129 -12.7287 8.70636 4.3602 -0.807397 0.0595784 -29.8719 
0.349888 -0.126902 0.0468725 0.0169121 -0.27014 
18.6695 -7.48637 5.05233 2.53473 -0.460501 0.0334527 -17.427 
-1.22715 0.22357 -0.560959 -0.0201375 1.5855 
24.1582 -9.77431 6.50278 3.23872 -0.568705 0.0391948 -22.6843 
0.590249 -0.160853 0.170915 0.0248092 -0.619411 
12.8896 -6.35058 2.68596 2.57654 -0.530381 0.041446 -10.4223 
-0.753361 0.105238 -0.400849 -0.00406415 1.04995 
25.8825 -10.7588 6.83743 3.70229 -0.678012 0.0489207 -24.0861 
0.19607 -0.102563 0.00937842 0.0185601 -0.12374 
-8.09772 3.24032 -3.07901 -0.983296 0.165503 -0.0111199 9.70273 
-1.3866 0.309491 -0.542257 -0.0314709 1.63576 
11.9573 -5.4624 2.55956 2.08749 -0.419898 0.0332223 -9.81581 
0.224201 -0.103809 0.05871 0.0211858 -0.213025 
10.0699 -4.3111 2.23513 1.55876 -0.295379 0.0223203 -8.34952 
-1.18222 0.175511 -0.582056 -0.00830201 1.57394 
26.8673 -10.4301 7.77361 3.30987 -0.552981 0.0365091 -26.082 
-1.13311 0.291106 -0.422046 -0.036599 1.30327 
-12.5867 5.57014 -3.88819 -1.9079 0.368393 -0.0288368 13.5341 
0.555157 -0.172555 0.157822 0.0267572 -0.554606 
-19.9811 9.17714 -5.62994 -3.25184 0.624614 -0.047555 20.1653 
-0.231715 0.0719002 -0.0678302 -0.0101481 0.242233 
-19.8851 9.5255 -5.53856 -3.61775 0.751797 -0.0619208 19.8909 
0.345332 -0.099982 0.11651 0.0149081 -0.371641 
-34.2317 16.2818 -9.04847 -6.06284 1.2036 -0.0938057 33.0029 
-0.202259 0.0475679 -0.0834373 -0.00667743 0.242592 
-43.2257 20.6147 -11.2861 -7.77423 1.57206 -0.125184 41.2766 
-0.324187 0.0954196 -0.134942 -0.0151565 0.378889 
-55.8054 26.6612 -14.3699 -10.0561 2.02112 -0.159457 52.7588 
-0.258999 0.0664704 -0.130359 -0.0106037 0.333845 
-16.9675 7.81155 -4.84935 -2.70259 0.495062 -0.0355439 17.3157 
-1.04355 0.27214 -0.38841 -0.035017 1.18508 
-36.7402 17.6848 -9.57919 -6.67077 1.34027 -0.105602 35.1306 
0.093564 -0.0170713 0.00343843 -0.00198403 -0.0836741 
-25.3335 12.0551 -6.89645 -4.51673 0.916003 -0.0733121 24.9125 
1.8718 -0.5002 0.62099 0.0667199 -2.05751 
9.87291 -4.02982 2.1476 1.32621 -0.2141 0.0129988 -8.02066 
-1.027 0.137523 -0.565427 -0.00667089 1.46333 
-2.58347 3.17581 0.190681 -1.63684 0.401859 -0.0361852 1.50033 
-0.137933 0.00812756 -0.0965202 0.00372121 0.216394 
-26.0748 14.2695 -5.76145 -5.84911 1.25379 -0.104026 23.2766 
-0.156634 0.030774 -0.0579915 0.000545061 0.17382 
-39.4997 19.6491 -9.66026 -7.52129 1.51758 -0.119521 36.6507 
0.147336 -0.0411338 0.0754432 0.0084742 -0.203935 
-52.5772 24.9867 -13.4637 -9.32008 1.8594 -0.146481 49.6805 
0.166783 -0.0367029 0.0642713 0.00384968 -0.198075 
-52.3655 23.8295 -14.02 -8.56345 1.65451 -0.126625 50.6061 
-0.0990164 0.0497863 -0.0347173 -0.0114705 0.0930537 
-40.0373 18.5236 -10.6454 -6.70863 1.30041 -0.0993937 38.6924 
0.824258 -0.189701 0.309737 0.0196877 -0.980035 
-39.9545 19.0024 -10.4083 -7.16683 1.45774 -0.116936 38.2125 
1.48033 -0.362242 0.544035 0.0413287 -1.71541 
-29.1289 13.8262 -7.70169 -5.1189 1.01735 -0.0798489 28.2376 
0.830771 -0.166422 0.353956 0.0134386 -1.04882 
-35.4382 16.2563 -9.58189 -5.86571 1.14378 -0.0884468 34.6082 
2.27721 -0.555926 0.868732 0.0681932 -2.67349 
-12.5552 5.91082 -3.59035 -2.16499 0.443045 -0.0359337 13.045 
0.415793 -0.461942 -1.48595 0.0740961 1.35566 
11.6238 -3.02253 5.317 0.912641 -0.190341 0.016759 -13.8109 
-3.12675 0.542327 -2.04451 -0.0564969 4.68441 
-9.95168 5.20373 -2.03678 -1.71015 0.261513 -0.0138201 9.09468 
-5.07145 1.07816 -2.31372 -0.123387 6.51264 
-2.1184 0.946153 -0.800932 -0.121699 -0.0218624 0.00439765 2.97185 
-0.741397 0.0640909 -0.221008 0.0126257 1.0012 
-19.2177 9.03892 -5.06939 -3.17174 0.574566 -0.04011 18.7572 
-2.77175 0.448609 -0.970367 -0.0244472 3.46087 
-19.2328 8.95707 -5.06749 -3.11173 0.563918 -0.0403451 18.8157 
0.176686 0.0353016 0.346143 -0.00906411 -0.543402 
0.511779 0.966285 0.511446 -0.618432 0.171271 -0.0168941 -0.659087 
-0.490548 0.137376 -0.0821141 -0.0169673 0.452705 
9.22946 -2.98296 2.71593 0.786568 -0.0990644 0.0040373 -8.77406 
-0.524495 0.123893 -0.277661 -0.0194446 0.689905 
-5.93209 2.61431 -1.76569 -0.657776 0.0548448 0.00178192 6.55703 
-3.63576 0.766027 -1.88389 -0.0914503 4.82163 
1.46014 0.805426 1.32974 -0.435991 0.0834732 -0.00510032 -2.39509 
1.27442 -0.385453 0.0824787 0.0502996 -1.10267 
-9.28438 5.64928 -1.5069 -2.23671 0.446183 -0.0340204 7.84387 
3.16668 -0.799759 1.30793 0.0999511 -3.70551 
13.9764 -5.40012 3.99932 1.87186 -0.353705 0.0267361 -13.209 
0.425491 -0.0975793 0.2812 0.0121068 -0.588431 
4.81658 -1.9308 0.854769 0.745402 -0.152035 0.0124119 -3.42062 
1.48721 -0.364896 0.572177 0.0427223 -1.71745 
37.2115 -16.0503 9.82593 5.73099 -1.10143 0.0841468 -34.7775 
-0.157326 -0.0687079 -0.196302 0.0219799 0.396169 
8.34826 -2.8094 2.31923 0.835917 -0.132139 0.00819364 -7.6704 
0.458372 -0.110753 0.11719 0.0166592 -0.481453 
27.019 -12.8356 6.40279 5.00023 -1.02087 0.0811086 -23.7529 
-1.06856 0.160692 -0.629009 -0.0102864 1.5424 
2.43343 0.274525 0.80667 -0.485776 0.166492 -0.0174859 -2.22804 
-0.227269 -0.00868253 -0.196678 0.00725126 0.417591 
32.8375 -13.9442 8.76322 4.93169 -0.942214 0.0720479 -30.7684 
-1.38129 0.352641 -0.410272 -0.0407802 1.46165 
42.9949 -19.3574 10.5601 6.94315 -1.30359 0.0953349 -38.9485 
2.01357 -0.487047 0.99816 0.0693418 -2.59465 
20.1365 -8.44018 5.26731 3.00247 -0.578005 0.044541 -18.4965 
1.98679 -0.363077 1.29466 0.0422374 -2.96533 
9.45357 -2.50107 3.15182 0.444594 -0.00965356 -0.00348664 -9.59778 
8.01224 -2.03439 2.94594 0.253396 -9.37453 
-51.4364 22.6927 -14.2085 -7.7056 1.37526 -0.0954101 50.5443 
0.105737 0.00900081 0.121582 -0.0215845 -0.43044 
-27.6961 11.9045 -8.15838 -3.87777 0.673502 -0.0466882 28.3795 
0.151641 -0.0628008 0.106501 -0.00151344 -0.395584 
41.6964 -17.4761 10.9035 5.94405 -1.0672 0.0751712 -38.8339 
-1.85638 0.423742 -0.60981 -0.0659487 1.91704 
5.39122 -2.20754 0.682535 0.816029 -0.151371 0.010683 -3.31302 
0.120828 -0.0944654 0.13468 0.0134317 -0.360452 
-50.2952 23.2855 -13.3771 -8.40454 1.62114 -0.123609 48.449 
-1.35081 0.218091 -0.524612 -0.0240967 1.51373 
22.8885 -10.9556 5.03571 4.37626 -0.918077 0.0749875 -19.2878 
-0.116377 -0.0830728 0.0216902 0.0217539 -0.0281612 
-5.96717 3.44156 -1.84834 -1.33375 0.271496 -0.021541 6.6757 
-1.34521 0.288936 -0.39857 -0.039739 1.31663 
-16.5729 7.55371 -4.95001 -2.58581 0.473937 -0.0351242 17.3184 
-0.878526 0.12864 -0.274147 -0.0151085 0.860471 
-44.1691 19.4055 -12.2091 -6.54795 1.179 -0.0848702 43.5548 
-3.75641 0.977499 -1.08692 -0.133958 3.77283 
-27.4325 11.5636 -8.19087 -3.71943 0.650287 -0.0463529 28.3308 
-0.715485 0.10496 -0.40068 -0.00375743 1.01921 
2.16338 0.397232 1.16316 -0.370581 0.107455 -0.0101438 -2.45023 
0.579901 -0.199795 0.141421 0.0351459 -0.556879 
-46.1925 22.9021 -11.1799 -8.70057 1.73958 -0.135856 42.5593 
0.0396328 0.0265716 0.0398106 -0.0121356 -0.0952462 
-4.67116 3.38289 -0.828266 -1.43005 0.304205 -0.0247547 4.30342 
0.42902 -0.0776886 0.206471 0.00976057 -0.569317 
-37.2203 16.9082 -9.86332 -5.88517 1.08892 -0.0792799 36.0374 
-0.12171 0.0102317 -0.0437502 0.00556888 0.153373 
17.5567 -8.28476 4.1078 3.37751 -0.735902 0.0629008 -15.0461 
-0.0383805 0.0328186 0.040014 -0.00439976 -0.0333655 
-33.955 15.8079 -9.11937 -5.79642 1.15088 -0.0905751 33.0407 
-0.0785539 0.0728765 0.0669216 -0.0160502 -0.0546773 
10.576 -5.08542 2.23964 2.08561 -0.441688 0.0364409 -8.36762 
0.303109 0.0019218 0.221005 -0.00857307 -0.520093 
-3.08623 1.69901 -1.03713 -0.596754 0.119296 -0.00960601 3.95707 
-0.716549 0.200041 -0.246769 -0.0285457 0.795149 
-30.4054 13.5398 -8.36503 -4.66784 0.871804 -0.0651977 30.1075 
0.392633 -0.0285761 0.234086 -0.0109666 -0.581164 
-37.062 16.2191 -10.2414 -5.56006 1.04076 -0.0782996 36.6775 
