0.007389274 -0.005574644 0.003408295 -0.001190811 0.000215970 -0.000015726 -0.003351236 
0.169925461 -0.077314099 0.050567706 0.032266114 -0.008467458 0.001210360 -0.000070907 -0.165879328 
0.006484285 -0.005595592 0.003810826 -0.001431807 0.000271262 -0.000019983 -0.002567995 
0.080118167 -0.038450803 0.022792216 0.016888059 -0.004619355 0.000689700 -0.000042636 -0.075159703 
0.003033701 -0.001471082 0.000672277 -0.000178591 0.000027514 -0.000001771 -0.001049438 
0.006083555 0.001511338 0.004300892 -0.002813675 0.001486732 -0.000339778 0.000028702 -0.008022275 
0.004995081 -0.004242215 0.002830616 -0.000995907 0.000168232 -0.000010386 -0.001675855 
0.136923085 -0.074932004 0.032562842 0.036176799 -0.010674142 0.001681987 -0.000107279 -0.119354389 
0.007134280 -0.006344184 0.004369919 -0.001715532 0.000348396 -0.000027841 -0.002662519 
0.086439087 -0.048445011 0.020739268 0.024271459 -0.007463676 0.001229143 -0.000082181 -0.074388055 
0.004672916 -0.004841876 0.003760584 -0.001507791 0.000292574 -0.000021645 -0.001504277 
0.043222458 -0.023455487 0.011218006 0.011654844 -0.003557280 0.000584310 -0.000039131 -0.037395381 
-0.003128197 0.004250174 -0.002959957 0.001115928 -0.000207119 0.000014802 0.001833830 
0.142453507 -0.076329207 0.034124329 0.035904765 -0.010313178 0.001585733 -0.000099236 -0.125017152 
-0.002545736 0.004367889 -0.003508926 0.001521086 -0.000323120 0.000026233 0.001435053 
0.007858812 0.003961076 0.006337191 -0.005281685 0.002519687 -0.000541706 0.000043746 -0.012658422 
-0.006403443 0.007851291 -0.005253034 0.001890551 -0.000339270 0.000023738 0.003279932 
0.131019580 -0.060543416 0.037498678 0.025131110 -0.006418868 0.000879155 -0.000049016 -0.125263501 
-0.009167427 0.011383621 -0.008109820 0.003109026 -0.000591103 0.000043543 0.004467465 
0.244380329 -0.110105371 0.072068840 0.044743134 -0.011338985 0.001564520 -0.000089202 -0.238856779 
-0.003512538 0.004153116 -0.003227211 0.001340749 -0.000277253 0.000022275 0.000769893 
0.014544922 0.010967219 0.015542194 -0.011775344 0.005044526 -0.001004786 0.000076068 -0.030619311 
0.000581986 -0.001220671 0.000801337 -0.000240171 0.000031777 -0.000001493 -0.000730052 
0.002376447 0.002228380 0.004185383 -0.001424429 0.000415730 -0.000053314 0.000002507 -0.005064336 
0.004698365 -0.005572107 0.003563158 -0.001148000 0.000176118 -0.000010043 -0.002570353 
0.076373222 -0.042596251 0.018298173 0.021338264 -0.006499917 0.001049705 -0.000068088 -0.065208394 
0.001774369 -0.002826631 0.002002336 -0.000735917 0.000133647 -0.000009316 -0.001209113 
-0.119774608 0.070923779 -0.024480440 -0.035996629 0.011143027 -0.001832067 0.000121815 0.102514727 
0.005123812 -0.006320210 0.004231362 -0.001500681 0.000264216 -0.000017913 -0.002780672 
0.004448724 0.001337700 0.003366253 -0.002036397 0.000990368 -0.000208034 0.000016343 -0.005247364 
0.013287999 -0.014672199 0.009927735 -0.003594036 0.000645576 -0.000044734 -0.006132860 
0.005720821 0.001794828 0.004030652 -0.002816318 0.001470322 -0.000345014 0.000030595 -0.007254090 
0.005810462 -0.006162157 0.003627551 -0.001104755 0.000162690 -0.000008820 -0.002972956 
0.002658158 0.001882105 0.003068036 -0.001491915 0.000506442 -0.000083017 0.000005898 -0.003972346 
0.004627601 -0.005028304 0.002884566 -0.000855259 0.000120614 -0.000005884 -0.002539642 
0.007583107 0.005437187 0.006661240 -0.006350200 0.002837662 -0.000578626 0.000044778 -0.013110284 
0.001656424 -0.003776244 0.003384306 -0.001563029 0.000348325 -0.000029187 -0.001014346 
0.133056572 -0.062079938 0.037449037 0.026358258 -0.007056690 0.001042691 -0.000064366 -0.126221270 
-0.002825724 0.001320346 -0.000539502 0.000107239 -0.000008790 0.000000156 0.000833474 
0.018908297 0.013948867 0.019895141 -0.014634128 0.005982810 -0.001127929 0.000080579 -0.040559156 
-2.135944994 1.366669442 -0.289193233 -0.346109586 0.155702686 -0.017301846 0.627635277 
7.030557010 0.217575217 2.916605719 -1.082337296 0.466550050 -0.075664220 0.003548141 -7.080395779 
0.218929770 -1.994787130 2.201723324 -1.175795158 0.271844299 -0.022309725 -0.204947035 
-0.145099985 -0.765467762 -0.616286982 1.759921352 -0.982583881 0.220372391 -0.017383622 2.904701541 
2.482635223 -3.722963132 2.776089730 -1.142966176 0.231717350 -0.018106879 -1.337454336 
2.040556035 0.604617687 0.791703656 -0.215591337 -0.056505177 0.037906947 -0.004825242 -0.817910303 
-1.272174368 0.373838779 -0.046108883 -0.094025828 0.036529846 -0.003622152 0.247422939 
4.315829462 2.633755680 2.425701054 -3.052042946 1.384472350 -0.284604307 0.021577978 -5.092466006 
-0.463543624 -0.025629570 -0.043288276 0.035661476 -0.015595877 0.002260184 -0.253503735 
3.719708977 1.137502099 1.392378469 -1.725356389 0.904083217 -0.205432091 0.016544514 -2.891796924 
0.815086183 -0.933267029 0.026263236 0.318916001 -0.134815726 0.015655732 -0.880966671 
2.942857962 2.578492148 1.587346448 -2.781298616 1.235727473 -0.244603188 0.017403960 -2.977543451 
0.791714102 -0.517327068 -0.232108582 0.267694096 -0.064700410 0.004268060 -1.024442613 
4.175406807 1.534340603 2.098929382 -1.780563801 0.770395326 -0.155208665 0.011910761 -4.295587105 
2.800274331 -3.196914960 1.975079114 -0.648867815 0.118688700 -0.009774331 -1.796602285 
2.249966224 -0.152172223 0.427723025 0.094186718 -0.013095028 0.004313092 -0.001775467 -0.246102224 
-0.079633848 0.902153746 -1.579462737 1.014814013 -0.267066284 0.024816540 -0.721471563 
-0.824931166 -1.300165289 -1.269039821 2.218602682 -1.114681264 0.240761947 -0.019246323 4.422018156 
1.820286188 -1.478671488 0.122128367 0.459565326 -0.183399267 0.020004795 -1.438937113 
-167.651251918 104.442639972 -34.507898768 -55.924920468 18.155922549 -3.101465431 0.210913244 140.742763101 
8.311542011 -9.014083434 7.043883915 -3.066974268 0.644091487 -0.050496185 -3.303223330 
2.160906716 0.115227530 0.556287520 -0.007143843 -0.035451860 0.012517511 -0.001365795 -0.438304049 
3.300632207 -3.602452489 3.210466207 -1.632759652 0.392053086 -0.034534556 -1.189775971 
0.163382616 -0.818271974 -0.603849064 1.494341108 -0.809626065 0.196471166 -0.018170826 2.746759036 
-1.205810902 1.642340148 -1.096131216 0.355079062 -0.060267724 0.004367886 0.703483925 
2.001393628 0.408411980 0.777451906 -0.043641317 -0.114306311 0.045637328 -0.005058897 -0.712715099 
-2.564802644 3.060345784 -2.133046655 0.765372794 -0.138150741 0.010122127 1.177793732 
3.043873363 3.309682419 2.333917473 -3.146569067 1.297346373 -0.249743708 0.017898545 -4.240601762 
1.058401127 -0.661691732 0.036836122 0.193430691 -0.083879968 0.009901379 -0.531795871 
3.651905758 1.581732483 1.789302344 -1.902216180 0.895300951 -0.192531763 0.015352291 -3.504373738 
3.697117122 -3.901588026 2.652136465 -0.936431605 0.160740707 -0.010573527 -1.595480264 
6.102909689 6.488168847 4.422642305 -7.623283160 3.598641990 -0.773019095 0.061544559 -9.910639126 
0.107999547 0.817284454 -1.299820136 0.812968457 -0.212316266 0.019478040 -0.298473231 
4.872251102 4.443869221 3.267816096 -5.339160192 2.619517782 -0.589771835 0.049175699 -6.952619343 
2.536075355 -1.759258900 0.139646463 0.493008741 -0.202594661 0.022741362 -1.410871899 
2.845148642 1.024233234 1.276681306 -1.110867438 0.512485896 -0.111426996 0.008906241 -2.085010707 
-0.229530292 1.528766267 -2.403941783 1.507324756 -0.386993414 0.034417145 -0.297480924 
2.034820043 0.199513050 0.663000141 0.073052815 -0.109312034 0.029705042 -0.002456600 -0.527815350 
5.474929252 -5.933098092 3.497000467 -0.883048041 0.079957864 -0.000003252 -2.585294089 
2.372736261 0.654380033 0.936589051 -0.473520211 0.083144267 0.017837650 -0.004932180 -1.219004706 
0.013609677 -0.009715111 0.005045865 -0.001477518 0.000225284 -0.000013973 -0.006783494 
0.104714095 -0.042146676 0.035346729 0.015676118 -0.003659891 0.000464809 -0.000023958 -0.108150115 
0.009893768 -0.007773073 0.004390962 -0.001305738 0.000179437 -0.000007831 -0.004416618 
0.104205883 -0.052004764 0.028292987 0.023595136 -0.006622195 0.000993848 -0.000059916 -0.096187573 
0.008630113 -0.008083252 0.005642413 -0.002161520 0.000416646 -0.000031143 -0.003380163 
-0.018932999 0.011557851 -0.002548685 -0.005462817 0.001546102 -0.000228289 0.000013608 0.016267666 
-0.001139814 0.002644829 -0.002251554 0.001027826 -0.000227537 0.000019151 0.001010128 
0.003977148 0.000838152 0.003194778 -0.001634030 0.000921404 -0.000222926 0.000019658 -0.004847330 
0.006512136 -0.005244521 0.002904948 -0.000825623 0.000112740 -0.000005656 -0.002341306 
-0.057697340 0.034033409 -0.011048548 -0.017164469 0.005370823 -0.000910335 0.000063631 0.049629288 
0.000829514 -0.001202955 0.001517345 -0.000778424 0.000178618 -0.000014890 0.000324976 
0.003592315 0.001252528 0.003079953 -0.001974957 0.001089638 -0.000266363 0.000024032 -0.004567524 
0.001271536 -0.000384763 0.000006268 0.000138694 -0.000053205 0.000005836 -0.000073979 
0.008273240 0.002755686 0.005279603 -0.004932094 0.002579377 -0.000578153 0.000047175 -0.011133078 
-0.000267246 0.001666491 -0.001192011 0.000423987 -0.000070579 0.000004402 0.000412980 
0.006052870 0.003751238 0.005443835 -0.004656412 0.002208489 -0.000475420 0.000038539 -0.010125182 
-0.007132501 0.010631166 -0.008359270 0.003430908 -0.000685119 0.000052292 0.003109078 
0.166970584 -0.083102916 0.044772553 0.037443544 -0.010470570 0.001573118 -0.000095611 -0.154847040 
0.004912069 -0.002145321 0.000667421 -0.000014343 -0.000039314 0.000006274 -0.002283124 
0.274348314 -0.131237988 0.077236922 0.057358383 -0.015796743 0.002377003 -0.000147269 -0.261780949 
0.001775491 -0.001022639 0.000406855 -0.000157811 0.000045182 -0.000004900 -0.001784427 
0.014305779 0.012063944 0.015761401 -0.012884636 0.005565332 -0.001124472 0.000087016 -0.030998318 
-0.002807146 0.003758290 -0.003295685 0.001437528 -0.000300421 0.000024162 0.000420638 
0.005911246 0.005840675 0.007137935 -0.005843714 0.002472491 -0.000487854 0.000036975 -0.012389139 
0.007086328 -0.008370698 0.005713573 -0.002038164 0.000357517 -0.000024217 -0.003577381 
0.104957709 -0.058871862 0.024595812 0.029419280 -0.008956553 0.001443039 -0.000092646 -0.089805774 
-0.004731555 0.004359560 -0.003154525 0.001281282 -0.000262532 0.000021037 0.001624255 
0.052849774 -0.030729145 0.012572443 0.016227116 -0.005218368 0.000890018 -0.000060602 -0.043900169 
0.002493450 -0.004048270 0.002958630 -0.001085989 0.000187732 -0.000011646 -0.001494540 
0.004636162 0.000777445 0.003156871 -0.001724738 0.000953149 -0.000222452 0.000019235 -0.004943520 
0.012182323 -0.013629505 0.009150321 -0.003216004 0.000547374 -0.000034779 -0.005599024 
0.004995222 0.003763431 0.004850364 -0.003939350 0.001649571 -0.000319041 0.000024110 -0.008401319 
0.009471143 -0.010519167 0.006867415 -0.002354659 0.000394149 -0.000024765 -0.004489562 
0.005427022 0.004008281 0.004959045 -0.004425764 0.001888533 -0.000360429 0.000025890 -0.008945820 
0.010114003 -0.012203368 0.008797054 -0.003414311 0.000663240 -0.000050041 -0.004728700 
0.008624093 0.006393922 0.007388317 -0.007734230 0.003544306 -0.000733878 0.000057119 -0.015022660 
-0.004970420 0.005236711 -0.004224134 0.001795274 -0.000371469 0.000029464 0.001528625 
0.011378268 0.008261330 0.010930336 -0.009259757 0.004063017 -0.000832968 0.000065806 -0.022147663 
0.004130689 -0.005915555 0.004470953 -0.001806119 0.000364604 -0.000028640 -0.002341917 
0.217502836 -0.097686321 0.064281348 0.039741660 -0.010060721 0.001370945 -0.000075360 -0.212569562 
-1.593201322 1.104329439 -0.279108469 -0.300863094 0.135121946 -0.014555931 0.333346181 
2.208882788 -0.057789597 0.443275788 0.083551383 -0.025611575 -0.002195667 0.000869021 -0.265673755 
5.151941450 -7.888599116 6.896206867 -3.216071271 0.710511157 -0.058086765 -2.282230895 
5.219216100 1.634212945 2.508247523 -2.242406028 1.012888397 -0.194403230 0.012752172 -5.576954791 
5.478694167 -7.771335768 6.421923062 -2.891843968 0.633898196 -0.052749909 -2.517962023 
2.400544591 -0.414862963 0.257461289 0.171072435 0.014768146 -0.018257025 0.002070764 -0.039650247 
-5.534828706 5.939146613 -4.590588593 1.886832823 -0.391505582 0.032019094 1.943453180 
10.541663510 3.128049049 5.230259326 -5.355381945 2.720301852 -0.606385934 0.049886287 -13.325927617 
3.355588015 -5.156902263 4.352813513 -1.950617081 0.420938377 -0.034404322 -1.739950628 
3.673065995 4.888921214 3.153734575 -4.713061011 1.883031719 -0.336739798 0.021565159 -6.208994028 
-0.906707301 0.273104700 -0.046317830 -0.034863998 0.012832588 -0.001150055 -0.049508691 
3.411116274 1.382057311 1.802827929 -1.152268082 0.307542117 -0.016858235 -0.002693764 -3.370395930 
-3.337491503 3.898796584 -3.261210590 1.409382589 -0.287280109 0.022064733 0.786942263 
1.624111086 -0.067936195 0.353013090 0.571551437 -0.435918359 0.126281523 -0.012898345 0.211849611 
3.708399749 -4.164623545 2.697609510 -0.932240479 0.173082553 -0.013501826 -2.211156335 
57.002724308 -32.341710504 12.487232684 17.223052025 -5.747934068 1.030155390 -0.074586987 -47.189274626 
1.973136195 -1.608193025 0.210972299 0.384979249 -0.166603399 0.019499712 -1.522991238 
75.423539428 -44.457427036 15.809368157 23.842194414 -7.865498733 1.389413436 -0.100138901 -61.645298850 
9.142460731 -9.791645600 6.130062053 -1.845873089 0.247578770 -0.010381191 -4.553704716 
5.155990482 4.339035379 3.347793298 -4.874737175 2.129616561 -0.412560920 0.028688008 -7.305622682 
0.341420442 -0.154123835 0.805172774 -0.748805618 0.225294080 -0.021590289 0.141151124 
-0.398190464 -0.795865986 -0.765115673 1.688963000 -0.934833701 0.223399010 -0.019911691 3.366554806 
1.947793984 -1.546549996 1.231175195 -0.638445532 0.157184330 -0.014093529 -0.686737224 
3.303459191 2.412756333 1.862766857 -2.497785212 1.002222958 -0.167565248 0.008687467 -3.549494885 
-0.202940242 0.352191014 -0.003087715 -0.125637273 0.033465681 -0.001284799 0.297452104 
1.880879385 0.398538820 0.747332536 0.039368840 -0.141890833 0.045599356 -0.004687115 -0.608313534 
2.519889683 -3.250129956 2.973350986 -1.452529096 0.335297445 -0.028499398 -0.905949680 
2.447064097 1.710589699 1.697818117 -1.216468021 0.389364962 -0.063991531 0.004235982 -2.600927054 
-0.201701484 0.066322765 0.083496037 -0.037026806 -0.005482620 0.001948483 0.129544084 
4.234072482 2.772849125 2.407685080 -3.244259891 1.476050013 -0.306219719 0.023551987 -5.009729819 
0.739511474 -0.318808001 -0.016108181 0.121618782 -0.049474161 0.005731120 -0.387518715 
5.520182678 4.134585570 3.233317419 -5.505875497 2.895206331 -0.694052542 0.060766217 -7.275193384 
2.819830769 -3.239333134 2.359277820 -0.843828243 0.139166921 -0.008227391 -1.291179292 
-108.504980001 66.127236916 -22.564824541 -33.956941202 10.493529405 -1.701115802 0.109840863 92.349922606 
1.169282955 -0.545541463 -0.138363320 0.245752834 -0.073130307 0.006736651 -0.815819227 
3.327426161 0.782819941 1.267240064 -1.135281481 0.570110056 -0.129110085 0.010794980 -2.333502317 
1.915902081 -1.367967428 0.139662365 0.381099315 -0.158268987 0.017390338 -1.160148755 
3.038851068 1.420208843 1.371815325 -1.623453612 0.756380604 -0.162586901 0.012941527 -2.436946975 
7.125971366 -7.264878430 3.880769072 -0.756423855 0.005209179 0.008546894 -3.352712567 
0.749055893 -1.190980474 -0.436196298 1.835075324 -1.027125217 0.255653553 -0.023687423 2.215961977 
