0.030624484 -0.025943551 0.020453335 0.916555523
0.058593078 -0.045521567 -0.057148937 0.970877113
0.007729377 0.000255763 -0.034595124 0.950578681
-0.054196188 0.068373886 -0.041150167 0.957789230
0.005219220 -0.008866141 -0.051060903 0.970673185
-0.026634708 0.038914750 -0.102336382 1.047586404
0.030490225 -0.058197637 -0.008944872 0.888820833
0.006136631 -0.011925809 0.044585780 0.787112594
-0.029577037 0.063072890 -0.079739969 1.048196656
0.021275612 -0.053888202 -0.082612912 1.054804425
-0.016593852 0.040785459 -0.041741537 0.952625987
0.003986162 -0.016838579 0.089376398 0.585495774
-0.023832300 0.072180501 -0.013560456 0.914893714
-0.031841136 0.102614077 0.058328513 0.641715635
0.036706045 -0.023370618 -0.045434835 0.959389390
0.006054640 -0.001914635 -0.058257285 0.968365105
-0.064337204 0.061438024 -0.045103718 0.956526895
-0.006290853 -0.002412964 -0.034037543 0.944354101
0.086464682 -0.122995155 -0.057342635 0.974650720
-0.010049022 0.021775400 -0.058371709 0.976194331
-0.066004130 0.116899088 -0.067838157 0.992287293
0.010511120 -0.028479886 -0.090371403 1.035100460
0.055844326 -0.123679614 -0.083468537 1.020604441
-0.077706019 0.183486172 -0.058826492 0.963927741
0.011711779 -0.040058323 -0.046917208 0.934154529
-0.029576969 0.075550170 -0.004680007 0.815890368
0.010070048 -0.051320286 -0.019634270 0.863744012
-0.015216052 0.044766891 0.003635288 0.775319695
-0.009025179 0.005246826 -0.081898575 0.985594573
0.028665070 -0.021136347 -0.050437155 0.963571580
-0.009431191 0.013150286 -0.054148125 0.966911452
-0.052228990 0.060227867 -0.032206785 0.942775978
0.037087450 -0.055883502 -0.060672149 0.979780950
-0.010788553 0.015930503 -0.054458963 0.970461170
-0.012022971 0.018029014 -0.096110736 1.041269187
-0.003422470 0.001688061 -0.112529139 1.072464152
-0.001349805 -0.002664534 -0.052719402 0.946863709
-0.044914657 0.097534624 -0.055758940 0.953854647
0.039019658 -0.112301163 -0.067887516 0.984176087
-0.038310079 0.104222095 -0.066524281 0.980359030
-0.006892841 0.003686931 -0.005744299 0.785863085
0.038247082 -0.167844771 -0.032952951 0.889255962
-0.036081783 0.022493150 -0.072253947 0.979386809
0.025203526 -0.020406566 -0.051772598 0.965049864
0.026209459 -0.021311905 -0.040332963 0.954754194
-0.055153583 0.068187443 -0.039641573 0.953993665
0.030897192 -0.043678560 -0.068962558 0.992110943
-0.022263501 0.036062479 -0.037533632 0.944967554
-0.026897159 0.043939698 -0.084615678 1.025007035
-0.012174062 0.015965814 -0.110270122 1.073750479
-0.021884925 0.036358625 -0.047127593 0.941151174
-0.022905459 0.038705853 -0.081881265 1.021084617
-0.038605301 0.077955459 0.016439361 0.775283052
-0.004809796 -0.016671955 -0.016854401 0.868505585
0.033503270 -0.139273768 -0.079590989 1.069262668
0.064296915 -0.256289616 0.020353050 0.689475324
-0.031790062 0.024430115 -0.089101499 0.990523430
-0.016283609 0.013575597 -0.054534975 0.966326864
0.031926166 -0.029813199 -0.034454755 0.948254666
-0.048770738 0.058953398 -0.048344451 0.963533332
0.025222626 -0.037237973 -0.071727020 0.993930672
0.001592035 -0.001792086 -0.012124774 0.904527302
-0.012691541 0.022489994 -0.097222959 1.049194221
0.004648732 -0.010456525 -0.112940411 1.079057380
-0.087839448 0.183768645 -0.119594605 1.093031186
-0.001629935 -0.014513230 -0.025905961 0.877547308
0.052110372 -0.148863997 -0.059651146 0.961910272
-0.035532474 0.096535966 0.035172096 0.696405198
-0.038174906 0.104991749 0.015622777 0.758963020
0.049932929 -0.229818020 -0.041149634 0.974698178
0.016386615 -0.008796174 -0.053235594 0.968380840
-0.008241146 0.008443258 -0.015605987 0.942040116
0.032584217 -0.028299567 -0.097945309 1.016145504
-0.025483697 0.035575139 -0.045062022 0.957973886
-0.019303482 0.027540861 -0.040070107 0.951484398
-0.027370046 0.039640706 -0.014434453 0.913030917
-0.004930789 0.001493968 -0.063549303 0.996526164
0.016766543 -0.039730963 -0.064321183 0.997992737
-0.031385165 0.061387621 -0.012608764 0.889396660
0.015781674 -0.047096107 -0.113196048 1.120747409
-0.024450883 0.053485286 -0.029912794 0.912539275
0.014783113 -0.056369900 0.123651296 0.482559829
-0.000151885 -0.008577908 -0.116576670 1.251289333
0.022492862 -0.094627944 -0.007696152 0.837543370
0.024172095 -0.013300704 -0.016535820 0.939387888
-0.040730886 0.032131382 -0.027523340 0.947079153
0.026782215 -0.028630408 -0.077154320 0.991747033
-0.013985856 0.016214471 -0.028110753 0.937799108
0.008653000 -0.013216039 -0.065397903 0.986272401
-0.015885654 0.023591941 -0.020714695 0.919247590
-0.010767603 0.014891254 -0.092789564 1.041774870
0.009295385 -0.023228422 -0.074317184 1.006677348
0.030737603 -0.068257078 -0.027664595 0.908706917
-0.001626430 0.006180196 -0.081644635 1.032861005
-0.037158691 0.095010848 -0.009920599 0.853550915
0.014072192 -0.048435620 0.037051728 0.722028401
0.035178981 -0.115977347 -0.016259057 0.892622917
0.054551834 -0.189594189 -0.026059152 0.929863279
0.024863730 -0.015060544 -0.010916293 0.939910621
-0.010313974 0.009563849 -0.038997533 0.959567488
-0.038862617 0.035257627 -0.047968019 0.967640925
0.025027545 -0.035021554 -0.101707912 1.026754809
-0.030672634 0.037388676 -0.074231607 0.991035614
0.021277563 -0.040536619 -0.118878753 1.058006334
0.033071259 -0.060585902 -0.036611570 0.918152118
0.027136204 -0.049309297 -0.017434663 0.881715995
-0.024961046 0.060094921 -0.082357506 1.018053959
-0.001658670 0.006499458 -0.061993584 0.971216940
-0.044874832 0.114539862 -0.089740370 1.040583904
-0.074066458 0.196276414 -0.049276638 0.927285457
-0.003915194 -0.028207634 -0.079667680 1.024536793
0.029543668 -0.155351307 0.008340255 0.690106644
0.029907303 -0.020379029 0.023791791 0.916666805
0.024082513 -0.016301677 -0.044611397 0.964549036
0.012533103 -0.005907208 -0.038034311 0.958629659
-0.090492079 0.107420495 -0.095982884 1.022373090
-0.002098307 -0.007491405 -0.117274495 1.050052184
-0.006665441 -0.000640702 -0.098048127 1.021212632
0.052660904 -0.101495492 -0.115655106 1.051144497
0.032596239 -0.063372631 -0.094734166 1.011394712
-0.101921299 0.219114187 -0.072364790 0.964419024
-0.161047321 0.355104034 0.148696566 0.455977916
-0.054509946 0.088760599 0.054845421 0.690605778
-0.000931117 -0.061260120 0.072128756 0.642212442
0.022314157 -0.135645000 -0.201406014 1.517523719
0.021255982 -0.131623932 0.033101888 0.626393700
0.022494756 -0.018907294 0.115108497 0.857229468
0.063613570 -0.047690463 -0.027354659 0.956953675
-0.019813131 0.027393566 -0.076758247 1.001416903
-0.059908496 0.071498468 -0.043008641 0.964292336
0.009114961 -0.018232023 -0.100572681 1.039125585
-0.081624476 0.117877133 -0.094988919 1.030749943
-0.017222284 0.008393403 0.036053670 0.807977534
-0.050137396 0.070932116 -0.035010887 0.943000191
0.021085036 -0.078634984 -0.099345124 1.078102082
-0.072707377 0.137087560 -0.032152228 0.923558425
-0.020281800 0.006023617 -0.033449735 0.926802192
0.008098388 -0.073440907 0.053553121 0.683194199
0.003838900 -0.059810545 0.030729974 0.756228271
-0.023900556 0.045599386 0.021994786 0.789421987
0.051934636 -0.034042297 0.054353181 0.919726400
0.012168261 -0.006205835 -0.026173891 0.976095349
0.000640594 0.004169065 0.001572668 0.951123447
-0.014648840 0.020987443 -0.102412737 1.065507395
-0.012440896 0.018117115 -0.046647180 0.993012173
0.006671437 -0.010551385 -0.025379354 0.961110434
-0.040997922 0.070486529 0.025374302 0.874829216
0.039959202 -0.083332005 -0.067158067 1.050640716
-0.027628366 0.058601880 -0.060114250 1.035848701
0.018867582 -0.048338796 -0.030843608 0.968526226
0.029718422 -0.075465897 -0.000098745 0.891664068
0.021869828 -0.053489835 -0.071797950 1.092421838
-0.037081070 0.135153042 0.007483762 0.838720357
-0.040681007 0.148832801 0.129421510 0.375356919
0.035022313 -0.020513802 -0.031526091 0.975968719
-0.011876855 0.012315615 -0.046570602 0.986499877
-0.037748872 0.035600429 -0.017689462 0.960506852
-0.010563283 0.005696281 -0.079633622 1.028645429
0.005624931 -0.015348397 -0.044036795 0.982369556
0.069170606 -0.110666909 -0.026743704 0.956429919
0.022611417 -0.031516285 -0.007514360 0.923740034
-0.049795299 0.106056473 0.005772414 0.898495164
-0.081182861 0.171970349 -0.001797676 0.914392351
0.034124680 -0.093236989 -0.115309330 1.175469151
-0.036130466 0.082400877 -0.080624434 1.088756911
0.036672602 -0.121447712 0.024685705 0.793888527
0.014806731 -0.051476923 0.026113792 0.789318646
0.043319053 -0.159823745 0.157379443 0.290509181
0.003017010 0.003023399 -0.056310895 0.991251113
-0.021154021 0.019943121 -0.024180712 0.968759984
-0.045879639 0.042196176 -0.067983850 1.008182807
0.027198864 -0.038190179 0.002693833 0.930437355
-0.003518386 0.001742244 -0.079838018 1.037728758
0.009569618 -0.017889761 -0.026723438 0.958056887
0.008612788 -0.016263151 -0.067948425 1.028139368
0.040566514 -0.076975229 -0.006196203 0.910810147
-0.057129308 0.128185989 -0.030032687 0.960866761
-0.047051991 0.105008159 -0.032297663 0.966076206
0.016152341 -0.053002671 -0.027734642 0.954668652
0.018159368 -0.058622346 0.116589936 0.550559843
0.015954686 -0.051567363 -0.112914958 1.284975512
0.071186455 -0.261448085 0.195090559 0.114554564
-0.015243821 0.013270144 -0.055710677 0.992497863
-0.002483884 0.004338188 -0.056808892 0.993266614
-0.053940193 0.050648865 -0.014940199 0.955584791
0.016197293 -0.026502372 -0.041248217 0.984523612
-0.028744119 0.031921462 -0.108644042 1.072138181
0.014776183 -0.033358991 -0.059460089 0.998362252
0.027400305 -0.054819998 0.010164384 0.880000644
0.001972991 -0.006508103 0.016198462 0.868535895
0.017872666 -0.039897418 -0.049679267 1.006879121
-0.014443832 0.034430525 -0.004365145 0.902656642
-0.017730702 0.042647701 -0.090052301 1.116874532
-0.033961118 0.088092863 0.073787403 0.658123367
0.017732504 -0.077326729 -0.049466399 1.052535542
0.023065639 -0.097592642 -0.001014546 0.868418500
-0.024572030 0.016960321 -0.054401461 0.988411696
0.000043006 -0.000270203 -0.047771636 0.983770819
-0.007022647 0.006088884 -0.016565915 0.955685671
-0.009964790 0.009325241 -0.099038517 1.046405536
0.030687580 -0.043522838 -0.021752114 0.945933215
-0.027850769 0.044284685 -0.057150410 0.999030659
-0.013134732 0.019267422 0.019721098 0.868349092
0.017051280 -0.038086001 -0.046252625 0.993699164
-0.012559419 0.024096464 -0.063035771 1.028943769
0.007936836 -0.023044921 -0.069752915 1.044393200
0.044584632 -0.114664411 -0.034734016 0.956845953
0.017958195 -0.040110389 0.085196177 0.621041418
0.008320046 -0.009268311 -0.097564872 1.205876782
0.132135966 -0.479768802 0.038552808 0.688629605
-0.041355899 0.027905242 0.002614260 0.947553694
0.017631086 -0.013385646 -0.043665471 0.979949505
0.033799425 -0.027937151 0.020568962 0.922138517
-0.057043689 0.071990276 -0.068252111 1.019841699
0.006392378 -0.010476607 -0.025695556 0.964518180
-0.023530658 0.034407946 -0.047065008 0.996572358
0.002513133 -0.009866500 -0.051841754 1.004692827
-0.044609278 0.079666079 0.002279282 0.901862858
-0.046903112 0.084483131 -0.075732452 1.065687492
0.032028260 -0.097059019 -0.036152295 0.974653133
0.036977681 -0.109432574 -0.021754904 0.938659657
0.104099322 -0.297373164 0.031175159 0.790455483
-0.123483347 0.430891388 -0.043034064 1.027924999
0.147788808 -0.599942790 0.075771068 0.576465504
-0.003877369 0.001857623 0.001086593 0.952071249
0.018447059 -0.013769477 -0.038189294 0.979564370
-0.018459048 0.019446019 -0.044295479 0.985059936
-0.033738867 0.036253820 -0.054580291 0.996373229
-0.004808024 -0.001356274 -0.077439528 1.026090237
-0.025010885 0.028948018 0.013932582 0.889032071
0.027974854 -0.061127742 -0.020963259 0.948355003
-0.029242571 0.047585364 -0.043477134 0.991131364
0.056922593 -0.133361472 0.053948151 0.786538275
-0.034943865 0.077931379 -0.120143564 1.186949211
0.046148475 -0.124799473 -0.056436667 1.027681969
0.005209495 -0.010170330 -0.043741305 0.992134957
0.033361247 -0.100255939 0.013119580 0.810180120
0.103788182 -0.367878287 0.155866453 0.267742010
-0.032612778 0.022828546 -0.025839509 0.963213474
-0.053867837 0.037707087 -0.031855406 0.967424602
-0.017569978 0.005039015 -0.006536244 0.944637357
0.033068080 -0.050662850 -0.061746262 1.005368378
-0.011553596 0.007345327 -0.088111141 1.039642720
0.005379174 -0.018053828 -0.030553036 0.953305561
-0.028385684 0.039346431 -0.004891457 0.909680876
0.024063037 -0.060306137 0.009629432 0.882091188
-0.011738550 0.014877192 0.006620286 0.888410393
0.030366312 -0.081963990 -0.098421848 1.130007298
0.073118564 -0.188844620 -0.028617387 0.955496144
-0.018944834 0.068932890 0.008250771 0.852265304
0.016902467 -0.045778475 -0.003332000 0.889330170
0.144649958 -0.531218931 0.129053600 0.386264897
0.011510208 -0.010409521 -0.003028512 0.943381786
0.010445017 -0.009663887 -0.011895896 0.949588955
-0.040938883 0.036581622 -0.037822118 0.972922555
0.016633127 -0.026747591 -0.037408783 0.972467885
0.035360710 -0.051093447 -0.057638572 0.998766610
-0.059494576 0.091189480 -0.035673669 0.965819257
-0.010491511 0.007884268 0.000405312 0.904484987
-0.062700598 0.107081532 -0.024881074 0.952529119
0.031905353 -0.091590955 0.000838637 0.898517728
0.044808577 -0.121268371 -0.099926567 1.130277693
0.028705271 -0.081010105 -0.023542448 0.939317395
-0.029140111 0.080956963 0.100581026 0.591771675
0.053724439 -0.184209604 -0.002264083 0.920876027
0.133680230 -0.488041603 0.041993710 0.752696417
0.029442081 -0.022383293 0.080481176 0.889385400
-0.041779615 0.027471893 -0.032795074 0.968678773
0.010878278 -0.019920209 -0.041738441 0.976727804
-0.010557383 0.003659019 -0.049985367 0.985799423
-0.013533138 0.007527500 -0.037671915 0.969791935
0.019503133 -0.042026907 -0.006189047 0.922567634
-0.001319154 -0.006629018 -0.070273901 1.031511889
-0.019498814 0.027912337 -0.020819910 0.937549307
-0.052783193 0.097809528 -0.055545257 1.010472533
0.072680136 -0.190756121 0.002142190 0.877791406
-0.001581976 -0.005100843 -0.043099529 0.990895706
0.033908051 -0.104472916 0.097970194 0.595900486
-0.030198983 0.100669596 -0.039292978 1.035142642
0.065125926 -0.261565053 0.134646081 0.374174228
0.047586629 -0.034110592 -0.142445871 1.052900408
0.003288806 -0.003102117 0.381492995 0.686143208
0.044200076 -0.039922259 -0.044249882 1.069311787
-0.031594757 0.043452059 -0.070319797 1.097988694
0.028976158 -0.035290128 0.026870960 0.971640716
-0.106213054 0.167493690 -0.051485288 1.089175087
0.031882936 -0.067269500 0.012829904 0.979839257
-0.040845401 0.070914340 0.037297620 0.933350598
0.033007587 -0.084176928 0.036110869 0.935842774
-0.068527132 0.149352920 -0.029564493 1.086896104
0.027702204 -0.091220419 -0.045750148 1.127360243
-0.027703625 0.063915898 0.000308752 0.998395324
-0.005614864 -0.006768137 0.017784837 0.942471852
0.009577645 -0.064499671 -0.112456090 1.437387367
-0.004439943 -0.001870467 -0.088784700 1.023631277
0.037281242 -0.031075297 0.313079078 0.742326638
-0.009201167 0.010758870 -0.022888774 1.044697696
-0.003910754 0.004939416 -0.002198816 1.021938742
0.017274509 -0.022601424 -0.070104582 1.110216235
-0.057884068 0.090136441 0.009762046 0.990416292
-0.021040317 0.027502062 0.015279060 0.981037368
0.008525940 -0.028673825 0.033525837 0.946368494
0.008150123 -0.027884610 0.042260279 0.928026165
0.015092617 -0.043852345 -0.019844766 1.070867765
-0.007190313 0.011854979 -0.012636187 1.052846318
-0.035117097 0.090049974 -0.050189334 1.157995128
-0.041881915 0.111697391 0.124559323 0.598799418
-0.124460760 0.425496996 0.028253944 0.964759851
-0.039623168 0.019236795 -0.081197326 1.018264684
0.032673293 -0.031370727 0.314389188 0.741354128
-0.012813705 0.009567570 -0.026563400 1.048211449
0.009067349 -0.014501590 0.000835657 1.018072486
0.006236588 -0.010821601 -0.015035864 1.038705463
-0.018781285 0.026705210 -0.017908211 1.043013984
0.003872264 -0.011805825 -0.001062155 1.014375687
-0.001833693 -0.000964506 0.049609560 0.918099430
0.003224152 -0.011585981 -0.012766716 1.049089603
0.009944977 -0.027043878 -0.010057089 1.042857462
-0.020301476 0.048572253 -0.018827521 1.064783541
-0.055585614 0.147367838 -0.012048480 1.045802227
0.002561392 -0.038702583 0.144958519 0.543379822
0.003116406 -0.040811635 -0.082175439 1.406488851
-0.019550530 0.008049286 -0.070814197 1.014483841
0.022143069 -0.021136233 0.301480609 0.753877482
-0.023318631 0.019779297 -0.016037818 1.039644059
0.021688257 -0.029728281 -0.000883341 1.022974134
0.008414334 -0.012472183 -0.055798279 1.094363550
-0.000735794 0.001253010 -0.007632373 1.022114691
-0.022809488 0.038778290 0.061541818 0.904518564
0.003731235 -0.011649081 0.002673269 1.016368805
-0.017626953 0.033203111 -0.000435710 1.022897660
0.038575963 -0.096063593 0.024604195 0.965305879
-0.003019432 0.007924894 -0.091934616 1.256652908
-0.000358712 0.000474879 0.021311636 0.939563409
-0.041056693 0.130708420 0.161676035 0.490397324
-0.025024362 0.069785562 0.019086302 1.032238301
0.007749914 -0.003809448 -0.071445112 1.014593842
-0.013720843 0.011220082 0.337231477 0.728520234
-0.005953759 0.004229707 -0.019609327 1.049676950
0.009358473 -0.012613749 0.007665756 1.019674358
-0.001922484 0.002051495 -0.055396544 1.101655344
0.001537306 -0.003138191 0.000138283 1.018353105
-0.029487576 0.049604110 0.029844056 0.967853288
0.044472884 -0.090920762 0.037897839 0.952551102
-0.042192778 0.091077120 -0.008689759 1.050385053
0.040184670 -0.098391006 -0.040600886 1.123780644
-0.013010285 0.034596382 -0.045038469 1.134874600
-0.012439965 0.032999486 0.026690358 0.934033890
-0.052568853 0.161411930 0.162234133 0.500293800
0.047022776 -0.217036255 -0.072853719 1.393627627
0.016587557 -0.009649616 -0.119209595 1.047320697
-0.004172226 0.004882232 0.327197333 0.734835853
-0.010137749 0.010251202 -0.019249315 1.046637829
0.009668981 -0.011536202 0.005276205 1.019659755
-0.026281435 0.035199338 -0.050712812 1.092445475
0.010207500 -0.019534065 -0.004690288 1.023411690
0.036609712 -0.064417826 0.003277065 1.009867189
-0.003125813 0.011079671 0.060542247 0.901063343
0.000854218 0.002721605 -0.009563563 1.048285538
0.015582173 -0.031152690 -0.000983476 1.028551340
0.006786735 -0.009164095 -0.027833387 1.095676115
0.008880876 -0.015027689 -0.057685063 1.179260809
0.005940416 -0.005618216 0.125243088 0.593890716
0.013892405 -0.035835774 0.017297120 1.004085389
0.025957990 -0.015306734 -0.070399050 1.015094521
-0.016437278 0.014369953 0.314736385 0.745499721
-0.001104710 0.000570642 -0.014626976 1.041926738
-0.007635498 0.007754509 -0.003104807 1.029252352
-0.017585516 0.020689533 -0.005979537 1.032989500
0.029614916 -0.050111116 0.005660056 1.015530111
0.021107890 -0.035649171 -0.000696182 1.026335717
0.010103834 -0.014741465 0.009976629 1.006057375
-0.000237282 0.006974878 -0.045207728 1.121944520
-0.029015319 0.073164361 -0.017178055 1.057476272
0.047599859 -0.118373583 -0.030438905 1.090628398
-0.004340735 0.027060077 0.002011358 0.999767663
0.000688535 0.010966414 0.128778836 0.594111729
0.005195322 -0.006159377 -0.212588546 1.891307765
0.050085791 -0.030023623 -0.082359915 1.018230977
0.008266599 -0.000750190 0.332505127 0.727825453
-0.066440832 0.066486497 -0.027275079 1.051627629
0.019517037 -0.028067161 0.017818219 1.002025001
-0.023616308 0.028006185 -0.091767885 1.144486931
0.045120392 -0.075098865 0.029853575 0.962054740
-0.005826072 0.011510127 -0.009937290 1.029699213
0.042397013 -0.080113735 0.044973509 0.925368697
-0.035689462 0.083867855 0.015668269 0.986909697
0.036652449 -0.082518536 -0.062215313 1.166041933
-0.006351418 0.024991130 -0.029693449 1.084737273
-0.011369562 0.039041935 -0.039716502 1.112801821
0.001287664 -0.001461190 0.144639734 0.522861857
0.034445388 -0.127460539 -0.139203750 1.601467083
0.022976134 -0.012626735 -0.088219648 1.023992005
-0.024859648 0.020858312 0.318788607 0.739086231
0.023968470 -0.023086992 -0.011700985 1.036526856
-0.017202682 0.022201276 -0.019218929 1.044796594
-0.046702161 0.060550597 -0.074140412 1.116194520
0.054103066 -0.090657243 0.007178186 0.994216623
0.008278092 -0.012754786 0.045588629 0.928918868
-0.019624307 0.040259773 -0.005596878 1.026171330
0.033933921 -0.072212501 0.072049481 0.863113983
-0.013823259 0.037629010 -0.086440423 1.227640756
0.003324527 -0.005240456 0.003328324 1.003218888
0.045334709 -0.122868964 -0.091073938 1.267545218
0.039938049 -0.105599650 0.176963139 0.409826558
0.061800805 -0.188678122 -0.041754695 1.240954317
0.020744921 -0.012406264 -0.105809874 1.034911964
-0.059801228 0.043976039 0.326766093 0.732108792
0.091108947 -0.091843115 -0.022090668 1.046079869
-0.001554867 0.010087082 0.067676330 0.947336169
-0.121973272 0.166631004 -0.142114129 1.220063755
0.100841624 -0.167591341 0.024890894 0.969556221
0.011353676 -0.015461825 0.007398131 0.999293919
-0.033531906 0.069820779 0.014349227 0.986086836
-0.000106191 -0.000373219 -0.047499526 1.115969212
0.020364201 -0.047455119 -0.026090139 1.066727623
-0.011109328 0.031228703 -0.038276917 1.097194568
0.033272068 -0.093039202 0.012384948 0.955341348
0.012279641 -0.025863435 0.154895012 0.499309136
0.027785803 -0.084786853 -0.147482240 1.648342680
-0.022133793 0.005891596 -0.099447674 1.051014754
0.034984322 -0.034091084 0.238829567 0.814220690
-0.059870060 0.051277858 -0.007623432 1.036028383
0.003975273 -0.018952010 -0.078915982 1.114450190
0.089325327 -0.129907076 -0.021448130 1.039741985
-0.116270755 0.178487047 0.019043083 0.979005165
-0.023402384 0.020610813 -0.000209808 1.011735082
0.030594907 -0.081984041 0.013659601 0.985383204
0.032158961 -0.085268554 -0.067914112 1.156687994
-0.064016016 0.135933889 0.051529395 0.881967933
-0.003879499 -0.014407402 -0.063077817 1.168485965
0.004041785 -0.036586999 -0.063735678 1.170327975
-0.049963176 0.136228880 0.031696662 0.864944480
-0.021650671 0.028641364 -0.122286387 1.450080059
0.008160091 -0.012896549 -0.106009549 1.049267623
0.007133827 -0.012178164 0.236037984 0.809834354
-0.003407029 -0.002691395 -0.015336271 1.036071178
-0.006964686 0.001222029 -0.014727717 1.035401768
0.017460972 -0.030531326 -0.018815394 1.040715747
-0.064771588 0.092817514 0.000337362 1.011986613
-0.023953960 0.023427545 -0.012208228 1.033314117
0.023052645 -0.065885004 -0.021628149 1.051211967
0.044771632 -0.111494874 0.001015067 1.003661216
-0.016842341 0.030217259 0.004372000 0.995940271
-0.014204264 0.023622068 -0.022178097 1.062315513
-0.020296499 0.040680325 -0.053123670 1.148963115
-0.016456482 0.028392270 0.151962761 0.492686525
-0.023489363 0.055117218 -0.070715998 1.338865799
-0.016437528 0.001890394 -0.079209213 1.029048803
0.011780144 -0.017861975 0.254643873 0.795351647
0.008412714 -0.014831289 0.011231301 1.014422956
-0.007824663 0.003029827 -0.050266403 1.082070431
-0.007609339 0.002749905 0.015924569 0.996022171
-0.032981296 0.040807840 -0.023764366 1.055555574
-0.006639089 -0.003973912 -0.032289040 1.070047519
-0.012927619 0.007974294 0.011848216 0.986186735
0.029139731 -0.080367136 -0.015354153 1.043311706
-0.004649031 -0.002652986 -0.003758668 1.016642091
0.016800345 -0.056276425 -0.050489911 1.133470198
-0.021593580 0.051226561 -0.027531677 1.069187145
-0.044388142 0.124169161 0.174483089 0.422739886
-0.061262449 0.188291529 -0.093222415 1.440020787
-0.014740877 0.002148389 -0.062786046 1.015208395
-0.010477054 -0.000836287 0.266597883 0.784639649
0.007393335 -0.016919637 -0.014048811 1.037221667
-0.024934792 0.018641304 -0.025553116 1.049876403
0.026475962 -0.048192675 -0.015233155 1.036460454
-0.033597184 0.041917045 0.012190339 0.995325212
0.003740584 -0.021557162 0.021360524 0.979735897
0.009856339 -0.033177097 -0.029003631 1.075427790
-0.006855925 0.001918656 -0.014396306 1.044752410
-0.032905700 0.061833138 -0.023643369 1.066020653
0.058046534 -0.165547448 -0.013331177 1.040240174
-0.022383673 0.059657127 0.006007551 0.986091737
-0.040451093 0.117472873 0.176966616 0.439022721
-0.002126964 -0.028158815 -0.151537442 1.687338126
0.013311039 -0.009200351 -0.094865566 1.038414779
-0.036178030 0.025441997 0.264456586 0.786889277
0.009513386 -0.015680276 -0.013803240 1.037323114
0.008803986 -0.014899937 -0.011960868 1.035296505
-0.011775782 0.011853761 -0.006080864 1.027652500
0.008282590 -0.018233796 -0.012076494 1.036645945
-0.013714996 0.019162101 0.019032962 0.983759868
0.004746189 -0.015914151 -0.005320312 1.030031089
0.016963113 -0.041569691 0.000594854 1.017609239
-0.016751326 0.035973518 0.012345311 0.990583189
0.008121469 -0.026208471 -0.085342540 1.234802816
-0.026853866 0.071722468 0.005645304 0.980036859
-0.006317805 0.006007070 0.121664226 0.608776303
-0.016237957 0.043703648 -0.213942317 1.884081149
0.010655589 -0.007896401 -0.129195757 1.059596751
-0.014876799 0.009976271 0.287089961 0.768196753
0.021731595 -0.022971283 -0.010357497 1.035899458
-0.015083139 0.017524926 -0.027045617 1.054256391
-0.012951577 0.014753895 0.002134442 1.016322316
0.022522290 -0.038456906 0.001742839 1.016909719
0.000004611 -0.000176851 -0.011193756 1.038901932
-0.002700248 0.004962381 0.018692619 0.982117819
-0.000898209 0.001178100 -0.053445088 1.133606998
0.068251861 -0.157867059 -0.015911456 1.047279646
-0.061981070 0.167715270 -0.002088547 1.012722374
0.046366307 -0.135657381 -0.040300032 1.119714529
-0.018682080 0.072497461 0.146025740 0.523472049
-0.008020131 0.031982055 -0.061551038 1.312263798
0.023993793 -0.018216285 -0.094648903 1.025655183
-0.049407378 0.033164534 0.323128421 0.733211061
0.034508960 -0.042360168 -0.006192325 1.029599725
-0.016226709 0.013449069 -0.011468534 1.035403554
-0.009035217 0.004100129 -0.033069841 1.063485253
0.013559341 -0.029791707 0.026377433 0.974314341
0.028816473 -0.055728833 0.002749563 1.014481722
-0.024930263 0.046389964 -0.035087479 1.086372100
-0.007841399 0.010503352 -0.055537807 1.129317787
0.028441567 -0.072947467 0.045599927 0.896701005
0.017166377 -0.044759493 -0.043107874 1.118470507
-0.002193242 0.009447439 -0.054436313 1.150190136
0.001871932 -0.003561119 0.149174853 0.498634394
0.062148837 -0.232613353 0.036612751 0.926370376
0.041493174 -0.029864942 -0.072276001 1.012431683
-0.047603628 0.032502818 0.315303225 0.741126230
-0.002219090 -0.008343265 -0.013265607 1.036838171
0.015627114 -0.027974090 -0.020253069 1.044524380
-0.022007352 0.020950715 -0.025203222 1.050959578
0.058548559 -0.099883152 0.015993711 0.989164179
-0.000844909 0.001085747 -0.011097197 1.035218723
0.026062131 -0.050037629 0.019195683 0.977662253
-0.066366406 0.144062289 -0.059415684 1.142746115
0.076357599 -0.184202915 0.035399190 0.924671909
-0.005278070 0.019886257 -0.041628685 1.117241598
0.018260026 -0.046020411 0.018706019 0.948304428
0.008527135 -0.014875158 0.133745493 0.580178107
0.026276325 -0.082322079 -0.005337745 1.108694405
0.025329847 -0.020160048 -0.096684700 1.026584688
-0.055076281 0.036124241 0.322854240 0.732907435
0.024836677 -0.035797419 -0.025357598 1.046298081
0.025880163 -0.036945254 0.013881927 1.003134602
-0.035855616 0.043311256 -0.032192461 1.063031304
0.060173506 -0.100732427 0.029804103 0.970036458
-0.018034906 0.032221876 -0.020208962 1.055058671
-0.004583040 0.006663332 -0.052532572 1.116473530
0.024713072 -0.054858500 0.046083916 0.909378914
-0.014777222 0.035969173 -0.115130516 1.280172101
0.030035415 -0.076062419 0.013050042 0.959720706
0.024731498 -0.061211451 0.012662557 0.960805664
0.043013733 -0.119714604 0.196713042 0.371844103
0.058527830 -0.178668171 -0.164078633 1.742852449
0.073840591 -0.048400968 -0.135832735 1.054556880
-0.073487434 0.054728648 0.291947740 0.755110553
-0.001972909 -0.009634423 0.040528169 0.981388161
-0.001403513 -0.010260758 -0.071644809 1.104778439
-0.025631262 0.021235315 0.046141733 0.951655941
0.090392831 -0.152800826 0.008333919 1.008367661
-0.037357904 0.064375430 -0.062819742 1.129328888
0.029807878 -0.063239553 -0.004218818 1.017987135
-0.037763357 0.078660034 -0.060844109 1.136900240
0.000734813 -0.009885757 0.069849772 0.836304319
0.030746220 -0.084914273 -0.065304647 1.174190368
0.025020517 -0.068882306 0.002735256 0.983678641
0.022070121 -0.059441038 0.208965871 0.323740664
0.049099185 -0.162151479 -0.086369669 1.446015701
-0.039541924 0.042297399 0.084415381 0.869159070
-0.074901229 0.067048913 -0.024968089 0.945727498
0.042337143 -0.038465620 -0.046674002 0.965262819
-0.014322459 0.023859944 -0.027364800 0.944022697
-0.037172265 0.053564691 -0.078618508 1.010652514
-0.024815051 0.035028871 -0.079434197 1.011876048
-0.058760638 0.092736370 -0.015979713 0.904003422
0.080556638 -0.171966451 -0.055262466 0.978640652
0.034226963 -0.074674138 -0.019059773 0.902614999
-0.069962341 0.164961256 -0.004069804 0.868138072
0.066998357 -0.177440490 -0.005076131 0.870653890
-0.032122860 0.100098912 0.057628737 0.695080262
0.008308224 -0.029280556 0.007447204 0.855661170
0.103026023 -0.389208191 0.010967181 0.842285259
-0.016754857 0.020300225 0.020744802 0.915376484
-0.042410431 0.038259126 -0.059993271 0.971893134
-0.058509981 0.052748721 -0.061083123 0.972874001
0.068137444 -0.086563450 -0.020149953 0.927847513
0.012732348 -0.014536827 -0.039661815 0.953212932
-0.050640397 0.080522290 -0.092310287 1.032185641
-0.047456634 0.075109893 -0.035982741 0.936428809
0.031262009 -0.074455528 -0.161906241 1.175683456
0.078195597 -0.173016057 -0.043400218 0.926820819
-0.039604941 0.097925173 0.035220376 0.745993456
0.035417370 -0.089630604 -0.058233350 0.979627771
-0.018758815 0.062062713 -0.027131432 0.892542402
-0.090069200 0.290255949 0.072725129 0.573001404
-0.000593984 -0.049749871 0.036898630 0.709142097
-0.034862783 0.021693517 -0.067621772 0.971717151
0.036857881 -0.028510948 -0.029130580 0.944773317
-0.009994827 0.013656489 -0.043797781 0.957973798
-0.057633106 0.066058596 -0.055961331 0.971353703
0.050160925 -0.074073639 -0.054261075 0.969143371
-0.043498578 0.066415616 -0.058973120 0.976211437
0.003329514 -0.013192143 -0.095255409 1.037891331
0.046041198 -0.094344341 -0.060068092 0.971035430
-0.046357441 0.099692792 -0.126214295 1.109942450
0.077036752 -0.184113846 -0.069701059 0.979962009
-0.012064136 0.038638374 -0.028521622 0.877013416
-0.011138209 0.036045778 0.087334195 0.552617136
-0.051816470 0.166216215 -0.117702403 1.208734260
0.016321606 -0.092708469 -0.025188924 0.857183044
-0.005189216 0.001760488 -0.037720802 0.955741645
0.025374039 -0.019633790 -0.045605007 0.961260588
0.047678749 -0.039708028 -0.052843081 0.967774855
-0.092667419 0.114672759 -0.023928293 0.935968588
0.017949789 -0.029129605 -0.091523208 1.023841974
0.026458273 -0.041892332 -0.031017654 0.933083642
0.020127280 -0.031129643 -0.057325086 0.977806278
-0.024424330 0.053518415 -0.112746398 1.083106771
-0.091953756 0.195330204 -0.142155554 1.144865994
0.017326032 -0.056013305 -0.071122927 0.981490957
0.003575724 -0.021637533 -0.058924764 0.950995548
-0.006508409 0.006598038 -0.080705713 1.011982204
0.041116917 -0.145803008 0.003006558 0.744102933
-0.015145009 0.067992309 -0.060140345 0.984061162
0.006756054 -0.003895465 -0.069550280 0.972923281
0.015187124 -0.009797215 -0.032315852 0.946859182
0.002780271 0.001368953 -0.058720694 0.970623539
-0.037686043 0.045881899 -0.026252279 0.934908282
0.016532336 -0.024601991 -0.072536749 0.995078091
0.004064798 -0.005900684 -0.013552305 0.906601424
-0.045104416 0.077686982 -0.083303779 1.025178934
0.034059289 -0.072724055 -0.099026298 1.055051720
-0.087478275 0.182504817 -0.094944216 1.046479347
0.016716975 -0.057144254 -0.100238299 1.058655739
-0.044332197 0.095478678 0.057834396 0.663474000
-0.033623503 0.065494334 0.077116620 0.609483774
0.055714307 -0.220386660 -0.164138900 1.381501448
-0.014441434 0.046205152 0.056395758 0.543469762
0.030106609 -0.021955324 -0.024036767 0.947717727
-0.000274792 -0.000688344 -0.030863585 0.952496500
0.029816140 -0.027770182 -0.085767487 1.001910010
-0.003859162 0.009272652 -0.030219864 0.940807623
-0.064986836 0.088738624 -0.054589497 0.972488145
-0.005224723 -0.000904545 -0.011165735 0.907352503
-0.020060071 0.024315548 -0.053521116 0.979356652
0.041879656 -0.093369933 -0.065377676 1.001884116
0.014641377 -0.036169549 -0.097375787 1.069080146
-0.021853810 0.047769378 -0.068182929 1.001936574
0.011469669 -0.035539319 -0.025841399 0.896082749
-0.026068170 0.069566630 -0.073287619 1.028932161
-0.002101870 -0.007125533 0.094249661 0.492812859
0.073777040 -0.295465386 -0.064877350 1.097495493
0.029416400 -0.019605219 -0.008085669 0.934323639
-0.025162680 0.018600136 -0.037463310 0.954887987
0.029527853 -0.030621342 -0.054962324 0.970637100
-0.041080747 0.047048120 -0.054098685 0.969687097
0.035741796 -0.052821182 -0.053782450 0.969275992
-0.034535256 0.052594396 -0.019656415 0.918086939
-0.005438274 0.003129524 -0.124014958 1.095496468
0.055648388 -0.112935131 -0.026387582 0.910004454
-0.090256757 0.193465658 0.029709928 0.792199689
0.053210897 -0.136509937 -0.077716094 1.039279534
0.002420412 -0.009533725 -0.097060020 1.087639351
-0.059376249 0.163496921 0.031577192 0.727455162
0.016658039 -0.079812802 -0.041033433 0.959809167
0.009742344 -0.053533162 -0.053932819 1.008826832
0.002043663 0.001090978 -0.024087430 0.948787511
-0.012221277 0.011076436 -0.043899718 0.962656112
-0.016393210 0.014831175 -0.054285811 0.972003596
0.016634377 -0.021499171 -0.096635853 1.018588643
-0.059060082 0.076903622 -0.065631851 0.978283441
0.020234240 -0.042037861 -0.133189527 1.079619956
-0.021555972 0.029005501 -0.099295115 1.021999454
0.106512742 -0.214325052 -0.011851196 0.855856009
-0.022846664 0.057329689 -0.084196905 1.007781992
-0.099839312 0.234412774 -0.024182195 0.869748161
0.037374304 -0.108621264 -0.059700816 0.958544715
-0.044748726 0.121323215 -0.105095928 1.085651025
-0.025262644 0.058967752 -0.053315370 0.919953237
0.010911339 -0.078493381 0.083611836 0.399629861
-0.016757232 0.016106856 0.048366788 0.901828466
0.005817404 0.000304610 -0.065750186 0.981710347
0.010074272 -0.003526571 -0.035999409 0.954934648
-0.095245258 0.112324915 -0.086593361 1.010587997
0.001347288 -0.013245390 -0.094658412 1.021072562
0.000657076 -0.012210072 -0.139299002 1.088033448
0.004401399 -0.018575422 -0.067431653 0.965858951
-0.016966179 0.022022977 -0.144875399 1.113002067
0.007525425 -0.029409389 -0.082069020 0.981108676
-0.163474323 0.363890023 -0.017301734 0.832143922
-0.031581476 0.034157906 0.079553736 0.590005247
-0.086867779 0.188959551 0.117652239 0.483329440
0.106882467 -0.431041246 -0.054714688 1.034903616
0.056601275 -0.239972718 0.102754763 0.436519709
-0.018477744 0.021328506 0.113593645 0.857518699
0.017559292 -0.003897418 -0.035218301 0.961687059
-0.018913616 0.028928198 -0.074017328 0.996606183
-0.064692856 0.079285363 -0.033823860 0.952393367
0.031654752 -0.045966523 -0.103768980 1.043322019
-0.127635395 0.192968698 -0.082995574 1.012161911
-0.015782720 0.002819144 -0.012163524 0.891747423
-0.032301566 0.034204952 0.028729747 0.814050209
-0.005628707 -0.021808048 -0.065278097 1.011466673
-0.041068205 0.059702795 -0.062651321 1.005425088
-0.008212081 -0.022437516 -0.018934213 0.896132318
-0.034360253 0.050777366 0.063789174 0.664506839
0.029343433 -0.153074435 -0.005498430 0.886227174
0.103352677 -0.434309556 0.087312465 0.533545776
-0.040422373 0.038544620 0.047861937 0.924909173
-0.003539021 0.012726274 -0.016397835 0.969891012
-0.011153973 0.019579730 -0.025434786 0.978024268
-0.003339689 0.010984018 -0.099871492 1.059904647
-0.010572704 0.020386937 -0.015593763 0.950343603
0.009459562 -0.009661463 -0.038896194 0.985297249
-0.009361751 0.022334771 -0.027790080 0.966416854
-0.042707693 0.085692060 -0.036035491 0.982083136
0.018548943 -0.042946871 -0.028282695 0.965802265
0.048006430 -0.110699089 -0.026381308 0.961429074
0.018672176 -0.037363454 -0.071168951 1.073398181
0.024257036 -0.053001060 -0.041465749 0.990229219
0.031710598 -0.076852460 0.022731626 0.784797616
-0.063518487 0.285018058 0.040113556 0.718746282
-0.026399173 0.028347982 -0.029081406 0.973262579
-0.043953543 0.040636041 -0.016545356 0.964487345
-0.032074100 0.029944542 -0.052660393 0.996990877
-0.014225766 0.010311375 -0.038586273 0.981509344
0.024632538 -0.040204419 -0.071356578 1.024110739
0.056074171 -0.087366869 -0.038266769 0.974476026
0.021421163 -0.028456752 -0.034277153 0.967693679
-0.086161520 0.175950343 0.048443394 0.810524641
-0.030080580 0.058180374 -0.100977099 1.124307662
0.060173993 -0.149405141 -0.017451938 0.932199796
-0.027419303 0.069578099 -0.078664037 1.085230044
-0.011917065 0.026171833 0.032145373 0.774963700
0.004956712 -0.027824253 0.006006262 0.858608858
0.027331994 -0.112850325 0.075448011 0.594730215
-0.015394200 0.014710044 -0.049700740 0.987790407
-0.015617075 0.014866056 -0.032281580 0.975596995
-0.046652390 0.042797839 -0.050687480 0.992162305
0.048315264 -0.061666582 -0.021366783 0.959909537
-0.005388821 0.008148725 -0.065328463 1.017059720
-0.031129822 0.046760226 -0.035056165 0.971651273
0.063371674 -0.113892321 -0.052492339 1.001292770
-0.055442815 0.111855204 0.007457140 0.887388761
0.046726233 -0.102699785 -0.055743741 1.020110604
-0.046779253 0.112362828 -0.047743607 1.001710297
-0.023322815 0.053721734 -0.027524833 0.951163362
0.034473547 -0.108108078 -0.033521495 0.967954016
-0.016841260 0.056099306 0.019398235 0.798610875
0.066059640 -0.258924108 0.106800801 0.466481130
-0.008873084 0.005634707 -0.058307651 0.993967416
0.016803329 -0.012338782 -0.058739487 0.994269701
-0.054233508 0.051594370 -0.008942185 0.949452130
-0.004330125 -0.003299352 -0.058220050 1.003657783
-0.003956364 -0.003785241 -0.083010475 1.035885334
-0.029544576 0.034597077 -0.079013984 1.029890598
0.075348025 -0.143720351 0.062959217 0.788536150
-0.027188033 0.051098156 -0.008249882 0.923833435
0.047898782 -0.106584147 -0.086994746 1.089197643
-0.011870483 0.030885160 0.061948285 0.746628679
0.019290776 -0.047017989 -0.096694842 1.143236497
0.019129040 -0.046565127 -0.016733106 0.919343638
-0.028767738 0.106704565 0.026473308 0.781083112
0.013373630 -0.053432633 -0.003411025 0.894643576
0.008108661 -0.009754720 -0.052250031 0.987766863
0.010965715 -0.011754657 -0.047958198 0.984762581
-0.002816243 0.000649104 -0.002315044 0.943683743
-0.025600009 0.025711247 -0.087634654 1.037535317
0.053348187 -0.076921404 -0.051516878 0.990582209
0.013425623 -0.017037557 -0.095071472 1.055914100
-0.028389380 0.054047949 0.034774256 0.835176356
0.036117644 -0.068515395 -0.021667488 0.942415669
-0.000858011 0.009133477 -0.027871125 0.955443306
0.006150530 -0.006986166 -0.108952496 1.141930456
-0.057274848 0.151577278 0.020450357 0.818423323
-0.000503717 -0.007381885 -0.006367116 0.893512244
0.035705052 -0.123249949 -0.049610543 1.031891215
0.063327365 -0.228214736 0.076598083 0.552298443
0.004661247 -0.004065766 -0.009744466 0.955993265
0.014691278 -0.011086787 -0.033736827 0.972787918
0.034974547 -0.029341728 0.020329351 0.924128358
-0.072737711 0.089141758 -0.080737500 1.035301898
0.020480188 -0.032041507 -0.065651222 1.015689737
-0.050246066 0.074047874 0.004534720 0.910410823
-0.020939864 0.024227330 -0.050422567 1.003838215
0.008949445 -0.032562357 -0.107694605 1.112655084
0.007276012 -0.029048147 0.106057797 0.663775060
0.143493645 -0.342348697 -0.111376021 1.163872831
-0.003628483 0.025456623 -0.039105223 0.983195837
-0.001963134 0.020793647 0.026455217 0.799626608
-0.044089229 0.155597152 -0.059933771 1.076071375
0.074052111 -0.293339934 0.144111523 0.300699268
-0.028340687 0.013972838 -0.010138751 0.957342863
0.036453560 -0.031383134 -0.028907062 0.970480681
0.001331914 0.000226347 -0.039930930 0.980402162
-0.040389101 0.046119464 -0.069771136 1.013226389
-0.003869141 -0.001356482 -0.062814042 1.004182167
-0.045686970 0.061370262 -0.018424685 0.937598132
0.050928627 -0.102876259 -0.003041328 0.911446424
0.030722374 -0.064484377 -0.019193001 0.942134602
-0.043422242 0.091219308 -0.044873942 0.996064577
-0.037972532 0.078684975 0.031979672 0.819301267
0.117597679 -0.310240553 -0.102136350 1.154591323
-0.068515774 0.210877109 0.029374354 0.786361358
0.046588398 -0.157456248 0.010914606 0.845432554
0.115727708 -0.420185622 0.139272296 0.357673337
-0.040899332 0.031503802 -0.027635099 0.964861036
-0.050578431 0.038279171 -0.026495756 0.964063496
-0.046194134 0.034333303 -0.007098017 0.946605532
0.055094989 -0.077084734 -0.056655129 1.001118356
0.012784926 -0.022081653 -0.097950376 1.054802174
-0.002765880 0.001244554 -0.004578232 0.914743958
0.015866950 -0.030431256 -0.045619325 0.984513819
-0.056526406 0.107116118 0.044498758 0.813289464
0.043865718 -0.103707334 -0.045941163 1.003213289
-0.012870917 0.026786924 -0.028851621 0.963907344
0.053289568 -0.138614287 -0.040218638 0.992324885
-0.020641541 0.068392814 0.007813124 0.857835954
0.011772216 -0.035331212 -0.003965100 0.895526272
0.053518599 -0.193967465 -0.014553518 0.935762259
-0.048112204 0.036516066 -0.018683971 0.953355760
0.003267596 0.000550207 -0.014418960 0.950370253
-0.051006980 0.049397324 -0.034605852 0.968538455
0.018229455 -0.026762757 -0.036998404 0.971170262
0.035516936 -0.049236482 -0.069812818 1.013828998
-0.087227954 0.134880854 -0.031732909 0.956709135
0.001916476 -0.016664682 0.018004483 0.872155565
-0.032733462 0.049170200 0.015105909 0.877662857
-0.012980827 0.007689668 -0.012615022 0.935876809
-0.036474774 0.061725746 -0.128424435 1.202238453
0.043925091 -0.139273918 -0.064935297 1.043515609
0.067373344 -0.204929026 0.170694698 0.383751634
0.029653443 -0.084225339 -0.025648280 1.012049173
0.149003691 -0.537756275 0.195326370 0.172345514
-0.029035599 0.027021284 0.080744331 0.889908282
-0.057845243 0.047188034 -0.047679844 0.979805203
-0.016567528 0.010038092 -0.025265509 0.959632301
-0.020542199 0.014410230 -0.046287494 0.982756485
-0.020795003 0.014738875 -0.052187132 0.990426015
0.046199044 -0.085752195 -0.030823641 0.958380778
-0.027846213 0.040124745 -0.034456861 0.964557253
-0.023687448 0.032223093 -0.022515067 0.941867843
0.016619662 -0.052421835 -0.071145279 1.043991285
0.035632088 -0.096150415 0.045030106 0.776787904
0.025780946 -0.071522559 -0.108462987 1.160520636
0.068992604 -0.192515200 0.013648268 0.818609128
-0.039681161 0.155240855 0.095807428 0.555699812
0.013081937 -0.045258916 -0.024704711 1.013645936
0.006518080 -0.004833397 -0.134959527 1.044961367
-0.001544387 0.000810330 0.362049065 0.697055359
0.032922077 -0.030209487 -0.007441638 1.029596983
-0.003717499 0.010094047 -0.049391407 1.075741729
0.018285285 -0.018509570 -0.031331174 1.052263427
-0.087039850 0.139478133 -0.024827117 1.042507342
0.023136163 -0.047821096 0.033121121 0.943995335
0.006474843 -0.016164588 -0.001149774 1.009110034
-0.008540030 0.015366645 0.082473139 0.833501925
0.033175482 -0.080579032 0.033199779 0.946830650
-0.055851133 0.141987505 -0.070815098 1.206867842
-0.035529855 0.085087928 0.065852686 0.824198055
-0.039151513 0.096677234 0.084155215 0.765629960
-0.015170910 0.005550946 -0.113067485 1.515076210
-0.005947515 0.002069231 -0.052100721 1.001190217
0.022031160 -0.017515841 0.283689814 0.766136846
-0.005167519 0.006962969 -0.006268023 1.027098893
-0.018295088 0.021403295 0.004913213 1.014799533
0.003864017 -0.007403540 -0.109954152 1.164127102
-0.023498988 0.033640967 0.026967221 0.958745042
-0.022662195 0.032218419 -0.044775323 1.080707371
0.022668488 -0.053909877 0.126647696 0.755003637
-0.037202621 0.071819447 -0.074135643 1.176648632
0.037269134 -0.099465587 0.040131202 0.913834894
-0.033461449 0.077360871 -0.089739575 1.238511836
-0.055011274 0.137700381 0.029036992 0.905937454
-0.022902970 0.034953807 0.151870275 0.512870943
0.065817220 -0.302182914 -0.070910458 1.359437717
0.010126754 -0.009616987 -0.065554682 1.007952424
-0.027020816 0.016386311 0.311607737 0.743938735
0.000086962 -0.008010689 -0.012609360 1.035734114
0.028507861 -0.039273678 -0.002940894 1.025098802
0.045369058 -0.061193233 -0.058820830 1.097742715
-0.093885864 0.147689149 0.015543696 0.986195927
-0.008417436 0.002392818 -0.025843987 1.056554990
0.017660667 -0.047155577 0.054671188 0.903576159
0.010439271 -0.031990647 0.010017750 0.997348374
-0.043848775 0.092871857 0.005847214 1.006940607
-0.055633115 0.122332708 -0.058312028 1.167338712
0.095048301 -0.299575250 0.075973850 0.791338260
0.009309938 -0.025212486 0.066884965 0.820422692
-0.014403716 0.064899401 -0.087904190 1.408621476
-0.012322150 0.005438687 -0.053116384 0.997867198
0.007534177 -0.008460742 0.324806590 0.733321121
-0.020039683 0.016355732 -0.010775921 1.035345373
0.024393743 -0.032521038 -0.022156843 1.047864387
-0.030303565 0.038585459 -0.014865991 1.038386280
-0.036311600 0.047597512 -0.023325676 1.051075808
0.025972994 -0.058286300 -0.038908734 1.077567007
0.020342004 -0.047587419 0.075085190 0.860978554
0.023828537 -0.054909138 -0.056248890 1.136780109
-0.138946073 0.319472456 0.045455087 0.902860967
0.032456510 -0.109034000 0.012571814 0.985069151
0.023346712 -0.083526568 -0.122952879 1.364538284
0.026740469 -0.094386590 0.286456889 0.054427007
-0.097395470 0.377329973 -0.207008583 1.929595776
0.017051820 -0.010759693 -0.079594259 1.017945232
-0.015525890 0.012044703 0.335140844 0.727630665
-0.012870756 0.009655083 -0.014046427 1.041899201
0.010060052 -0.015568807 0.014390951 1.010618085
-0.027070197 0.032700516 -0.070621950 1.121134852
-0.003678695 -0.002386737 0.025160307 0.977461466
0.027179940 -0.054846418 -0.047180073 1.100440116
-0.018569880 0.032078239 0.068875576 0.879934385
-0.031404942 0.059031867 -0.036599031 1.101431050
-0.047638261 0.096368499 0.057926164 0.884023105
0.060136556 -0.173068542 0.031932597 0.949007022
0.038376966 -0.112141693 0.003702640 1.028050902
0.052255548 -0.156553154 0.006328822 1.019647118
0.101763226 -0.344682327 -0.079924394 1.347409337
0.016995972 -0.008151332 -0.111671991 1.040390167
-0.010775154 0.011288456 0.325084646 0.734660526
0.002129364 -0.000325610 0.005355476 1.022416772
0.020399536 -0.020422800 -0.038333549 1.070474700
-0.035832118 0.052678348 -0.058239088 1.096351901
0.007983567 -0.013045179 0.027823442 0.967258106
0.025058292 -0.042072213 -0.009034875 1.029917246
0.012031004 -0.017320366 0.028545867 0.958513837
-0.124578395 0.269559359 0.097829080 0.813019096
0.037600906 -0.103453026 -0.196232153 1.489359918
0.032545440 -0.090814362 0.068340710 0.827927761
-0.001150689 0.003534798 -0.093182303 1.280192189
0.031706320 -0.101607630 0.200346144 0.340901144
0.104308635 -0.377496426 -0.170243318 1.749141083
0.018327848 -0.010154847 -0.064961020 1.009084793
-0.007534500 0.007948797 0.315404553 0.742828896
-0.012300406 0.012238111 0.014722940 1.013442341
0.000197370 -0.001509442 -0.029997836 1.062635196
-0.016013118 0.019564192 0.005617736 1.016334953
0.028849527 -0.047729775 -0.022038812 1.057819776
-0.028643405 0.050008211 0.004058482 1.013454375
-0.062389177 0.114125178 -0.092980299 1.197828056
0.073462751 -0.171163860 0.014917251 0.971243212
0.048465484 -0.113670147 0.021302099 0.956558061
-0.031968343 0.087414422 0.018137696 0.964469068
0.031429156 -0.090098573 -0.020430083 1.072458849
0.032907034 -0.094827783 0.077229154 0.759949284
-0.020115068 0.106656204 -0.139254712 1.582587967
0.041421007 -0.024799826 -0.077540581 1.015553328
-0.010666319 0.011661302 0.318001826 0.738673648
-0.027328816 0.026657549 -0.014032718 1.037504729
0.034643352 -0.041511838 0.004559757 1.017053006
-0.066693956 0.090226658 -0.116462382 1.174381781
0.061518337 -0.102091782 0.077103060 0.884033618
0.002340418 -0.001489317 0.048035400 0.933448641
-0.031157005 0.062155786 -0.011874442 1.047277339
0.039661020 -0.086562060 -0.056793676 1.141607728
-0.033726791 0.082229903 0.081702451 0.823066641
0.029637612 -0.076181105 -0.051573921 1.156257570
0.011647554 -0.025808943 0.033858708 0.917046214
0.039728736 -0.115668727 0.133410316 0.598481064
0.120297002 -0.421828136 -0.263546348 2.106916370
0.044804772 -0.025779062 -0.112514503 1.038368646
-0.036198831 0.030923460 0.327147563 0.730605205
0.012504636 -0.012909660 -0.009394286 1.033492861
-0.020018756 0.022866072 -0.007323625 1.031215134
-0.062868518 0.078570761 -0.105022167 1.158223234
0.107349446 -0.176756186 0.018900628 0.972339041
-0.037327241 0.069194189 0.044446603 0.928910882
0.048361352 -0.093614135 0.063751363 0.892231840
0.000164718 0.007598791 -0.057795630 1.147480513
-0.028805490 0.074230268 0.015241500 0.979495117
0.029625364 -0.071846867 -0.021253828 1.070733436
-0.036107569 0.112205343 0.060689733 0.841291471
0.017247864 -0.058532045 0.062367330 0.835923160
0.017827229 -0.060733633 -0.037721100 1.216259188
0.018878835 -0.010957434 -0.085992818 1.021670165
-0.055950894 0.041423376 0.318245609 0.738703271
0.097255572 -0.096462440 0.000944733 1.024274051
0.012744614 -0.003500384 0.042850390 0.978177828
-0.114980089 0.162541724 -0.131509869 1.204846156
0.071397169 -0.117024164 0.021533961 0.975280412
-0.010504900 0.022209357 -0.009129647 1.027408546
-0.029081948 0.057505748 -0.071023430 1.145006733
0.028009977 -0.062387289 0.074104351 0.840238407
-0.057092209 0.133347736 -0.034665457 1.090408960
-0.032707449 0.072385834 0.019009911 0.956220540
0.150390455 -0.440288287 -0.000142455 1.009847164
-0.100084426 0.361231343 0.067706318 0.792731088
0.082782933 -0.333664612 -0.068710078 1.311113385
-0.025100090 0.006258776 -0.094107395 1.043219390
0.020034442 -0.025335397 0.249250844 0.802868627
-0.041994217 0.030490395 0.009685752 1.018477204
-0.005884573 -0.009230214 -0.077704219 1.114606174
0.113807410 -0.164829786 -0.043341507 1.069934651
-0.148371642 0.228438791 -0.001551509 1.007249653
-0.006263975 -0.013144248 0.008298162 0.990505213
0.027300790 -0.076917302 0.012994413 0.981582335
0.002095950 -0.023987140 -0.012922284 1.036007397
0.049380550 -0.132741718 -0.074031335 1.176558212
-0.062987383 0.148178115 0.023651127 0.932352057
0.000450662 -0.029448408 -0.037642708 1.103974792
0.020258560 -0.092833683 0.010682843 0.949333026
-0.050625720 0.176526580 -0.137218841 1.511359418
0.004395210 -0.010943513 -0.062264506 1.019928308
0.011784198 -0.016115805 0.232949867 0.813278251
-0.011603443 0.004933071 -0.019652243 1.040620143
-0.009497650 0.002616698 -0.050413031 1.074457011
0.032021370 -0.051358025 0.007856486 0.998706642
-0.041982063 0.059647124 -0.037937155 1.067397104
0.024110520 -0.052710271 0.063883685 0.894301671
-0.027021272 0.044440134 0.023635634 0.970772966
-0.046793900 0.085962651 -0.074737054 1.177355603
0.009523926 -0.043568347 0.017230507 0.965830217
-0.018850351 0.027367345 -0.068947684 1.181275693
0.056725929 -0.184246236 0.081054996 0.761268197
-0.124424162 0.395434064 0.057510941 0.836609173
0.004345449 -0.093890450 -0.178861107 1.734822946
0.026618253 -0.027067496 -0.089936560 1.036354217
0.019747299 -0.022257829 0.256479100 0.793863259
0.000488444 -0.004924859 -0.029346936 1.051106684
-0.015107494 0.012230673 -0.018045313 1.038674899
0.022054456 -0.036079861 -0.028002255 1.051618924
-0.038546303 0.054821278 0.012363192 0.991070752
-0.013307189 0.011914783 -0.000815392 1.013474346
0.045787825 -0.100365742 -0.022783288 1.055213347
0.007009649 -0.018931576 -0.047173787 1.106433393
-0.114025824 0.259450005 -0.028060370 1.062472535
0.005125982 -0.038429508 0.074709268 0.805548440
-0.016295175 0.021549729 -0.108504120 1.318545920
-0.040967468 0.100501068 0.133385381 0.544499502
0.131839619 -0.556165856 -0.201521677 1.817146308
-0.010956182 0.000301399 -0.058149103 1.010824444
0.006873634 -0.012179472 0.268114225 0.782440118
-0.013371810 0.006041427 -0.021876688 1.043431932
-0.013056682 0.005694786 -0.023137339 1.044818649
0.025900454 -0.044949489 -0.013155338 1.031842048
0.005270425 -0.014004445 0.002126693 1.008919001
0.014632069 -0.029919240 -0.013319855 1.035178134
-0.023655612 0.042827354 -0.052997787 1.110566204
0.032992974 -0.076134672 -0.073304457 1.153210209
-0.000661248 0.001270037 0.101312375 0.751591504
-0.042604769 0.106128838 -0.006780228 1.021823012
-0.037164551 0.090896230 -0.140172508 1.395321388
0.122309421 -0.419420489 0.223782098 0.230666632
0.031831471 -0.075604284 -0.060549382 1.311126243
-0.002066736 0.000333886 -0.094560688 1.036188695
-0.020310587 0.013104581 0.268413440 0.782106809
0.003625845 -0.008438207 -0.025224680 1.046381110
0.006307291 -0.011387798 -0.004909636 1.024034562
0.025126919 -0.035853313 -0.004792808 1.023882685
0.005089826 -0.005797673 -0.021281833 1.048616223
-0.035324389 0.062906493 -0.017770535 1.042647016
-0.003473942 0.002390644 0.069536592 0.876763477
-0.021204250 0.039624290 -0.046159018 1.119724246
0.034965295 -0.089565661 -0.139931109 1.335400051
-0.020247166 0.048465493 -0.005364419 0.998983326
0.012688272 -0.043753733 -0.068986995 1.177126537
-0.034717542 0.107944875 0.152346814 0.468858336
0.017565261 -0.090729773 -0.078077917 1.344472303
0.027917321 -0.015559261 -0.143096456 1.064163391
-0.038744259 0.031103844 0.302410442 0.752308568
-0.002688964 -0.001345920 -0.002320408 1.026566326
0.021809054 -0.028293740 -0.011213426 1.036348646
-0.035876739 0.046697788 -0.048687446 1.085064871
0.041861990 -0.069910306 -0.005613564 1.020454047
0.017752377 -0.028923962 0.023060449 0.971708223
-0.032806922 0.067138703 -0.028217445 1.069136221
-0.016281823 0.032435998 0.091978290 0.816725190
-0.060576051 0.134312720 -0.090179422 1.235687917
0.086566993 -0.233544891 -0.012406510 1.041255638
0.033877423 -0.086014098 0.047726024 0.872884546
-0.022036415 0.092910188 0.147848351 0.552493093
0.119817546 -0.446134856 -0.211166380 1.916749053
0.016118879 -0.009817357 -0.080801551 1.018460485
-0.067305469 0.048579685 0.306586045 0.747289172
0.046319862 -0.053683110 -0.010473726 1.032642958
-0.022618755 0.022149371 -0.025476822 1.049146365
-0.047804804 0.054891233 -0.040113916 1.068174586
0.095673524 -0.160326260 0.025365943 0.969954798
-0.057738126 0.100473553 -0.018046505 1.043755960
0.092636236 -0.185237731 0.019350059 0.972702491
-0.100405523 0.220149944 0.026097291 0.958533303
0.020651731 -0.058281734 -0.067111834 1.172914286
-0.008277741 0.014041945 -0.005752644 1.019516311
0.053823068 -0.159840315 -0.005249678 1.018108007
-0.025059334 0.092583373 0.099779781 0.682013734
-0.047722174 0.178702164 0.117113597 0.616145232
0.018085477 -0.011185527 -0.119101710 1.041411016
-0.057279663 0.041570070 0.320372303 0.733779212
0.018650869 -0.026767406 -0.030928843 1.049950235
-0.008224124 0.002795086 0.010869507 1.003972049
-0.027013051 0.027220691 -0.023609990 1.048795394
0.040876749 -0.074614009 -0.030289881 1.058815230
0.005466283 -0.014416216 0.010977987 0.988659852
-0.013230592 0.021107847 -0.024781236 1.056602375
0.040453036 -0.091627768 0.086740235 0.822407297
-0.078337647 0.181590797 -0.073222501 1.190321581
-0.000627777 -0.012683877 -0.036647127 1.098883147
0.071947273 -0.215894014 -0.067887290 1.186355602
0.042451639 -0.121507984 0.083089981 0.703228328
-0.012268704 0.086429319 0.034741463 0.886952692
0.010173725 -0.007208521 -0.108205385 1.032737169
-0.064249368 0.044887643 0.323524792 0.730526050
0.052679965 -0.060348754 -0.023866886 1.043178553
-0.001957506 -0.000247535 0.019748814 0.995201281
-0.016714698 0.018936815 -0.022026891 1.049509696
0.035601104 -0.059536888 -0.008881090 1.029790994
-0.016375370 0.028823119 0.001355410 1.012388944
0.018784069 -0.037979813 0.017607814 0.981509376
-0.008987735 0.020340972 -0.158114396 1.350526000
-0.018070218 0.041230683 0.179089265 0.574957597
0.001101713 -0.006699145 -0.131902120 1.352436058
-0.004987577 0.010350866 -0.079312604 1.205185416
0.021621555 -0.074798357 0.135744136 0.517003838
0.022071207 -0.076507036 -0.064904470 1.279468533
0.031293880 -0.016989884 -0.160710523 1.068074917
-0.078499867 0.059865737 0.312595088 0.736760994
-0.011326966 -0.000589872 0.023234481 0.997185534
-0.002290579 -0.010529897 -0.070657755 1.100466996
-0.009469644 -0.001197114 0.067477806 0.920890773
0.099255358 -0.164284617 0.002232193 1.018759192
0.002520940 0.000163899 -0.087547334 1.171384392
-0.054457312 0.108422576 0.014987593 0.976568033
0.072376930 -0.157929319 0.066504463 0.868382613
-0.093464927 0.223506943 -0.105243896 1.263403830
0.026430566 -0.076231788 -0.020676060 1.051984239
0.070473563 -0.199552180 0.085926929 0.753495874
0.005570890 0.008136378 0.068452369 0.809414468
0.096272753 -0.336530696 -0.208821831 1.863056414
