8.859090108 -4.007865550 2.268170901 1.432411180 -8.292673047 -0.271363803 0.020151992 
-1.926841090 1.226329370 -0.823648530 -0.472569444 0.095747015 -0.007301144 2.824487158 
-2.874275880 1.020606559 -0.908396104 -0.272492304 2.997741518 0.035216150 -0.001550584 
-4.274981401 2.533478636 -1.265413085 -1.012015742 0.205949786 -0.016020153 4.740449361 
5.819621646 -2.715431271 1.476265379 1.014151029 -5.404351810 -0.203150724 0.016087093 
-2.280152964 1.684399873 -0.694105337 -0.712527595 0.147097217 -0.011429522 2.779817228 
4.012025240 -1.648468395 1.151778998 0.556205026 -3.969069023 -0.107249132 0.008701589 
-0.949265425 1.076304204 -0.361942902 -0.501488433 0.111745647 -0.009306149 1.548758344 
0.630726529 -0.250012104 0.209016765 0.092184306 -0.661614829 -0.021571000 0.002054159 
-4.702344466 2.961384607 -1.240133013 -1.249425158 0.265977042 -0.021437561 4.899057610 
0.662250842 -0.208716305 0.197102712 0.032999837 -0.679453261 0.000387299 -0.000360170 
3.086737553 -1.033440660 0.529699407 0.353424966 -0.065266431 0.004797127 -1.957461630 
-4.706690558 2.081433103 -1.260615170 -0.738372085 4.492912577 0.138761562 -0.010092201 
-1.672262934 1.284839429 -0.657330509 -0.556620868 0.122567499 -0.010179029 2.404179969 
1.269615752 -1.011603819 0.116127884 0.535611537 -0.789421005 -0.136044447 0.012573503 
6.926943941 -2.864414768 1.448469162 1.035702969 -0.203884143 0.015921090 -5.438800147 
5.799074639 -2.873377269 1.368389902 1.137930448 -5.204264462 -0.243958671 0.020597103 
4.326420770 -1.227006255 0.917383820 0.195784966 0.017599383 -0.005632885 -3.302043334 
7.353261356 -3.138371369 1.955386698 1.037475726 -7.028444327 -0.184285272 0.013110599 
-0.538261363 0.424875757 -0.639437282 -0.161438081 0.035605328 -0.002837098 1.807051801 
0.829030783 -0.371079970 0.162907891 0.101990736 -0.708312229 -0.009126872 -0.000320265 
5.172830876 -2.251221839 0.875838785 0.909121814 -0.197236647 0.016972007 -3.574885304 
-3.407487237 1.207336064 -1.065452111 -0.311363862 3.539154944 0.035124497 -0.000746911 
5.093716645 -2.174548928 0.946954594 0.890314952 -0.198472066 0.017703500 -3.633815560 
-3.447020383 1.322578428 -1.007700157 -0.386096206 3.461515442 0.055742920 -0.002715938 
2.981331986 -0.876619356 0.559104933 0.275478882 -0.048789516 0.003833543 -1.952428614 
3.055391101 -1.672217137 0.665109779 0.710316588 -2.618275731 -0.156123427 0.013188081 
2.990325784 -0.838273972 0.572640684 0.227594410 -0.028967940 0.001150603 -1.983516313 
1.147558832 -0.507516112 0.322511643 0.186259078 -1.114471341 -0.038690764 0.003524691 
3.007597309 -0.965337412 0.527749388 0.329346180 -0.061278765 0.004591743 -1.905082742 
5.881827567 -2.444289204 1.654260305 0.807311038 -5.759635958 -0.144530376 0.010540967 
-0.948586515 0.969547925 -0.462739432 -0.419209255 0.090256301 -0.007230902 1.719833239 
5.982269810 -2.787206400 1.505929627 1.022231051 -5.538235928 -0.199307862 0.015589210 
5.852682088 -2.695616796 1.037024144 1.138105535 -0.256325299 0.022656668 -4.157933410 
-4.654957714 2.031248483 -1.216972395 -0.704489545 4.412585179 0.129696972 -0.009149241 
7.125078603 -2.925218578 1.543036480 1.081151562 -0.216453616 0.017465185 -5.686907876 
-1.168733845 0.528838335 -0.316344472 -0.195412135 1.115016436 0.035399478 -0.002024809 
2.814078553 -0.845891602 0.457778660 0.266031279 -0.044397472 0.003184902 -1.715442393 
-4.347359399 1.845853196 -1.207159200 -0.635072260 4.225542609 0.116945939 -0.008432505 
-1.968223472 1.086825067 -0.955220475 -0.363057154 0.064158192 -0.004131206 3.074417551 
-0.965760107 0.625161193 -0.200681523 -0.307553321 0.786699421 0.072651245 -0.006329329 
46.435789396 -19.978170294 12.155937695 7.051910903 -1.334444158 0.099988126 -43.402747575 
3.630842680 -1.449941362 1.025528375 0.439187881 -3.579894807 -0.066573436 0.003401677 
39.895209371 -17.163073340 10.373744788 6.096085749 -1.165375372 0.088840148 -37.099597260 
5.220877909 -2.337097618 1.407205558 0.856881459 -4.992931987 -0.170910535 0.013492530 
33.409070461 -14.007255792 8.778289741 4.862373834 -0.907442938 0.067500884 -31.177597655 
1.314761114 -0.532559046 0.386115929 0.173775956 -1.316865270 -0.029889708 0.001895166 
36.356927001 -15.584477568 9.435297500 5.540581258 -1.063518740 0.081667859 -33.739224896 
-0.702650789 0.208840065 -0.235631943 -0.032963112 0.762294563 -0.002005060 0.000698936 
36.374083171 -15.364710292 9.535673233 5.367176806 -1.009440912 0.075757501 -33.945035962 
0.636457792 -0.407438564 0.093358435 0.181820652 -0.467793809 -0.039201326 0.003202313 
40.851986925 -17.505036468 10.692693207 6.206826476 -1.187394436 0.090642832 -38.118072980 
0.648873199 -0.497607676 0.052468678 0.244021556 -0.397083446 -0.055985684 0.004742533 
29.961983045 -12.341105242 7.920733113 4.218850658 -0.774662761 0.056493675 -28.012428660 
1.931499156 -1.326774521 0.244399261 0.630338382 -1.344977049 -0.146432104 0.012743538 
38.153831221 -16.172621624 10.001948633 5.652362331 -1.061339488 0.079175560 -35.624580924 
-1.188434457 0.474467477 -0.359249453 -0.160342892 1.205680981 0.030013186 -0.002035386 
40.303066307 -17.260243927 10.515103085 6.092285506 -1.155854777 0.087241784 -37.553226303 
-4.783486070 2.323671095 -1.176462154 -0.904896035 4.367533293 0.186886441 -0.014985354 
31.986124814 -12.966436033 8.603369097 4.335183219 -0.778833588 0.055880127 -30.206650290 
2.006702734 -0.890788139 0.540519718 0.314230846 -1.922641946 -0.060001473 0.004445509 
31.964454315 -13.603650979 8.288164336 4.797344801 -0.907597223 0.067867451 -29.577338044 
2.021474487 -0.864163783 0.539150872 0.281022128 -1.938127591 -0.047576914 0.003052649 
26.009790817 -10.675588248 6.864728705 3.663506701 -0.678383246 0.050250738 -24.211496381 
1.994150904 -0.711954287 0.612650784 0.174040679 -2.058584653 -0.016074043 -0.000264447 
27.511450670 -11.296856230 7.266193181 3.868227856 -0.715795446 0.053098528 -25.659211275 
0.618431842 -0.263873016 0.179414231 0.083251293 -0.615022376 -0.012652420 0.000590744 
27.528914863 -11.398651901 7.207542410 3.926270580 -0.726755918 0.053623262 -25.566053092 
-4.122031173 1.815824570 -1.100805574 -0.643974003 3.931161621 0.122851070 -0.009374457 
27.510091186 -11.333210631 7.255879492 3.892539401 -0.718601954 0.052691798 -25.633900959 
-0.636852615 0.276582916 -0.178488332 -0.102342315 0.619441850 0.021744612 -0.001888417 
32.629115237 -13.656507708 8.618165619 4.761054844 -0.897472604 0.067670905 -30.494367394 
-4.328425524 1.866099337 -1.178454557 -0.646986419 4.167309829 0.120392712 -0.008792877 
35.438362286 -15.008463307 9.293176755 5.290523771 -1.011640580 0.077597836 -33.053299645 
-6.343437424 2.638637179 -1.782059985 -0.880218276 6.208459095 0.158819998 -0.011401290 
34.109657430 -14.419520012 8.913364016 5.057556469 -0.957937538 0.072625805 -31.749528673 
-8.127566705 3.656258632 -2.130654680 -1.318598714 7.673833948 0.254383993 -0.019183177 
29.061484958 -11.819559558 7.754593013 3.990546624 -0.725675107 0.052757352 -27.290318388 
-9.761445338 4.069800189 -2.753040543 -1.368543091 9.569566112 0.248485062 -0.017864575 
29.027314340 -11.657422331 7.857858190 3.897563461 -0.705442803 0.051456876 -27.448655854 
-2.737618281 1.302265898 -0.660882889 -0.498251362 2.505572790 0.100258761 -0.007674261 
-1.578452682 1.145465054 -0.759448751 -0.503857069 0.117581024 -0.010263411 2.508755716 
-4.679251751 1.984106806 -1.271635685 -0.675818755 4.522852455 0.125561631 -0.009572541 
-8.396412197 4.338893353 -2.420249185 -1.663799979 0.333029368 -0.025590929 8.746299131 
9.478817219 -4.350104188 2.453068649 1.594920595 -8.886257783 -0.310573338 0.023698489 
0.021417260 0.748526166 -0.067456482 -0.432340903 0.107757816 -0.009654424 0.546129804 
4.559123515 -1.958257728 1.234834660 0.672824311 -4.386614071 -0.125722708 0.009492012 
-3.669278826 2.215947780 -1.130171696 -0.870337509 0.170272684 -0.012680253 4.211240637 
0.880267442 -0.373693480 0.233290042 0.130237586 -0.841289778 -0.028143108 0.002605257 
-0.067019555 0.681589261 -0.133428064 -0.363578120 0.087427119 -0.007693470 0.715353938 
3.069558955 -1.370722330 0.780287488 0.477038019 -2.870936090 -0.089150876 0.006739892 
-2.104205172 1.311496763 -0.832458294 -0.482993496 0.089451258 -0.006176611 2.940793881 
-1.908969896 0.769706922 -0.558867093 -0.248212537 1.904939008 0.041942790 -0.002774373 
0.202347159 0.312687378 -0.229656622 -0.157344224 0.037484723 -0.003346221 0.753595582 
2.837554296 -1.501497191 0.632382588 0.619430970 -2.466643969 -0.132897472 0.010907706 
6.223139273 -2.458971013 1.314236482 0.858080231 -0.166123723 0.013047547 -4.864822905 
5.769256624 -2.790229839 1.425301718 1.089574824 -5.276108650 -0.233325734 0.019952317 
-4.537943651 2.852168733 -1.363265389 -1.289055017 0.297488061 -0.025537961 4.985928337 
5.724289668 -2.486259371 1.525946910 0.849450959 -5.454621856 -0.160846147 0.012624253 
0.441730574 -0.104539490 -0.418535248 0.065976563 -0.014806343 0.001476421 0.952618186 
-0.521049999 0.455640349 -0.024235418 -0.261059556 0.294709967 0.071516225 -0.007035799 
4.213211974 -1.759322616 0.650006523 0.702108844 -0.150336268 0.012734723 -2.716894179 
-4.437486235 1.730494109 -1.260478788 -0.510631894 4.402981895 0.075542540 -0.004084542 
4.122096356 -1.520139909 0.775204892 0.553660711 -0.111424451 0.009219007 -2.884183888 
-2.247736036 0.859952172 -0.642125238 -0.241876929 2.238400646 0.031665160 -0.001189178 
3.037516154 -1.014120658 0.525549130 0.379868070 -0.082158539 0.007428349 -1.911859460 
6.122893115 -3.010284303 1.470935132 1.158346327 -5.529721738 -0.231933361 0.018016147 
3.041840847 -0.947808734 0.554163987 0.309564809 -0.054315757 0.003866838 -1.967363496 
1.066433543 -0.667620787 0.198815320 0.328678662 -0.854395957 -0.083008152 0.007965308 
5.913358605 -2.259368874 1.291484427 0.789076427 -0.149181327 0.011357361 -4.655768403 
7.350050316 -3.251417613 1.925354068 1.124351408 -6.953092218 -0.204404175 0.014650023 
5.921492534 -2.311830140 1.256652103 0.842717828 -0.169802972 0.013933704 -4.608874853 
9.913945552 -4.498156423 2.585925091 1.630821223 -9.338461221 -0.316704161 0.024587390 
5.983090762 -2.572412107 1.152686357 1.010902646 -0.213650818 0.018064420 -4.438621197 
-6.976964914 3.049709658 -1.827554063 -1.053430962 6.617315496 0.193572755 -0.013964816 
5.917225453 -2.228885375 1.290364396 0.759246307 -0.137286812 0.009843685 -4.670922327 
-1.602774696 0.893043961 -0.313433938 -0.381282005 1.330269334 0.079346614 -0.005747494 
5.936348634 -2.417236552 1.220165510 0.915072048 -0.189258507 0.016053235 -4.546806067 
-3.255465452 1.389866171 -0.882049947 -0.498104268 3.146391201 0.100217120 -0.008098546 
-5.444919834 2.792898278 -1.799846822 -1.034853566 0.204627056 -0.015691035 6.231429792 
0.094405487 0.091036919 0.088039317 -0.076315447 -0.212738029 0.020715357 -0.002055570 
42.811017642 -18.003866373 11.364059805 6.197927096 -1.141489142 0.083618807 -40.285805925 
5.338930035 -2.493781155 1.358794904 0.941495047 -4.965846354 -0.193020077 0.015677645 
33.946715204 -14.328471818 8.860870885 4.997329978 -0.938624281 0.070522250 -31.583759912 
-9.221751574 4.401371920 -2.295918321 -1.680374697 8.476639704 0.338848284 -0.026617265 
33.952874633 -14.205124768 8.923618188 4.900716923 -0.906174371 0.066651351 -31.706182408 
-0.101822938 0.176177029 0.033174094 -0.124593501 -0.018797148 0.036844069 -0.003828687 
33.964439849 -14.132509787 8.949561182 4.840186867 -0.888168833 0.064837152 -31.770286413 
-3.018240634 1.351251891 -0.809805520 -0.493747455 2.879336360 0.094812474 -0.006751140 
38.223619161 -16.040727271 10.089720709 5.531409827 -1.020256919 0.074569426 -35.825772770 
-3.031550687 1.366744941 -0.800164266 -0.487173905 2.870752745 0.089188716 -0.006024182 
38.208889447 -16.088298473 10.081206880 5.578810341 -1.037772724 0.076651602 -35.789215784 
-3.011684480 1.419111969 -0.784910517 -0.556979440 2.825571521 0.118460663 -0.009822142 
30.643766638 -12.451950119 8.183336639 4.176168248 -0.750904208 0.053660348 -28.823310649 
-2.970703289 1.165286508 -0.891967829 -0.366887131 3.006746067 0.060673741 -0.003612030 
36.157965691 -15.202218699 9.499881253 5.253214670 -0.968755484 0.070587882 -33.783775296 
-0.348865779 -0.172200537 -0.280099441 0.168233141 0.675720544 -0.048832853 0.004700988 
43.068172173 -18.413670275 11.295141341 6.471687891 -1.220838653 0.091578501 -40.263688961 
-6.028996566 3.016382022 -1.435982324 -1.197457432 5.417176667 0.249082999 -0.020035968 
34.048604387 -13.925036212 9.116782722 4.686293040 -0.847083114 0.061134659 -32.110618621 
-0.801474952 0.487807102 -0.136229387 -0.227376447 0.618112262 0.052826744 -0.004652395 
34.027788815 -14.363507996 8.899284312 4.997636486 -0.931277524 0.068655511 -31.668797500 
-0.772099089 0.364818999 -0.197281996 -0.140380612 0.712122139 0.028186580 -0.002368365 
26.007863192 -10.851000883 6.735778070 3.762031386 -0.696755376 0.050973359 -23.986912086 
3.728964866 -1.874409774 0.877078491 0.762919171 -3.344785629 -0.168663016 0.014704907 
26.001093520 -10.598996600 6.867242058 3.584073816 -0.647960950 0.046362935 -24.228060899 
0.752256446 -0.470667859 0.152302530 0.233005937 -0.620783793 -0.060160670 0.006026403 
28.116249369 -11.746789625 7.326499205 4.097581174 -0.774333647 0.058720543 -26.054258452 
-4.251438931 1.940062085 -1.087822319 -0.699725475 3.970611547 0.133105383 -0.009963490 
28.087108505 -11.703011175 7.367031833 4.086816461 -0.773767400 0.058597953 -26.099559136 
-4.212704655 1.745882578 -1.184632634 -0.573864206 4.128830817 0.099097161 -0.006463567 
34.198909597 -14.040113863 9.168457881 4.745329431 -0.857580113 0.061470847 -32.249117167 
-4.229290494 1.816191133 -1.150653547 -0.631817894 4.076145519 0.120166699 -0.009252078 
39.022780457 -16.842006989 10.121037499 6.027954409 -1.167261872 0.090516218 -36.227652708 
-7.151481215 3.197876385 -1.892002958 -1.158414800 6.786057061 0.225902906 -0.017324907 
36.359292644 -15.406616732 9.552357212 5.417645144 -1.029115686 0.077992237 -33.948668855 
-7.185475631 3.256673568 -1.856318364 -1.172707503 6.741610255 0.224171555 -0.016822500 
32.593288648 -13.630956305 8.602359897 4.756505918 -0.900157473 0.068157678 -30.466490907 
-9.288261047 3.804745594 -2.615718930 -1.233903339 9.120801411 0.212859923 -0.014303701 
32.609573456 -13.274327730 8.799810009 4.470383447 -0.807632396 0.057872545 -30.834037028 
