0.015750006 -0.014449916 0.009689974 -0.003631915 0.000688692 -0.000050907 -0.007104867 
0.131435961 -0.053651057 0.042706940 0.019576638 -0.004294487 0.000479505 -0.000019294 -0.133989933 
0.005312335 -0.003674728 0.002135950 -0.000728381 0.000131487 -0.000009181 -0.002204755 
0.007111569 0.004292733 0.007120974 -0.004872821 0.002146898 -0.000434371 0.000033422 -0.013199524 
-0.000669711 0.002654657 -0.002344698 0.001022057 -0.000213795 0.000017347 0.000577726 
-0.132491523 0.078751643 -0.026851160 -0.040427544 0.012740221 -0.002145975 0.000146853 0.112461457 
0.006216965 -0.005698111 0.003929491 -0.001457110 0.000270655 -0.000019319 -0.002174713 
0.092226649 -0.052128157 0.021694321 0.025848327 -0.007661362 0.001178411 -0.000070995 -0.078830797 
0.011418539 -0.011226495 0.007846278 -0.003032334 0.000600180 -0.000046850 -0.004459308 
0.078598471 -0.045498309 0.018372230 0.023504985 -0.007455562 0.001267609 -0.000087101 -0.066396838 
0.003569080 -0.004244107 0.003844119 -0.001731054 0.000366564 -0.000028790 -0.000923911 
-0.036666665 0.021107788 -0.006876650 -0.010140018 0.003022660 -0.000492466 0.000033903 0.032237404 
0.001348362 -0.000941082 0.000860420 -0.000348292 0.000060951 -0.000003410 -0.000063718 
0.149568947 -0.081820185 0.035305502 0.039362396 -0.011527651 0.001791819 -0.000111855 -0.130278991 
0.002122685 -0.001302475 0.000878077 -0.000255743 0.000021470 0.000001229 -0.000499129 
0.001267670 0.000350216 0.002150197 0.000189510 -0.000191649 0.000046147 -0.000002802 -0.001583346 
-0.005616545 0.006972340 -0.004583775 0.001618632 -0.000284991 0.000019601 0.002926310 
0.186423268 -0.088706722 0.051064493 0.037607271 -0.009838619 0.001387670 -0.000079894 -0.175593131 
-0.014004154 0.017262852 -0.012538917 0.004876978 -0.000938950 0.000069886 0.006414987 
0.205146267 -0.089468799 0.062630857 0.035155820 -0.008552534 0.001116154 -0.000058546 -0.203611377 
0.003271292 -0.003853795 0.002936220 -0.001222991 0.000252491 -0.000020081 -0.002098421 
0.015661355 0.011199304 0.015935773 -0.012581739 0.005535585 -0.001125138 0.000086894 -0.031928272 
-0.002196738 0.002445117 -0.002166607 0.001015916 -0.000231168 0.000020096 0.000344602 
0.005726881 0.003927580 0.006231091 -0.004136379 0.001803201 -0.000366129 0.000028421 -0.010551636 
0.008920045 -0.010395550 0.007026245 -0.002465497 0.000420992 -0.000027298 -0.004368388 
0.004465654 0.001997677 0.003583788 -0.002806634 0.001428717 -0.000319579 0.000026514 -0.005694247 
0.005321232 -0.006744713 0.004684093 -0.001693593 0.000298890 -0.000019891 -0.002724923 
0.002139352 -0.000382554 0.001770811 0.000332653 -0.000121981 0.000018973 -0.000000369 -0.001118541 
-0.003768753 0.004000685 -0.003770588 0.001921221 -0.000465661 0.000041980 0.001020658 
0.006805008 0.000933486 0.003819239 -0.003156515 0.001994234 -0.000514317 0.000047786 -0.007299617 
0.015228803 -0.017118643 0.011826817 -0.004372427 0.000804143 -0.000057205 -0.006913312 
0.008325862 0.004921549 0.006268464 -0.006672119 0.003291570 -0.000730556 0.000060746 -0.012823566 
0.011997647 -0.013401061 0.008950285 -0.003134815 0.000533542 -0.000034052 -0.005569914 
-0.147267502 0.097090123 -0.027133552 -0.054621786 0.018551995 -0.003310792 0.000236270 0.119031516 
0.001455744 -0.001956629 0.000908602 -0.000108993 -0.000036884 0.000008283 -0.001079646 
0.009270942 0.006497379 0.007499644 -0.008204909 0.003893582 -0.000843459 0.000069059 -0.015629620 
-0.003671541 0.003463315 -0.002928827 0.001356561 -0.000307704 0.000026603 0.001077098 
0.009345341 0.010458862 0.010952924 -0.010518898 0.004326667 -0.000825272 0.000060400 -0.021331067 
-0.000577090 -0.000805133 0.000777030 -0.000355980 0.000078205 -0.000006581 -0.000224609 
0.211200752 -0.097470442 0.061752236 0.041641273 -0.011328091 0.001695142 -0.000104492 -0.204880771 
18.863854428 -22.587298049 17.105871357 -7.121724203 1.469265060 -0.116081205 -8.229341448 
13.861465928 6.222775328 7.824439073 -9.529682519 4.950948129 -1.152761607 0.097885560 -19.553424721 
-2.278933624 2.880921109 -3.225958622 1.760839427 -0.453392352 0.042781572 0.613764556 
6.556237791 7.722631282 5.383075936 -8.885838260 4.301608249 -0.964325339 0.080129639 -11.470635699 
18.157439551 -23.916344382 19.458994037 -8.379818450 1.746270325 -0.137694851 -7.604191872 
51.229581768 -13.783566278 16.774505852 0.216105634 1.775531399 -0.537505822 0.047097334 -52.980312501 
10.551349692 -14.191244374 11.812062325 -5.390988378 1.232808217 -0.107771406 -4.607816218 
20.409205432 1.887136135 9.007747919 -7.443264531 4.511387485 -1.134234729 0.100893097 -24.645537169 
-16.771746840 19.935145858 -15.754583640 6.682437254 -1.407016509 0.114442922 6.521259420 
19.025604930 -1.252073856 7.462559168 -2.955801084 1.756490314 -0.391987916 0.030320187 -20.960869503 
6.336586102 -9.286609616 8.021990457 -3.624473595 0.789051735 -0.064581898 -2.908216484 
-216.127717533 131.494364677 -44.545322985 -67.497766692 20.715256911 -3.323959275 0.212051092 181.768746984 
11.608221253 -12.532670612 7.836453328 -2.364534738 0.308298497 -0.011905874 -5.599474962 
-207.191422191 131.042535083 -40.641459901 -69.389394453 21.825162999 -3.569982469 0.231394399 170.407128894 
0.357501443 -0.386975201 -0.103419536 0.200768925 -0.060520100 0.005571344 -0.699737866 
10.679107649 11.288059556 8.702020167 -12.582481840 5.531914829 -1.110842683 0.083469063 -19.846263683 
-11.668652971 14.359379909 -11.918383137 5.323675515 -1.142879508 0.091503854 4.289945388 
-387.772383608 239.486348319 -79.323818825 -126.910824704 40.550771028 -6.811812018 0.457778308 323.071829700 
-11.286851484 14.474783995 -12.260749046 5.559937421 -1.213545553 0.099124513 4.017962498 
6.359564120 6.051753012 4.668235772 -6.748866134 3.093749443 -0.663345314 0.052745098 -10.061220122 
11.888706307 -13.068365900 9.999199787 -4.292768086 0.916128067 -0.074688250 -4.776539663 
5.769397098 9.346282206 5.724680676 -10.038847923 4.649531020 -1.008344266 0.081206705 -11.775402382 
3.844775147 -3.940658722 3.329300347 -1.646450369 0.387714411 -0.033225347 -1.444007272 
18.763100551 8.778245179 10.644575838 -13.881004139 7.280712949 -1.692547599 0.143154475 -27.262620186 
-8.573206364 10.677204418 -7.842167460 2.836220300 -0.465058414 0.027077874 3.737829620 
13.927497537 8.880168949 9.157820196 -11.647156510 5.517978387 -1.160424440 0.089132754 -22.042524223 
6.683522003 -9.029947444 8.193133447 -3.962844186 0.913610374 -0.077840678 -2.506741186 
-125.601567532 72.335478016 -27.090762202 -34.978693690 10.390028294 -1.679943676 0.111625949 109.179593229 
6.371456320 -6.090255429 3.780170122 -1.259751393 0.206768385 -0.013040605 -2.907215952 
9.486600859 11.630296287 8.617873264 -12.403725420 5.394576296 -1.077431986 0.079996179 -19.010009124 
9.891224200 -10.794057456 7.502295380 -2.731044254 0.489175785 -0.033711728 -4.222125084 
11.822517737 5.879020700 7.118079073 -7.744493452 3.460218157 -0.673857348 0.047056331 -17.181988224 
0.250232237 -0.247248759 0.054193079 0.109667000 -0.049240746 0.005157893 -0.182800258 
-121.476799686 74.554065799 -24.332328601 -37.784325428 11.400784101 -1.802073025 0.113621403 101.990209796 
-18.311304409 15.156705136 -6.661354650 1.065204883 0.047697317 -0.018919557 8.467244857 
-8.404504161 -4.988468896 -5.480168103 8.993494731 -5.034529023 1.233524997 -0.110330043 16.517569783 
9.241567518 -11.541889475 9.234104570 -3.945278071 0.860779023 -0.074023583 -3.965799419 
9.278883074 13.062653212 7.885327828 -15.388977831 7.364624932 -1.605294124 0.129453045 -17.941452991 
4.854477685 -4.315383000 1.608647369 0.164899333 -0.180293972 0.022875079 -2.445959961 
27.910844894 8.736941649 14.771339363 -15.856110130 8.161180032 -1.815931253 0.146552016 -39.271744357 
0.010014658 -0.006034802 0.002411700 -0.000393074 -0.000002951 0.000004765 -0.005114669 
0.014957163 0.011840330 0.016417282 -0.012880615 0.005640794 -0.001159400 0.000090968 -0.032689098 
0.012878068 -0.011948342 0.007956763 -0.002917779 0.000540290 -0.000039231 -0.005531223 
0.004908216 0.004113922 0.006274998 -0.003911728 0.001571323 -0.000299296 0.000022455 -0.010499869 
-0.005771174 0.010029619 -0.008886919 0.004018730 -0.000874556 0.000072472 0.002469927 
0.081381290 -0.046079291 0.019422387 0.023263230 -0.007113733 0.001147347 -0.000073878 -0.069739878 
0.004564033 -0.004465951 0.003530368 -0.001480146 0.000301918 -0.000023223 -0.001349527 
0.001746441 -0.000554954 0.001745886 0.000417062 -0.000091128 -0.000006176 0.000003089 -0.001017651 
0.002249067 -0.000953599 0.000511920 -0.000253202 0.000074300 -0.000007454 -0.000483260 
0.002895775 0.001728151 0.003273989 -0.001684757 0.000576984 -0.000068090 0.000001699 -0.004435894 
0.005095604 -0.005987717 0.005077321 -0.002240526 0.000483062 -0.000039681 -0.001525341 
0.007483819 0.003920807 0.005630279 -0.005720942 0.002925672 -0.000675500 0.000058892 -0.011358837 
-0.003027320 0.003597917 -0.001952244 0.000487228 -0.000040844 -0.000000346 0.001877624 
0.038309414 -0.009437420 0.013630735 -0.001591708 0.002491875 -0.000732428 0.000070067 -0.040433294 
-0.001264459 0.002914325 -0.002318221 0.000990070 -0.000211548 0.000018042 0.000841443 
0.005237745 0.004676520 0.005619291 -0.004839135 0.001986129 -0.000369210 0.000026031 -0.010099150 
-0.003780719 0.006249305 -0.004901457 0.002036675 -0.000415671 0.000032475 0.001817357 
0.156630883 -0.076533557 0.042451117 0.033618852 -0.009145982 0.001341840 -0.000079987 -0.146031067 
-0.000243711 0.003630419 -0.003568739 0.001645913 -0.000353407 0.000028325 -0.000026475 
0.366020101 -0.183161430 0.097556727 0.082853690 -0.023375086 0.003563168 -0.000221654 -0.340870152 
-0.001455892 0.002870558 -0.002545997 0.001002046 -0.000174968 0.000010826 -0.000428730 
0.009338405 0.007049383 0.012577388 -0.005443445 0.001592848 -0.000183476 0.000004771 -0.022197589 
-0.003727441 0.004886553 -0.004223649 0.001849127 -0.000385292 0.000030182 0.000819413 
0.009377287 0.007619557 0.009155148 -0.008746855 0.003990432 -0.000843738 0.000067936 -0.017933918 
0.006290174 -0.008163503 0.005920593 -0.002144721 0.000362572 -0.000022634 -0.003117016 
0.005704635 0.003196948 0.004302315 -0.004738736 0.002530187 -0.000603520 0.000053595 -0.007764036 
0.008603870 -0.011896696 0.009514093 -0.003958298 0.000801688 -0.000061971 -0.003891785 
-0.003280593 -0.002171485 -0.000726518 0.004447083 -0.002579102 0.000634823 -0.000054773 0.006347140 
0.001557217 -0.002341883 0.001032110 0.000018615 -0.000106128 0.000016784 -0.001182809 
0.017168292 0.000809740 0.007746871 -0.006389326 0.003994707 -0.000990572 0.000087649 -0.019743123 
0.009715455 -0.010825381 0.007430721 -0.002816802 0.000551414 -0.000042203 -0.004583768 
0.005044180 0.003695960 0.004871697 -0.003720767 0.001384719 -0.000209571 0.000010570 -0.008474892 
0.016586441 -0.019683947 0.014391432 -0.005628868 0.001085532 -0.000079977 -0.007336049 
-0.000231090 -0.000680725 0.000829407 0.001784514 -0.001048898 0.000248742 -0.000019715 0.001663525 
0.009978330 -0.012279046 0.009147626 -0.003668126 0.000727428 -0.000055334 -0.004653317 
-0.159965393 0.103353136 -0.029438436 -0.056170421 0.018262735 -0.003109392 0.000212136 0.129327817 
0.002475991 -0.004021795 0.002936634 -0.001065328 0.000179443 -0.000011005 -0.001504704 
0.005124817 0.008109996 0.008483344 -0.006598459 0.002192490 -0.000312211 0.000015526 -0.014567130 
0.009198445 -0.011421049 0.008422080 -0.003384164 0.000684099 -0.000053507 -0.004564234 
0.015334361 0.016320247 0.018912628 -0.016475608 0.006924858 -0.001382373 0.000108607 -0.037261896 
3.909460955 -6.550451562 6.348907275 -3.234599139 0.751137826 -0.063331245 -1.763289850 
31.504810257 -8.465564115 10.251967420 0.609733253 0.839005559 -0.299066803 0.029777008 -31.706456104 
14.422841023 -17.967114710 13.548966898 -5.383902515 1.020688109 -0.072309450 -6.233408802 
62.079446972 -8.661113577 23.046199915 -8.334259118 6.287182219 -1.598372391 0.138869730 -70.184416915 
17.015011934 -22.985357437 19.183860816 -8.540214841 1.847037977 -0.150626786 -7.048656011 
17.393337451 13.190067340 11.029976982 -18.510179435 9.444859635 -2.140317201 0.176681772 -27.792056135 
-2.262450082 2.281326569 -2.526394325 1.525553309 -0.430368979 0.043698559 0.647352914 
10.210617163 12.249064493 8.569744462 -14.109114295 6.481122970 -1.341185782 0.101747589 -19.420352581 
8.535637799 -10.859280222 8.733180319 -3.896039446 0.869330568 -0.074296187 -3.977315067 
73.031060169 -8.550759774 26.891885789 -13.454261508 10.077514544 -2.666736573 0.241486891 -82.807815715 
-3.723012455 3.863237425 -2.996647201 1.263277096 -0.254132540 0.018700441 1.150026314 
3.607665939 6.420408806 3.432845811 -6.690442096 3.035324199 -0.630694322 0.047577678 -6.534070596 
3.507878516 -3.754397395 2.519308744 -0.985214767 0.203095795 -0.015632213 -2.144285297 
2.190277337 -0.367362234 0.786826466 0.514126597 -0.094529255 -0.025223946 0.004770555 -0.341980118 
-7.710174021 10.681515478 -9.955265806 4.957405154 -1.190884968 0.105992510 2.445891349 
3.772712407 13.189412115 6.287161172 -12.757125509 5.367133538 -1.030100692 0.072385555 -12.174854981 
3.921215360 -3.140695497 0.941853792 0.254619325 -0.162168250 0.018978698 -2.447577482 
1.301313090 3.857870244 2.405451083 -1.843342224 0.065432583 0.116459385 -0.018021658 -3.129953560 
16.321584926 -19.816116105 15.456288738 -6.497801838 1.377618613 -0.112918593 -7.315466656 
24.020020526 -4.203767078 8.371108288 -1.534329656 1.444124448 -0.382403939 0.034114957 -24.980848503 
4.633618665 -6.186847572 6.239036881 -3.266180006 0.772594395 -0.065545069 -1.512462853 
11.905791214 4.549831260 5.762494306 -7.690047052 4.034312172 -0.908492779 0.073228707 -14.941033074 
0.381481892 0.461784360 -0.215696894 -0.117633736 0.065777101 -0.007743379 -0.038037590 
2.087199533 0.081329376 0.910721787 0.313297211 -0.151512852 0.012574562 0.001023585 -0.579733340 
11.249505240 -14.330998265 11.834569632 -5.146540069 1.070991563 -0.083300945 -4.242267623 
5.503065557 7.142716060 5.245033572 -7.025636831 2.923862653 -0.573167097 0.042659398 -10.548254741 
5.644618234 -6.083073702 4.334255648 -1.706799219 0.334847780 -0.024550022 -2.285026191 
6.689370498 13.834016957 7.267080564 -15.528998640 7.458620737 -1.651149809 0.135409552 -15.447814962 
-6.502047445 8.687627522 -7.603240851 3.659551574 -0.873304138 0.078535911 2.626792828 
24.137181443 3.735426265 10.555550304 -11.235304348 6.583304262 -1.598882375 0.137727624 -29.617737083 
-5.987093196 8.461416024 -7.390955364 3.420479582 -0.763397444 0.064005054 2.341917982 
38.962908693 -8.897303517 13.396889931 -0.891150167 1.657050705 -0.460866470 0.040847941 -41.096691153 
-15.420691070 21.892717188 -19.381487546 8.961384562 -1.984187572 0.163562488 5.812815540 
13.504697336 8.255940818 8.190971941 -11.778187578 6.008871276 -1.380927819 0.116409709 -20.156144393 
15.874512043 -18.639569447 14.083271381 -5.636777348 1.107035876 -0.082966017 -6.822545928 
19.666979287 0.538719463 8.935983620 -4.181870760 2.035929367 -0.394160872 0.026398236 -23.895578440 
-1.666024794 2.655110672 -2.714987459 1.381066507 -0.299624639 0.022220135 0.448429786 
10.343815331 3.107377550 5.691731941 -4.604320338 2.158204298 -0.459542413 0.036186128 -13.552825514 
9.596593581 -11.462184715 8.443405734 -3.225934190 0.623251425 -0.047813626 -4.202654525 
2.619359955 2.214855759 2.247694193 -1.178277740 0.074720573 0.055504363 -0.008218827 -3.353964961 
