0.120253733 -0.089791780 0.064473752 0.897114394
0.034592910 -0.029829204 -0.101465291 1.013271722
0.069511715 -0.061256128 0.041345646 0.884741882
-0.100144396 0.125365597 -0.087120862 1.026055045
0.012292624 -0.020802523 0.004975199 0.906330170
-0.088002325 0.129639901 -0.198490572 1.211528826
0.057586881 -0.117861756 0.042521075 0.801809015
0.200358673 -0.389128158 0.017629570 0.849102873
-0.017980547 0.069384183 0.102823352 0.670195939
-0.014943589 0.062399179 -0.074510557 1.078063920
-0.104309061 0.285812859 -0.116508224 1.183058090
-0.051798308 0.138782753 -0.096551604 1.127179554
0.273919351 -0.903513770 0.124981225 0.418274492
-0.080158725 0.441982900 -0.444818911 2.583514979
0.061625543 -0.046818226 -0.133609482 1.027295146
-0.001325655 -0.002752388 0.003623367 0.931232154
0.026451441 -0.027751774 -0.110487316 1.033931765
-0.152574267 0.169176509 -0.052359421 0.969991080
0.055330233 -0.101099332 -0.091471948 1.020837364
0.071122798 -0.124788179 0.089951732 0.748701843
-0.143934774 0.240809704 -0.281496149 1.380163258
0.164159782 -0.344569945 0.005703272 0.834484365
0.021291987 -0.044547588 -0.155326687 1.172647264
-0.286182304 0.662643266 -0.045730163 0.920575264
0.137984793 -0.397774477 0.051573523 0.677316049
-0.050154135 0.129014512 -0.031301372 0.909365751
0.056076264 -0.210922769 0.020600759 0.743278929
-0.064436369 0.247025231 -0.027434455 0.925812741
-0.053501440 0.033765573 -0.150447199 1.054041658
0.088813534 -0.065854907 -0.065643493 0.994679066
-0.030055179 0.041126931 -0.148835445 1.069551820
-0.091445949 0.108656780 0.050399918 0.850392917
-0.015627673 0.010093025 -0.098326779 1.043737615
-0.125337632 0.174657964 -0.077428799 1.012390645
0.278409717 -0.511712548 -0.175241295 1.178671892
-0.173569002 0.347047006 0.019366450 0.808917182
0.195063930 -0.427082116 0.044981529 0.755125520
0.260183796 -0.576857804 -0.327222269 1.611194237
-0.235265485 0.661765398 0.007138055 0.775293427
-0.038314962 0.110303943 0.018860991 0.742469205
-0.074027677 0.224584632 0.052587398 0.634544701
0.252564169 -1.016464365 -0.057489428 1.052836637
-0.085110374 0.054408848 -0.090765958 1.019143107
0.031428694 -0.027168498 -0.120809085 1.040173296
-0.002107084 0.003013702 -0.071935339 0.996186925
-0.019212413 0.021829564 -0.095499788 1.022107820
0.061248126 -0.082769133 -0.020379717 0.924451731
0.017296547 -0.016841764 -0.049900103 0.968732309
-0.150707744 0.268765538 -0.130536007 1.105813350
-0.007415137 -0.003490411 0.042519585 0.777007731
0.112710823 -0.255754917 -0.244168581 1.379052851
0.086850397 -0.196275938 -0.145341421 1.151750389
0.004967446 0.008431441 0.054597665 0.651902674
-0.330235204 0.946998844 -0.090464630 1.058077092
0.372623774 -1.302149918 -0.043798990 0.908747042
-0.178423916 0.791831278 0.073725809 0.462152811
-0.099458940 0.075236378 -0.094732946 1.021570298
0.013138408 -0.003581764 -0.144791910 1.056611572
0.055294759 -0.041522479 -0.051304090 0.972472536
-0.012207268 0.032729753 -0.036129070 0.955780015
-0.155452956 0.218949139 -0.079661291 1.012371899
-0.134855709 0.188053270 -0.126527220 1.082670792
0.103240199 -0.216709786 -0.030306887 0.919096222
0.125035283 -0.258120445 -0.084060759 1.021228577
-0.357702964 0.755629829 -0.002795755 0.850572078
-0.258650159 0.527808382 -0.074470919 1.015424952
0.066659809 -0.285466539 -0.018118424 0.874543714
-0.015874259 -0.054371152 0.124153316 0.476182848
0.026788381 -0.190891601 -0.215060050 1.561665635
-0.157614248 0.509838378 -0.065259714 0.992424366
-0.002227125 0.006621028 -0.070305769 1.004987331
-0.022003591 0.020464554 -0.088156169 1.017482611
0.049958777 -0.044301576 -0.055836724 0.988395111
-0.029437110 0.043033902 -0.114099424 1.052484083
-0.097265113 0.131210303 -0.063323960 0.986475981
0.034484501 -0.066414119 0.012101528 0.873337750
0.039064736 -0.074200519 -0.122993632 1.102999529
-0.033678891 0.064012372 -0.053781886 0.971497213
0.035730105 -0.081746514 0.068498834 0.714707713
-0.275075466 0.633106284 -0.106251810 1.116634186
0.101929224 -0.309405439 -0.186465810 1.317169184
-0.035745456 0.076083657 0.088851282 0.546281342
0.034067512 -0.147317843 -0.196672610 1.459957808
0.430987419 -1.655613472 0.138885685 0.184836303
0.004048273 -0.001537520 -0.125553913 1.028640959
-0.046442294 0.033805876 -0.031670930 0.962922872
0.095417244 -0.093867705 -0.081475656 1.007747124
-0.069624918 0.087678678 -0.068292046 0.993245153
0.004364175 -0.008507141 -0.124235720 1.065971926
0.074354086 -0.113492007 0.161102674 0.637964336
-0.132537830 0.238224260 -0.295134888 1.413568213
0.171375634 -0.339211314 0.118418974 0.627815884
-0.031603511 0.087044872 -0.014722344 0.907412639
0.083246574 -0.177110320 -0.564201936 2.171215675
-0.105027422 0.293574670 0.125212491 0.447679609
-0.010631214 0.029265294 -0.190370783 1.331312759
0.184815661 -0.596164716 -0.034126943 0.831332464
-0.112300859 0.532878048 -0.203840223 1.476242921
0.019316018 -0.015078620 0.002491474 0.955035448
0.003998696 -0.004356495 -0.120078332 1.040834311
-0.012993071 0.010936094 -0.055107163 0.982360260
0.024182988 -0.029957571 -0.056828579 0.984253818
-0.112893505 0.148241864 -0.097445226 1.037055458
0.140985568 -0.232576747 -0.184223012 1.167222136
0.104046056 -0.169779574 0.026029358 0.809793098
-0.272220303 0.545126499 0.046775358 0.770375698
0.167086909 -0.377418603 -0.098631955 1.075731040
-0.109695049 0.259179886 -0.084525625 1.043286482
0.082963703 -0.222466993 -0.099316454 1.080263555
0.009547160 -0.016900677 -0.214540460 1.402890767
-0.143321324 0.472278478 0.213183795 0.034173132
0.130492424 -0.568213750 -0.203308103 1.616842321
0.029554598 -0.023740569 -0.011610687 0.953987509
0.055669576 -0.042021054 -0.032120647 0.968344481
0.063915680 -0.049442547 -0.040293922 0.975700428
-0.191896254 0.231950587 -0.232746088 1.187397816
0.135507924 -0.193674829 -0.043934275 0.941942467
-0.038118087 0.066764187 -0.115605267 1.049448955
0.116950608 -0.196852601 0.016314691 0.825185020
0.012572217 0.001466340 -0.223522564 1.280875800
0.017131293 -0.008107720 -0.126442879 1.077008470
-0.420157008 0.997655352 0.328894477 0.029732572
0.024627848 -0.114306790 -0.047464776 0.970630704
0.121422678 -0.385332308 0.029048913 0.756392381
-0.303472589 0.974332566 -0.178118476 1.419328034
0.229394469 -1.050562228 0.203054112 -0.029127783
0.073574958 -0.061145962 0.149579355 0.847312476
0.091892091 -0.073967955 -0.060186390 0.994148495
0.003693303 0.005410952 -0.046222199 0.981580723
-0.122235764 0.143932929 -0.095329915 1.035599212
0.033735113 -0.058829203 -0.110867891 1.055798580
-0.054586750 0.073653590 0.042719831 0.825416997
0.050906683 -0.105685250 0.000942648 0.896438211
-0.016735724 0.022835321 0.013133590 0.873275420
-0.112862891 0.224702362 0.090533771 0.710735047
-0.252598408 0.546094045 -0.173647064 1.318350957
0.180345840 -0.536266574 -0.180497397 1.335476788
0.124011066 -0.378529210 -0.258049158 1.552621716
-0.034932882 0.130091431 0.093046243 0.429116416
-0.353732938 1.341531628 0.300785694 -0.360293487
0.054527614 -0.035776588 0.059882108 0.929524629
0.003881915 -0.000324599 -0.078613763 1.026471736
0.050640876 -0.042407664 -0.016445514 0.970520314
-0.135584969 0.162440771 -0.059025905 1.017358745
0.091524745 -0.132801846 -0.104013955 1.075843208
-0.103105296 0.159143215 0.137408939 0.713708867
-0.086478547 0.130877742 0.054288526 0.855013573
0.109733555 -0.241925248 -0.118730111 1.183748979
0.211303188 -0.455221469 -0.128959387 1.205230457
-0.329728001 0.789150242 -0.108139787 1.157345380
0.119506545 -0.333936124 -0.125438392 1.200591892
0.002959675 -0.007604894 0.092995890 0.588975913
0.170065884 -0.542344772 -0.038455333 1.009619834
-0.140425792 0.637523585 0.062803183 0.624837477
0.053550884 -0.031463166 -0.059054497 1.010889830
-0.034835052 0.030406987 -0.056394938 1.009028138
-0.035839361 0.031310865 -0.145367349 1.089103306
-0.017007055 0.010595329 -0.004090966 0.933699282
0.019680476 -0.037098460 -0.026288920 0.962556621
0.020084795 -0.037704939 -0.062409624 1.016737677
0.075278905 -0.131534928 -0.051095504 0.997503672
-0.149502151 0.295549073 0.064473771 0.777922052
0.017679534 -0.055532450 0.282444291 0.320183982
-0.152106640 0.334975742 -0.389891174 1.866555518
0.171215856 -0.473330498 -0.084670398 1.103503579
0.036174174 -0.095213793 -0.022051776 0.928171440
-0.144178077 0.481913417 -0.124864797 1.257173111
0.208785584 -0.859348476 0.199112382 0.026059845
-0.002394017 0.002149635 -0.041266086 1.002212108
-0.041362561 0.029427615 -0.132027574 1.065745149
-0.036069279 0.024663661 -0.007482467 0.953654556
0.079992862 -0.103004696 0.006117525 0.938694564
-0.140954647 0.184227054 -0.045422603 1.005696727
0.203024338 -0.331741423 -0.155281388 1.170484905
0.073638394 -0.111785312 -0.056769272 1.003014304
-0.153185189 0.319179490 0.222737273 0.471951875
-0.367399073 0.769028627 -0.109507713 1.169666314
0.730414067 -1.755941544 -0.032245211 0.991962563
-0.422823298 1.127151868 -0.080463303 1.112507792
0.148533264 -0.472646476 -0.247220487 1.579427900
0.030967151 -0.096434909 -0.136019013 1.223583178
-0.142072036 0.561113991 0.048957992 0.520670569
-0.022988963 0.017306364 -0.094237929 1.042598846
-0.024442008 0.018323496 -0.151450941 1.082647954
-0.026654336 0.020314591 -0.005372165 0.951177059
-0.046809817 0.042485620 -0.004773142 0.950518133
-0.024308314 0.013233668 -0.090011635 1.061328170
0.228985093 -0.366706443 0.077136439 0.810606060
-0.122698604 0.231155859 -0.161577223 1.216419296
-0.107593178 0.202455549 -0.091767344 1.083780528
0.200616623 -0.444785003 0.119258137 0.640627038
0.136559703 -0.297454091 -0.275287861 1.548082813
-0.226338002 0.609790171 -0.196191302 1.350341418
0.074977061 -0.233891989 0.028437816 0.721379896
0.066432200 -0.206548433 0.023902460 0.735893038
0.152357695 -0.533065313 0.080403467 0.521189213
-0.047597304 0.028613406 -0.020245017 0.992364199
-0.066198943 0.041634553 -0.144542762 1.079372619
0.065793200 -0.077158373 -0.077537280 1.019067686
0.034691469 -0.042946467 -0.088153811 1.030745871
-0.012250074 0.018077536 -0.154522919 1.117025708
0.034569212 -0.052151393 0.149622226 0.660807991
0.051130259 -0.080305173 -0.091577801 1.070848048
-0.076206980 0.161635577 0.331167101 0.267632744
-0.009024727 0.020552852 -0.252938210 1.494253842
0.274529263 -0.631621311 -0.147664512 1.252124341
-0.306967806 0.822121362 0.020278298 0.832267316
-0.100306155 0.243468749 -0.042500933 1.008049160
0.114769858 -0.444774503 -0.207253827 1.535258428
-0.033605238 0.119050854 0.176771517 0.075962139
-0.043572247 0.031660909 -0.039448144 0.995644153
0.012788910 -0.007791900 -0.094616121 1.034261736
-0.054141249 0.052445241 0.051724302 0.902555359
0.000947710 -0.008152615 -0.128985690 1.101336354
-0.010940795 0.007302441 -0.086718479 1.046388983
0.027643552 -0.050574080 0.083108823 0.791648030
-0.087296309 0.144823690 -0.117296320 1.132336783
-0.006929946 -0.007872399 0.054773708 0.805403733
-0.055858936 0.094878475 -0.082012991 1.092655789
0.235572443 -0.575413682 0.081382374 0.716846455
0.130741788 -0.313337044 -0.264369689 1.581226613
-0.137365888 0.437364436 -0.086369643 1.082826493
0.028169297 -0.092348166 -0.046147513 0.954115675
-0.162289733 0.631396141 0.201884148 0.011595377
0.021986859 -0.008924374 -0.002038479 0.984477043
-0.009396149 0.013043731 -0.141529151 1.082120512
-0.025074512 0.027154258 -0.023500020 0.975894297
-0.066972518 0.073242065 -0.112468640 1.073759782
0.085784751 -0.125342378 -0.096405126 1.052877213
-0.049101955 0.076987681 -0.013490316 0.928504999
-0.039289871 0.060307138 0.151042694 0.648798873
0.106034382 -0.215808939 -0.014427607 0.963192443
0.040978482 -0.079191554 0.025923246 0.878455654
-0.369849201 0.865712095 -0.724333352 2.604045794
0.544834472 -1.420997086 0.341573809 -0.060722109
-0.303403714 0.954069794 -0.003915279 0.906647322
0.242129513 -0.791636558 -0.095304167 1.199091766
0.227893642 -0.737540249 0.023357125 0.748178865
-0.031473253 0.023877080 -0.063565377 1.005151333
-0.077292988 0.055950893 -0.042440000 0.990363569
0.075253407 -0.081340858 -0.011599359 0.962606994
-0.035475647 0.040461103 -0.083198279 1.041365807
0.004501535 -0.011509231 -0.090239623 1.050519553
-0.065432199 0.093391369 -0.033781818 0.965832847
0.035184341 -0.077656753 0.019443042 0.875350582
-0.033798924 0.053411449 0.140962651 0.644463327
-0.130037271 0.255511969 -0.270013447 1.507513094
0.218736541 -0.546667781 0.248872280 0.314075946
0.043983936 -0.109786271 -0.304881383 1.698460104
-0.278938218 0.794395746 -0.008409617 0.868339175
0.255782757 -0.916711398 -0.011014940 0.876676208
0.385163608 -1.408358626 0.314982850 -0.362115380
-0.029868422 0.014982273 -0.035289528 0.980019392
0.036090832 -0.031189204 -0.045989755 0.987509550
-0.014598604 0.014431288 -0.015743371 0.960287806
0.002898839 -0.004815900 -0.075821606 1.026373865
0.038846665 -0.051548072 -0.035604230 0.974091279
-0.053106801 0.086382127 -0.080745201 1.041802735
-0.087721214 0.145226630 0.047199445 0.824296831
-0.026590293 0.029077883 0.110437313 0.704144882
0.043758637 -0.118654865 -0.186520174 1.327755578
0.358167280 -0.841794728 -0.077910405 1.077953113
-0.373229369 0.986696895 -0.087775602 1.102616107
0.101011339 -0.341177065 0.119886817 0.521161344
-0.175280347 0.542956344 -0.156147803 1.404472140
0.384872858 -1.585625810 0.508931161 -1.122827889
0.073438213 -0.049006212 0.102807886 0.880580303
-0.053804982 0.040064023 -0.055143538 0.991146298
-0.002445564 -0.006159452 -0.053143191 0.989345985
0.022719601 -0.033841134 0.006213786 0.924053309
0.075317266 -0.102218096 -0.134156314 1.106534433
-0.083149512 0.135482071 0.019600387 0.875899381
-0.015157522 0.019895686 -0.067193234 1.023448541
-0.271459137 0.506868748 0.157631096 0.596282319
0.422671513 -0.950805553 -0.183277384 1.312190096
-0.368764042 0.869496188 -0.292113354 1.562512820
0.194188850 -0.537886043 -0.265373034 1.495662020
0.085650287 -0.233978072 0.188155725 0.225781516
0.016510675 -0.012731312 0.208842092 0.159585141
-0.019663136 0.124729169 -0.040282162 1.106257297
0.132776855 -0.094856366 -0.198242676 1.330412751
-0.018396901 0.010965262 1.023946465 0.474880367
0.042425128 -0.043774563 0.145377482 1.265592431
0.006316444 -0.004055010 -0.151449496 1.592102114
-0.091925791 0.123659891 0.208491037 1.124179438
0.222017950 -0.347255720 0.073553306 1.326586034
-0.473001498 0.834277375 0.304963698 0.933188358
0.121546133 -0.295363111 -0.257934424 2.002694776
-0.115186582 0.201775568 0.126263469 1.195879237
0.326930685 -0.815094125 0.936808959 -0.668375351
0.095641769 -0.236871834 -0.869633495 3.847730783
-0.550988120 1.573691823 0.100662684 1.130901528
0.323220795 -1.223776746 -0.279773518 2.348297394
-1.553359593 5.907228638 -0.419434334 2.879008487
0.169027783 -0.114939431 0.062291030 1.185759841
-0.090382364 0.066647669 0.932499822 0.576613696
-0.039804578 0.021127662 0.035842649 1.383605131
-0.180640909 0.176047631 0.072661664 1.343104213
0.391550213 -0.567800801 -0.259864864 1.775388684
-0.544522182 0.836307791 0.736543361 0.280776347
0.442909009 -0.842325280 -0.447822969 2.294199164
-0.265400949 0.503463623 -0.240025010 1.899383047
-0.452720229 0.896834092 1.232353751 -1.192612211
0.366443755 -0.987243032 -0.990763070 3.920556372
0.528669590 -1.392807619 0.473905480 0.258884997
0.077662114 -0.129986707 -0.784595720 3.782688295
-0.218782426 0.818635834 0.760734798 -1.162369436
-0.334629686 1.258855416 0.339469781 0.438437610
0.060964967 -0.039880726 0.024093391 1.201407551
-0.043727757 0.033404180 0.948153791 0.554565282
0.043007180 -0.044657261 0.151478612 1.271572924
-0.133739079 0.149763627 0.119587226 1.306653450
0.124293762 -0.185679054 -0.505723237 2.119557021
-0.154232367 0.232110140 0.653902136 0.380118962
-0.096489384 0.133947066 0.021906503 1.454511568
0.352651659 -0.719420905 -0.011821393 1.518594571
-0.251313453 0.548905773 0.594611622 0.245085296
-0.007474030 -0.011924890 0.254427134 1.027509603
-0.140739261 0.321238189 -0.548442292 3.034683167
-0.096298433 0.196803873 0.022370214 1.436408178
0.544835714 -1.854825427 -0.236243842 2.263973169
-0.843747886 3.421792185 -0.535007077 3.399273447
0.026185449 -0.036560321 0.118752129 1.133367356
-0.009902148 -0.011299004 0.895757133 0.589463863
-0.007882219 -0.013116940 0.177382785 1.236000759
-0.000811341 -0.020894906 -0.091760787 1.532058695
0.023139970 -0.052031609 0.620028825 0.606732233
-0.157840531 0.219439143 -0.453107845 2.216437237
0.181217482 -0.356959495 0.224164208 1.065074714
0.042688706 -0.093754824 -0.152353103 1.780457597
0.000070918 -0.004257473 -0.449849856 2.405200750
-0.564761474 1.294857001 0.398859883 0.453168392
0.393573740 -1.100981034 -0.216755901 1.992207852
0.099909069 -0.278719968 0.402859651 0.257284333
0.043756062 -0.099030345 0.043398546 1.407559887
-0.064803134 0.313494596 -0.662528763 4.090083628
0.114947853 -0.071535609 0.147219309 1.139193948
-0.257420020 0.189121897 1.022651256 0.526391595
0.091074357 -0.124523034 0.012382266 1.435633662
-0.073883737 0.056930874 0.035938633 1.409721658
-0.065449069 0.045965806 0.143026079 1.270507983
0.254087384 -0.433338874 -0.269260342 1.888937615
-0.414744276 0.703674980 0.017668611 1.401158381
-0.197972167 0.291807979 0.681370740 0.140124351
0.349928392 -0.858783145 -0.076279622 1.731190040
0.334953889 -0.824341786 -1.061538205 3.997284733
-0.285452578 0.726674381 0.106699086 1.076691506
-0.044233062 0.051259747 0.673691768 -0.510887975
-0.122598044 0.302027694 -0.714851930 3.932451924
0.259692112 -1.150674880 0.150019386 0.645940962
0.081427121 -0.055316121 0.149148115 1.141995008
-0.165919355 0.117826410 0.814564873 0.676203286
0.073550568 -0.097696516 0.046807516 1.367184889
-0.118715470 0.113796131 -0.019192702 1.439785131
0.007305293 -0.050030855 0.220699854 1.127924819
0.182068782 -0.312176089 0.134823886 1.256738771
-0.277949478 0.469854975 0.201723648 1.143009173
0.449013628 -0.911374910 0.302875150 0.950821320
-0.221722944 0.497171828 -1.057340847 3.807274784
-0.020115459 0.033474623 0.216415473 0.877635310
0.036749327 -0.108687343 0.385187528 0.455705172
0.671618293 -1.886320416 -0.396554077 2.644581630
-0.114738686 0.630021954 -0.362356959 2.535150849
-1.228464375 4.862179518 0.796599287 -1.868882828
0.330615650 -0.225217612 -0.156673798 1.309800570
-0.157769611 0.116652065 1.247295812 0.327021860
-0.044460388 0.014673767 -0.067846759 1.510650142
0.175500566 -0.227283288 0.126271889 1.297119624
-0.204952246 0.267305350 -0.100731230 1.592223668
0.330330315 -0.535618493 0.290138652 1.005918845
-0.456187683 0.801462143 -0.170947374 1.789765112
0.701640648 -1.398411659 -0.461740063 2.342271213
-0.504016672 1.133468599 0.266318854 0.813347558
0.372605412 -0.882762153 0.175496298 1.022239432
-0.299591755 0.797730765 0.186431040 0.994902576
-0.353335160 0.948212296 -0.170206983 1.993489024
1.268630900 -4.242079174 -1.036776370 4.766511103
0.094291573 0.220410211 -0.095951190 1.191375466
0.115379846 -0.083483084 -0.171147595 1.317938214
-0.211361546 0.145235886 1.245628074 0.326195263
-0.012331807 -0.033890874 0.003339647 1.444254816
-0.150722133 0.118338488 0.031722795 1.413033353
0.121998143 -0.236197858 -0.107650135 1.594218156
-0.006343311 -0.043685677 0.231862609 1.084949040
0.420549364 -0.769403245 0.128126786 1.261299943
-0.401696725 0.792864305 0.430891072 0.686047808
0.388936084 -0.867464519 -1.317719503 4.358129848
-0.087283838 0.227841280 1.003042220 -0.979622005
-0.246360335 0.625532521 0.300117779 0.777689099
-0.097169033 0.207796884 -0.237452331 2.282885382
0.846612749 -2.812304866 -0.172028768 2.073529975
-0.457140579 2.141957721 -0.837275883 4.601468981
0.039452129 -0.028693005 -0.082334285 1.288697007
-0.288747719 0.201046885 1.031134190 0.509269088
0.133156447 -0.178666854 0.194772435 1.261994647
-0.013100174 -0.017784568 -0.089191230 1.574354686
-0.059681949 0.042771737 0.137053099 1.280237068
0.016797814 -0.071947908 -0.192359044 1.774355283
-0.085635700 0.102189072 0.079332618 1.312479444
-0.094386149 0.118814925 0.128263877 1.219510054
0.423094210 -0.967893781 -0.794059445 3.156388942
0.388030376 -0.887246963 0.057026730 1.198890780
-0.114011038 0.367856570 0.609467921 -0.182212198
-0.589717728 1.699835281 0.372010679 0.482668070
0.084325387 -0.457102718 -0.740446765 4.042531942
-0.156493960 0.458010787 0.753560260 -1.634694681
-0.063188562 0.025932906 -0.209653986 1.353543586
-0.211562592 0.129794726 1.335686525 0.271805247
-0.055248333 -0.010888104 0.026934737 1.449681825
0.234860983 -0.330008358 -0.180591409 1.677960590
-0.214190888 0.253759053 0.193515374 1.191621790
-0.064906872 0.029833029 0.074489695 1.370160308
0.425283011 -0.803489796 0.010197762 1.479456597
-0.608806784 1.161280789 0.072875049 1.360369754
0.013780255 -0.146151933 -0.711028406 3.006566935
-0.106309888 0.130055390 0.851815736 -0.587974517
0.412861528 -1.167873150 -0.719929253 3.341387955
0.285020938 -0.809919504 -0.230933373 1.972199513
-0.171063943 0.649552137 1.211873486 -2.644782502
0.240503387 -0.914403698 -0.995553940 5.743441611
-0.004122556 -0.013741631 0.093492871 1.168834266
-0.032227982 0.005932167 1.059168044 0.492861657
-0.103520028 0.070095007 -0.046383131 1.487857688
-0.174044247 0.147671649 0.165616929 1.254657617
0.190548255 -0.326298586 0.056139217 1.396978637
-0.177578176 0.225891061 -0.079616289 1.600611897
-0.068054782 0.039701287 -0.105959811 1.645395885
0.300866715 -0.661249550 -0.306705942 2.026813529
-0.130085951 0.243751009 0.687484577 -0.060986467
-0.357448280 0.766684355 -0.030144446 1.589560252
-0.147921715 0.242867941 0.429645448 0.440085519
-0.139722195 0.219909285 -0.772633368 3.806466146
0.226275063 -0.951281957 0.460966501 -0.141053496
-0.209975497 0.706470151 -0.467430530 3.386855179
-0.008963645 -0.013585476 0.079840426 1.171673415
-0.062361950 0.023793337 1.111385889 0.449591604
-0.105143202 0.062296462 -0.053703176 1.498171734
0.166854620 -0.236901148 0.219382722 1.197777239
-0.005575808 -0.012741599 -0.091131904 1.601446238
-0.411148048 0.595616760 0.232153480 1.116518163
-0.014016857 -0.079506284 0.216821510 1.142582513
0.030242290 -0.163598662 0.018586523 1.519228983
0.432200278 -1.007710397 0.167475303 1.206562559
-0.221321609 0.495389911 -0.118351550 1.863964308
0.234185935 -0.643378950 -1.019559863 4.116985090
0.058570663 -0.151656195 0.046039511 1.133306894
0.266897019 -0.818300546 0.336664969 0.203305415
0.210953870 -0.605716583 0.051123056 1.288364669
0.001862864 -0.015785361 -0.029718878 1.210702182
0.015506913 -0.025336195 1.306011159 0.275691172
-0.099049215 0.077764317 -0.202656936 1.633492421
-0.075248265 0.051583271 0.124706074 1.273393102
-0.033337540 -0.002900668 0.064179286 1.352077924
0.110204380 -0.218213549 -0.174964625 1.710793790
-0.147268136 0.219489740 0.461635755 0.628573115
0.084275801 -0.220443734 -0.414475351 2.293184195
-0.560393777 1.133362319 0.466042050 0.444097737
0.690388301 -1.743436401 0.037024012 1.430839203
0.078153033 -0.212848231 0.686655154 -0.193238650
0.838832497 -2.342750694 -0.325949710 2.642054921
-0.815320145 2.950537837 -0.456531915 3.059917982
0.234401929 -1.038405993 -0.485039829 3.168248055
0.121784017 -0.084875437 0.015074016 1.187568306
-0.173092136 0.121537867 1.141916582 0.398778524
-0.168645155 0.117535584 0.056389557 1.375752820
0.135236263 -0.216733983 0.221752008 1.193854120
-0.025519574 -0.007751403 0.026909107 1.447149882
0.043341060 -0.111042354 -0.240452828 1.848192785
0.186199228 -0.353901247 0.484482223 0.615803162
-0.275375762 0.523091225 -0.505994739 2.497709368
-0.341172621 0.661264622 0.282893113 0.841044952
-0.123856746 0.161438119 0.126911371 1.199802951
0.492298159 -1.378949143 0.090641990 1.290476405
0.075382545 -0.211585444 0.359559569 0.537507195
-0.295018123 0.973696710 -0.221454338 2.396751726
1.029000660 -4.057574601 -0.497236430 3.444723665
0.073706414 -0.061374888 0.142980226 1.117702778
-0.169336289 0.108755002 1.231120898 0.356004321
0.037657218 -0.077539150 -0.083219985 1.538911084
0.095409236 -0.141066370 0.059528968 1.381887232
-0.121028534 0.140302720 -0.069942458 1.550200080
-0.065343104 0.056774574 0.051964509 1.367339630
0.106212926 -0.234870684 -0.380438106 2.102424096
-0.179125936 0.307273146 0.234725559 0.933613146
-0.183540353 0.316543421 0.429434078 0.524725276
0.240264142 -0.658206897 0.111707422 1.255496569
-0.188050722 0.412580264 -0.165727165 1.949083036
-0.202760033 0.453766335 -1.068203195 4.476015877
0.010652221 -0.229152889 0.469422216 -0.444385512
0.097344524 -0.558583635 0.713963104 -1.373640874
0.037954061 -0.030806389 0.055193308 1.173213182
-0.188453036 0.127678576 1.056330267 0.472417323
0.067037328 -0.102262745 0.332702319 1.123682459
-0.059929959 0.037401273 -0.328878282 1.851421136
-0.031591087 0.000560742 0.019128914 1.399011798
0.151667596 -0.274327284 -0.227172321 1.768463650
0.145887272 -0.264500733 0.186351008 1.065473971
-0.127185950 0.254338383 1.003231169 -0.486598315
-0.082768233 0.161061182 -0.545208920 2.765125725
0.788102009 -1.841940333 -0.756797014 3.251778330
-0.425529801 1.192139191 0.935790290 -0.979689930
0.047349936 -0.131924051 -0.370829613 2.678845736
-0.124772822 0.418868786 -0.170141684 2.036644355
0.150388390 -0.626743810 -0.337652733 2.673186333
-0.097611052 0.044228612 0.003746152 1.191661656
-0.089507257 0.038555956 0.621662177 0.759120446
-0.047205470 0.000484349 0.644911374 0.738196169
0.010536782 -0.063032130 -0.038472428 1.489918367
0.022254208 -0.078264784 0.110653016 1.296055297
0.087385157 -0.175961206 -0.213218281 1.781862242
-0.236730232 0.375034970 -0.008394721 1.433662182
0.274909945 -0.597081353 -0.039321794 1.492423620
-0.158901195 0.313921999 -0.036533466 1.486568131
-0.382328780 0.827805435 0.270247395 0.780972165
0.317120776 -0.920818457 -0.360413450 2.357624277
0.080275317 -0.257651181 -0.191141619 1.883663160
-0.217847340 0.696341335 0.054716477 1.096917241
-0.162360939 0.485493011 -0.693549853 3.940329258
0.045762849 -0.026230308 0.002202988 1.191556454
-0.262329131 0.189434074 0.736066147 0.677852251
-0.126343302 0.067046832 0.548233259 0.846901846
0.073207419 -0.152458967 -0.113171976 1.574447619
-0.004556346 -0.051366076 -0.119562717 1.582755582
-0.039651366 0.001276455 0.073059780 1.293821838
0.525977222 -0.960292172 -0.214260297 1.782265982
-0.337814688 0.680912438 0.201122237 0.993039178
-0.164950553 0.317897770 0.351658976 0.676912041
0.095179338 -0.280400966 0.219378419 0.981157314
-0.368049191 0.877670355 -0.173879095 1.964301099
-0.047780338 -0.019082416 -0.037861457 1.583451721
0.799908393 -2.731686396 -0.189386239 2.068331029
-0.728900290 3.077786524 -0.710608853 4.048976936
-0.017618789 0.002420111 0.044929984 1.179775714
-0.248206296 0.163831363 1.363985024 0.256437201
0.032848540 -0.089117983 0.012530681 1.472746077
0.236521264 -0.313157984 -0.197414230 1.703685485
-0.198763117 0.252711690 0.160522423 1.238367853
0.110077021 -0.210548517 -0.209197352 1.792947516
0.022672944 -0.061961582 0.006647112 1.426011916
0.126300385 -0.258853717 -0.343397383 2.091096448
0.013471645 -0.021913374 0.743133249 -0.190617774
-0.062371819 0.152526590 -0.389499571 2.414437658
-0.106541043 0.262949651 1.028187438 -1.129779867
-0.205954367 0.541306952 -0.999465346 4.547647834
0.680548893 -2.295503521 -0.311301201 2.345522537
-1.056797716 4.306413512 1.046777579 -2.815176764
0.037850477 -0.028859651 -0.185585629 1.324727600
-0.267042950 0.184565745 0.705688042 0.700836041
-0.083731225 0.019585196 0.530182593 0.858790941
0.094638408 -0.176621404 0.107507148 1.323733941
-0.079030245 0.049147837 0.221924133 1.174991866
0.198171101 -0.366654183 -0.554715859 2.339951853
-0.019815506 0.003923059 0.387932201 0.737450107
0.148278712 -0.315455950 0.201631261 1.091421889
-0.454078467 0.949494067 -0.417998333 2.392643977
0.624023173 -1.530139654 0.451503884 0.392788918
0.064499153 -0.131329602 -0.090957894 1.748943365
-0.207571654 0.630468645 0.008350013 1.470881230
-0.052525062 0.134319541 -0.203948053 2.150235051
-0.033424825 0.061738640 -0.616363696 3.717414474
-0.106481693 0.095493808 0.037653150 0.925493448
-0.044504183 0.052109552 -0.068321530 0.999675723
0.042611108 -0.026294208 -0.158009789 1.080395154
-0.062793357 0.089650707 0.007730129 0.898081240
0.001918138 0.005525766 -0.107387875 1.047734639
-0.184661260 0.285394862 0.107017730 0.726126232
0.422971279 -0.747580482 -0.191819736 1.234149939
-0.170746600 0.380483473 0.084821314 0.708531950
-0.011428638 0.045915769 -0.259126065 1.430821413
-0.448658425 1.051544256 -0.063138291 0.980049543
0.172613893 -0.501636537 -0.052179901 0.952653568
0.106663599 -0.316975718 -0.190257832 1.339271767
-0.013391142 0.067199459 -0.153466487 1.221539464
-0.064911916 0.262978399 0.027635770 0.533350895
-0.079852971 0.067051002 -0.067057614 0.987751069
-0.054944105 0.049614796 -0.088338857 1.002647939
-0.070982744 0.064049571 -0.097794807 1.011158294
0.007178483 -0.021927781 -0.045672373 0.953823615
0.032558871 -0.054922284 -0.026442700 0.928825041
-0.004836306 0.001170481 -0.048854041 0.962442053
0.090803327 -0.161416899 -0.068563545 0.995948211
-0.403368398 0.777509368 0.005010368 0.856157776
0.418131340 -0.947640005 -0.194996847 1.276172909
-0.257062306 0.605305349 0.122998924 0.544782652
0.127755396 -0.356738907 -0.052948006 0.984649977
-0.152677129 0.428472150 -0.239374133 1.506643124
0.155848538 -0.558809998 0.105685608 0.402451933
-0.156269157 0.627237229 -0.187697422 1.517307434
-0.081547718 0.048330390 -0.062568787 0.993111553
0.057182460 -0.048780733 -0.115617819 1.030245874
0.003697635 -0.000644392 -0.109943125 1.025138650
0.009376672 -0.006891333 0.014525359 0.888223314
-0.091302222 0.123991224 -0.071524961 1.000088726
-0.027526052 0.028326969 -0.140969124 1.104254970
-0.164541018 0.261252419 -0.129997777 1.085603680
0.075171989 -0.194202290 -0.000634194 0.839812875
-0.131569082 0.239953941 0.025719398 0.784470335
0.127177823 -0.355163929 -0.172208805 1.239705192
-0.180367719 0.413699927 0.000498891 0.807935953
0.158293675 -0.534551962 -0.258626578 1.533487254
-0.013430518 0.014965465 0.250024736 -0.094196975
0.109871157 -0.453580896 -0.272458286 1.891238485
0.024873311 -0.021318817 -0.107960111 1.029349330
0.021270322 -0.018796724 -0.132563718 1.046571855
0.002181821 -0.001617074 -0.077527743 0.997039478
0.014387114 -0.015042896 -0.089851650 1.010595776
-0.086755404 0.116442371 -0.083295087 1.002072245
0.155767668 -0.247342237 -0.000417828 0.877756357
-0.008143217 0.031306277 0.157509800 0.609279380
0.014252062 -0.011244754 -0.207330063 1.302475112
-0.290959175 0.629698816 0.260480282 0.320073432
0.357119915 -0.860883060 -0.549619365 2.183302582
0.003064685 0.024255014 0.073447438 0.625635575
-0.015329287 0.075758133 -0.348060793 1.805858602
-0.080733731 0.285052359 0.213098560 0.010148645
0.292416118 -1.132917051 -0.313078780 2.009622511
0.075162209 -0.056663410 -0.088147228 1.010729286
-0.058213748 0.036699758 -0.027295651 0.968133182
0.078684237 -0.086508425 -0.225434250 1.146457916
-0.091644536 0.100853229 0.035765482 0.859138206
0.079173679 -0.121210443 -0.088970640 1.021295158
0.071589612 -0.109834342 -0.068966432 0.991288846
-0.345289896 0.598860841 -0.012378995 0.895090201
0.425748083 -0.866111301 0.078586964 0.722254880
-0.363564665 0.791445396 -0.299739766 1.516740978
-0.102844158 0.191788241 -0.084755997 1.022278318
0.033894485 -0.150058365 0.201013716 0.307854036
0.103640648 -0.345347619 -0.340091207 1.822947795
0.214444790 -0.699920879 -0.195376904 1.359862019
0.256250553 -0.858782777 0.052499998 0.417929804
-0.003904258 -0.002551626 -0.085643237 1.012720856
-0.041230724 0.023576900 -0.032902958 0.975802661
0.110437480 -0.112924481 -0.049511480 0.990750331
0.024416046 -0.018300900 -0.117680771 1.065736552
0.058020186 -0.061986281 -0.040320148 0.965167746
-0.258951684 0.413471524 0.104686891 0.747657187
0.102732549 -0.201391689 -0.170077742 1.214757077
0.126955969 -0.247416187 0.017474598 0.858407635
-0.222987656 0.487465393 -0.318395121 1.563734014
-0.030104632 0.043834446 0.163387319 0.455634423
0.072815504 -0.213465895 -0.074253094 1.049735456
-0.082411402 0.221169435 -0.201914858 1.407188390
0.197630606 -0.674965002 0.154415791 0.266930296
-0.477677975 1.891207574 0.204328609 0.077261590
0.000533225 -0.004003909 -0.092222994 1.009144220
0.021836027 -0.018915870 -0.018160642 0.957300574
0.071165505 -0.063312399 -0.066015407 1.000369861
-0.036501863 0.055121708 -0.005219283 0.933494123
0.104753604 -0.128510392 -0.092283763 1.046677944
-0.067733966 0.130220964 -0.035228423 0.961094933
-0.018087269 0.045821575 -0.003018082 0.906337353
0.043716633 -0.071605836 -0.220478852 1.319512810
-0.096407239 0.222654281 0.174264270 0.490552291
0.081447725 -0.186412127 -0.613049421 2.301373742
0.066302262 -0.148548469 0.004100800 0.758498190
0.036883792 -0.066176757 -0.290544411 1.583504767
0.209752274 -0.619355906 0.078451845 0.402716732
-0.450485450 1.889547414 0.239375844 -0.208794458
0.025003124 -0.010701307 -0.013394953 0.964401126
-0.020104527 0.020874048 -0.103837258 1.027710739
-0.036366617 0.035509929 -0.094091870 1.018939890
0.005978284 -0.011069463 -0.040887311 0.960414874
-0.149292611 0.190782693 -0.106399332 1.045580498
0.219497135 -0.362401926 -0.158111415 1.123148623
0.072112100 -0.111847359 0.001747311 0.851388781
-0.161173904 0.331396043 -0.105710365 1.055558363
0.043702565 -0.098844523 -0.384092835 1.640161524
0.032024471 -0.071984907 0.160943231 0.386578596
0.067288678 -0.160145426 0.037116613 0.696145142
-0.251288135 0.731869637 -0.035148553 0.898487602
0.003147300 -0.082323767 0.334396614 -0.284056949
0.077479787 -0.364787214 -0.386912175 2.456916416
-0.039860162 0.037362553 0.073890988 0.903061120
-0.045138933 0.041057693 -0.125252910 1.042461846
-0.045522918 0.041403278 -0.144246782 1.059556331
-0.088404197 0.088572687 -0.131260204 1.045271094
0.094087746 -0.148666831 -0.095134057 0.998307105
-0.009878329 0.007282282 -0.121871204 1.038412825
-0.249162056 0.414064630 -0.023446091 0.871090129
0.424863774 -0.866584431 -0.017935342 0.860619706
-0.370979817 0.804687033 0.086342970 0.641635261
0.180806577 -0.464421646 0.248124540 0.269537656
-0.334560024 0.823994856 -0.196422171 1.380904435
-0.052729683 0.034869916 -0.358661477 1.835174483
0.026582223 -0.218928188 0.107220130 0.344353318
-0.241687582 0.800497059 0.295404437 -0.370747038
-0.102963390 0.072055022 0.185029220 0.825648809
0.064453139 -0.045136546 0.005308986 0.951452970
-0.013140558 0.024697779 -0.175865251 1.114509779
-0.056199776 0.072062920 0.087943705 0.824319922
-0.154561929 0.199933714 -0.184436396 1.178414040
0.050233795 -0.107259872 -0.065279289 0.999678380
0.021211056 -0.057921214 -0.247027962 1.308651132
-0.211363780 0.383970970 -0.003809930 0.846536877
0.136850406 -0.347278789 0.163974127 0.494190373
-0.072856826 0.135047836 -0.193904294 1.317310724
0.405059385 -1.059742691 -0.019607348 0.881568360
-0.579565029 1.697205621 -0.180264817 1.331409266
0.420566280 -1.503214618 0.199450385 0.116320598
0.220928699 -0.744591818 0.107166774 0.466998320
0.014991605 -0.005466938 0.062641505 0.926753996
0.011338809 -0.002909980 -0.057019595 1.010516764
-0.038009045 0.041503087 -0.008124111 0.966510830
0.022316298 -0.024854791 -0.056937953 1.020206058
0.084039584 -0.105095061 0.025552803 0.912968078
0.025985672 -0.018014194 -0.170474906 1.207009642
-0.135225058 0.256044055 -0.096134280 1.080630574
-0.125444606 0.237461197 -0.098441576 1.085014438
0.349328155 -0.759561556 -0.106036042 1.100962814
0.082713011 -0.146346736 -0.029557936 0.925063175
0.194340466 -0.425415375 0.020260814 0.800516299
-0.021525505 0.179009333 -0.368581624 1.889275108
-0.198114161 0.744093042 0.297990091 -0.243754414
-0.033891259 0.120046022 -0.230803056 1.765659523
0.012520426 -0.004019137 -0.114310689 1.044064138
-0.058441419 0.045654153 -0.002255738 0.965625674
0.056451436 -0.057749414 -0.065949245 1.022949829
-0.079308022 0.091585993 0.000035763 0.950366318
0.242230085 -0.326413530 -0.146725441 1.141155876
-0.174406354 0.298541128 -0.023214513 0.955889485
-0.303727626 0.518387297 0.056896528 0.819700710
0.354675517 -0.732578659 -0.052691121 1.027917241
-0.005015106 0.022771613 0.047705460 0.817084430
0.087585009 -0.190208646 -0.224419183 1.442971096
-0.164630607 0.440330394 -0.288498646 1.603169755
0.291481503 -0.836783491 0.053279834 0.646190026
-0.072362385 0.327516966 -0.007316670 0.840098842
-0.076504962 0.343258759 -0.250599921 1.764575183
-0.034051707 0.021366031 0.050102475 0.954375027
0.021454537 -0.017488340 -0.171771060 1.109686499
-0.023755746 0.023200914 -0.036180905 0.987655363
0.028341328 -0.034105869 0.050374884 0.892443994
-0.068187935 0.091382169 -0.090906598 1.076109913
0.203652790 -0.316378918 0.050244915 0.864382643
-0.107191388 0.212056198 -0.478393607 1.763068155
-0.250456474 0.484259859 0.021601327 0.813077793
0.674980513 -1.459157726 -0.039822748 0.942068344
-0.408890695 1.033746000 0.225837773 0.331049160
0.190381975 -0.464435674 -0.033813124 0.980176403
-0.409190930 1.214368431 -0.245449037 1.572756949
-0.066158074 0.116663277 -0.035367713 0.900496701
0.664597603 -2.660208262 0.051052797 0.572098768
0.017411072 0.000573846 -0.122319467 1.053303186
-0.073854117 0.064459478 0.007823408 0.962203175
-0.027772701 0.022986204 -0.084785501 1.045551190
-0.018278225 0.012542280 -0.040047779 0.996339695
0.010945957 -0.025449155 0.004287361 0.938704015
0.056984648 -0.094507192 0.022241766 0.911772408
0.013107448 -0.019915949 -0.068650270 1.066288874
-0.304955209 0.584403091 -0.302615572 1.510822942
0.412865499 -0.923020327 -0.189197018 1.272643990
0.088719481 -0.177484500 -0.048909474 0.949982644
-0.267308161 0.712584604 0.041295495 0.724470221
-0.039272197 0.074083915 -0.276099378 1.613175850
-0.101412060 0.272931482 -0.134478133 1.159987862
-0.301958843 1.035009248 -0.011461974 0.692526462
-0.062605245 0.034010526 -0.057493452 1.022343816
0.020941362 -0.024472098 -0.144201228 1.083039258
0.039935327 -0.041566666 -0.018599327 0.969997551
0.063169871 -0.067124665 -0.104438700 1.064420863
-0.068855911 0.104508846 -0.092827358 1.049326118
0.058076870 -0.085890326 -0.032116167 0.958259333
-0.135036830 0.242402973 -0.015257900 0.929600279
0.189441766 -0.374106352 0.039900258 0.824799780
-0.345040133 0.748305585 0.205934595 0.476127688
0.431097569 -1.036811091 -0.193376197 1.394542489
0.080691303 -0.160795428 -0.215904747 1.450863864
-0.029579301 0.147962258 -0.144412781 1.250686363
-0.043144674 0.191371452 0.010011694 0.756528034
-0.078182300 0.324514429 -0.248878539 1.740310907
-0.026779071 0.018266388 -0.065227155 1.018853726
0.027034642 -0.019403210 -0.108638412 1.049241606
-0.014838646 0.018282748 0.055599199 0.901427759
-0.062950880 0.071206207 -0.156494435 1.134730762
0.032660432 -0.053088494 -0.100284493 1.061657840
0.224375136 -0.340660550 -0.019640620 0.940692030
-0.089346500 0.192666246 0.012779240 0.885578266
-0.220998279 0.442804622 -0.129229175 1.155394251
0.465779203 -0.999428023 0.192044332 0.480719919
-0.784224271 1.875579907 -0.380516558 1.797609937
0.471472914 -1.263663057 -0.029260521 0.919469845
0.252043433 -0.649260519 -0.478827392 2.178257063
-0.215579212 0.847131968 -0.065574656 0.855848289
0.034740043 -0.104081191 0.262080894 -0.389242785
0.050191517 -0.026641536 0.047017637 0.956567733
-0.061456793 0.051512280 -0.115098364 1.070048932
-0.006133070 0.001720930 -0.070564730 1.029968662
-0.033126946 0.031414195 -0.107551256 1.070653841
0.212741420 -0.288214669 -0.102521455 1.064115100
-0.137000862 0.236398753 0.151671135 0.682826216
-0.097778568 0.169720852 -0.269955195 1.399590997
-0.118929162 0.209906981 -0.080613523 1.039841824
0.025614494 -0.093634683 -0.063776061 1.004483155
-0.096130739 0.186379347 0.197522593 0.403496264
0.105726282 -0.318263207 -0.308346599 1.668169243
0.199709659 -0.581416658 -0.208755682 1.389314681
-0.156010855 0.556889005 -0.076897951 0.967369937
0.238191253 -0.941078986 -0.288910473 1.773017510
-0.044718458 0.027987702 -0.070964698 1.013289275
-0.052801917 0.033646124 -0.025563540 0.981508464
-0.003636986 -0.010602313 -0.032512240 0.987762294
0.182131510 -0.214947664 -0.018466420 0.972311892
-0.141907347 0.206302835 -0.093502976 1.069859412
0.120903364 -0.187913232 -0.087906995 1.061465441
0.067196112 -0.096610900 -0.100230908 1.082416094
-0.402074106 0.795002503 -0.090911421 1.064709067
0.234706658 -0.542237041 -0.000408888 0.874653756
0.050758526 -0.119156346 -0.077878814 1.052834584
-0.173468742 0.441411822 -0.086248928 1.073759868
-0.009502394 -0.017693944 0.003734975 0.821804943
0.228423686 -0.779057411 0.084278398 0.564065986
-0.108405925 0.500895095 0.347657597 -0.436774957
0.027104780 -0.014721109 -0.013294221 0.967651487
-0.004921750 0.007697462 -0.027421715 0.977540732
-0.035142062 0.034895743 -0.017383392 0.968506243
0.051247980 -0.060133306 -0.067156577 1.023256747
0.042676920 -0.048990929 -0.198475373 1.193971176
-0.229617191 0.359450238 0.185477987 0.618041135
0.095672623 -0.193542461 -0.266788101 1.386893507
0.335944965 -0.650059904 -0.071624245 1.016082185
-0.021645738 0.100880537 -0.089908519 1.054479158
-0.157637363 0.413661268 -0.105379497 1.090062406
-0.136758968 0.361465279 0.360362984 -0.074293796
-0.134971319 0.356459864 -0.288785180 1.743321033
-0.207065451 0.587161090 -0.154196545 1.312637395
0.239529778 -1.109900759 0.107514790 0.318134333
0.062632691 -0.042090550 0.103798217 0.889147964
-0.046216672 0.034104003 -0.054755512 1.000135572
0.031355581 -0.035711023 -0.046921063 0.993084569
-0.113033043 0.123116466 -0.138333191 1.093637912
0.031842545 -0.065221790 -0.022912020 0.943590394
-0.038503194 0.040296818 0.013886985 0.888391887
-0.133732512 0.202186663 -0.002141000 0.915639461
-0.018420114 -0.016906890 -0.281782847 1.446958965
-0.192177343 0.347983274 0.038686982 0.773972356
1.049729559 -2.508402541 -0.547081996 2.121240975
-0.328467205 0.937089369 0.108200130 0.483035661
0.139502859 -0.373226789 -0.152948164 1.214250872
-0.099251047 0.390785722 -0.171041615 1.272149916
-0.101156895 0.398027944 0.184499111 -0.078904826
0.130470091 -0.106494245 -0.172029744 1.331268793
0.167921396 -0.132710158 0.921899731 0.565518173
-0.217648050 0.214302334 -0.082893948 1.469832460
-0.155254835 0.145669796 0.433579838 0.901711283
0.171331313 -0.278892180 -0.148461426 1.658364899
-0.309041646 0.441667258 0.497350574 0.689646899
0.516644799 -0.961999737 -0.174825850 1.832346852
-0.502733219 0.974818471 -0.213878231 1.906546375
0.148646237 -0.393078324 0.131951539 1.180303891
-0.004422515 -0.041020202 0.481455211 0.376445461
0.227627138 -0.621144335 -0.724974589 3.392519961
-0.823171050 2.321090542 -0.492975296 2.742921953
1.089002613 -3.797865271 0.283056543 0.259620032
0.879282929 -3.000930481 -0.731543644 4.115100693
0.134647951 -0.099187277 -0.071966652 1.254428746
-0.022721210 0.010971134 0.864435486 0.598947261
-0.158284022 0.132977661 0.303356575 1.103918267
0.024714702 -0.068320940 0.068827296 1.361900480
0.095116064 -0.159842707 -0.106095050 1.589299522
-0.237656701 0.339316440 -0.252499520 1.808906226
0.401361593 -0.747014690 0.698555958 0.192111869
0.216010407 -0.394847440 -0.610346416 2.679026348
-0.654593867 1.433421451 0.954326164 -0.606785921
0.060706720 -0.211769865 -0.944224371 3.759880218
0.453142273 -1.192858747 -0.180261958 1.849974187
-1.231086780 3.522982521 -0.118524702 1.677109872
-0.209724191 0.254622189 0.126387497 0.893390824
1.471918611 -6.135620380 -0.425052519 2.988862859
0.182218781 -0.117655956 -0.099213129 1.262281659
-0.316011594 0.231105300 1.197408509 0.354646528
0.057660830 -0.105199873 0.156109892 1.291815259
0.141398394 -0.197311194 -0.417023450 1.922261949
0.006675588 -0.022171554 0.233386699 1.076728785
-0.183303718 0.262797405 0.278361969 1.009265880
0.346916526 -0.638577034 -0.272693136 1.946059585
-0.154750873 0.314591011 0.275319317 0.904835938
-0.344310530 0.712666274 -0.424254435 2.373940751
-0.184681819 0.345520245 1.407544277 -1.839196201
0.498924037 -1.363494393 -0.660559044 3.331062103
-0.302723630 0.881119035 -0.546417106 3.011464682
1.283662325 -4.195316095 0.187359879 0.663378293
-0.264590510 1.688044603 -0.497547865 3.266027689
0.229375077 -0.158923845 -0.154455313 1.301778142
-0.174551541 0.123824783 1.040981474 0.464972405
-0.120227085 0.074932774 0.048838842 1.357900750
0.052937959 -0.115548778 -0.033538354 1.448515668
0.070452897 -0.138318197 0.538245907 0.705196156
-0.069710689 0.071927182 -0.173447091 1.772735653
0.135159383 -0.276351949 0.262429808 1.031744904
-0.006407138 -0.007375563 -0.131877112 1.780928043
0.832864425 -1.769845766 -0.354758416 2.248978761
0.425652686 -0.833258785 0.606306051 0.038530532
-0.792728188 2.212693399 -0.483814555 2.763832046
-0.025574688 0.064663636 1.133333472 -1.764182353
-0.162156725 0.501726161 -1.308958142 6.051150931
-0.358466853 1.247704639 0.649510661 -1.391030428
0.005437285 -0.018000177 0.101141936 1.164036152
-0.175086536 0.108366495 1.266120152 0.348551414
0.050230405 -0.094418747 -0.274350578 1.734975034
0.101394699 -0.150699471 0.158870277 1.258432084
-0.086733576 0.093867277 -0.355883752 1.927612297
-0.298490397 0.411502510 0.845255650 0.125903193
0.018285482 -0.127016500 -0.492370901 2.399868394
0.480355476 -1.004949477 -0.336969019 2.104604823
-0.281541951 0.595035046 -0.049111831 1.500104756
0.015752088 -0.088741230 -1.091631391 3.897899692
-0.047863071 0.070296669 1.318445813 -2.127293316
-0.733006869 1.988699270 0.264848408 0.822779368
-0.785699612 2.157316049 -0.444838475 3.093777427
0.463159708 -2.588349306 0.379683547 -0.039406218
-0.109644234 0.047668813 0.032784345 1.209431826
-0.056722168 0.010623367 0.973773657 0.550739319
-0.086695811 0.037599645 -0.024181599 1.448899025
0.195452389 -0.272763381 0.410639791 0.970595486
0.070407520 -0.110205058 -0.299937058 1.894345355
0.144376238 -0.221158135 0.207343052 1.133425191
-0.283615830 0.506428403 0.204227640 1.138721392
0.154136709 -0.325301412 -0.800900746 3.048465300
0.324931652 -0.683970776 0.031930201 1.299520392
0.442552498 -0.954498716 0.620786400 -0.054848837
-0.512279480 1.432581229 0.164485004 1.085904652
0.165148545 -0.464217208 -0.326276344 2.460036402
-0.131352943 0.484587569 -0.306762704 2.397592755
-0.869973498 3.291345641 -0.498401776 3.125821218
0.265506671 -0.161011395 -0.139510044 1.314034526
-0.528474314 0.394775285 1.241626814 0.347238742
0.348393941 -0.394406123 -0.168069561 1.615965446
-0.174944384 0.181266047 0.021477349 1.407463840
-0.122361415 0.112908189 0.013795492 1.417450254
0.245891118 -0.439470609 0.159278474 1.199225781
-0.596435470 0.992484629 0.366501939 0.846945880
0.500016987 -1.090775013 -0.166605771 1.859850516
-0.066911562 0.099774887 0.359109555 0.755848383
-0.250009611 0.520900391 -1.504831551 5.042912838
0.914536413 -2.390464669 0.753319781 -0.602465492
-0.148281084 0.585424272 -0.420965154 2.685532269
-0.075544280 0.352666495 -0.317594658 2.354746677
0.028859956 -0.044069597 1.065141175 -2.899649423
0.065750581 -0.046899708 -0.271651761 1.395426281
-0.208749210 0.145250142 1.176900338 0.381439830
-0.014612075 -0.029473275 0.230823700 1.232908781
0.084081685 -0.138036414 -0.092840824 1.588939765
-0.183926004 0.210373570 -0.149315560 1.662356919
0.128853719 -0.258796014 -0.239523592 1.797668967
-0.014208486 -0.015590260 0.621481164 0.333960841
0.058454473 -0.153649880 -0.717491764 2.878009372
-0.015077634 0.000767538 0.626519769 0.055585281
-0.625490248 1.404716521 -0.544616450 2.749198529
0.622323838 -1.714818694 0.006236236 1.372066813
0.903536397 -2.502213845 -1.168221255 4.660547732
-0.825372842 3.030295801 0.418776142 -0.417844012
-0.419816605 1.489182119 -0.529381590 3.185155322
0.119225425 -0.077392551 -0.137065061 1.314557020
-0.315019877 0.226579156 1.256746725 0.338888787
-0.022672111 -0.036533827 0.177145558 1.310529811
0.069801832 -0.138255167 -0.508763376 2.065029655
-0.097970511 0.079848871 0.536850563 0.705731584
0.027044018 -0.107672922 0.475886947 0.797177008
0.600458226 -1.082477103 -0.775937119 2.925277980
-1.092804782 2.134722571 0.181893771 1.105399311
1.219639450 -2.721410095 0.270661051 0.918988032
-0.664984816 1.613225628 -0.519152756 2.735559750
0.535725329 -1.388549734 0.211048954 0.910055474
-0.732907515 2.163622168 -0.623026044 3.245465429
0.130916904 -0.600616016 -0.077347569 1.499294284
-0.659003353 2.401080924 -0.165951709 1.835990012
0.247829636 -0.160049344 -0.185060512 1.332786327
-0.372173799 0.273953053 1.151796052 0.396986748
0.106490955 -0.156845215 0.399665737 1.073904014
0.064689894 -0.110864046 -0.219594319 1.755090090
0.000704881 -0.027683532 -0.028487437 1.506651153
-0.065015762 0.070897433 -0.082556586 1.587754876
-0.182614671 0.270815583 0.252701134 1.017816736
0.065141902 -0.199921900 0.430374299 0.680237726
0.131038657 -0.338305079 -1.307859109 4.330527718
-0.273783887 0.592786752 -0.822542710 3.214300023
-0.042676014 0.015017069 0.873746216 -1.026422291
0.721678562 -2.125175705 -0.043762316 1.542601554
0.213982149 -0.500547161 -0.435751348 2.796966477
-0.846681273 3.529973792 0.404017294 -0.394154323
-0.069287465 0.019297497 0.070396666 1.143699286
-0.040858968 -0.000602451 1.257522777 0.312711023
0.030540034 -0.064861551 -0.007261036 1.451016424
-0.185457441 0.172735677 -0.318167323 1.793013348
0.131166714 -0.238875709 0.711191127 0.454847411
-0.069056249 0.061458734 -0.691546633 2.558954051
-0.081628385 0.082831367 0.184285111 1.070040046
0.483044084 -0.990046310 1.186501808 -0.834171656
0.469201123 -0.960976095 -1.062052593 3.887792371
-0.644723596 1.601050706 1.346220053 -1.651234599
-0.117499453 0.282990348 -0.859842834 3.863922620
0.396246043 -1.155497014 -0.654282116 3.288352618
-0.335089220 1.184775862 -0.128165504 1.604779434
0.330695828 -1.345207288 -0.456502614 2.852460436
0.182797980 -0.119698000 0.183348667 1.111098761
-0.229555824 0.168949659 0.794259953 0.683460868
-0.203245755 0.145270597 -0.025048846 1.420838767
0.265271991 -0.370098935 0.422938617 0.928052547
0.105856832 -0.162859236 0.078125577 1.376309482
-0.409256555 0.609810845 -0.273272330 1.903406343
-0.086999976 0.061974646 -0.349235064 2.032542994
0.481493694 -1.018163315 0.624887571 0.181710012
-0.166239990 0.342077360 -0.607063626 2.768807407
0.511888516 -1.217618171 0.248202622 0.801695078
-0.487366880 1.280520320 0.171868431 0.992530556
-0.326178257 0.829192182 -0.054471480 1.626282295
-0.004071569 -0.201549235 -0.166077442 1.983421378
1.123985827 -4.488167286 -0.752908930 4.213381008
-0.023852178 -0.022375069 -0.053335431 1.234237553
-0.001434535 -0.038067419 1.183734607 0.368288541
-0.056320360 0.011329822 -0.094310619 1.518529214
-0.009481463 -0.040192965 0.119403047 1.283444176
0.113894028 -0.200581097 0.363272938 0.966413330
0.036069062 -0.083843650 -0.242040100 1.874382886
-0.593441304 0.986324003 -0.271783568 1.924946784
0.362358037 -0.829694721 0.416402370 0.617393519
-0.325871368 0.615586962 -0.224771446 1.963858470
0.662774739 -1.658299036 -0.065344556 1.597176632
0.087531715 -0.220191477 -0.045915452 1.548603871
0.629014260 -1.736342576 -1.210585097 4.809678821
-0.667433187 2.412289315 1.316925397 -3.278354881
-0.473420248 1.675040156 -1.219952030 6.361779222
0.041413648 -0.032744795 0.047621730 1.167162417
-0.186400107 0.126724831 1.085648005 0.440544036
-0.107165084 0.055413312 -0.134559242 1.538730530
0.093736421 -0.165578349 0.247762292 1.118176834
-0.023420615 -0.013274207 0.248243154 1.117551714
0.039727622 -0.107996563 -0.047380317 1.560986919
-0.184496670 0.273184745 0.109966437 1.293497431
-0.346141619 0.580310143 0.350936181 0.835654923
0.486786026 -1.168837831 0.178974228 1.196775007
0.644042823 -1.530528456 0.375183135 0.745494530
-0.732644391 1.911189579 -0.695928446 3.423273482
0.593682926 -1.802526847 -1.643303092 6.075922446
0.084145145 -0.172005921 0.663518713 -1.305907440
-0.769548406 3.072029531 -0.581829583 3.426416024
0.280101330 -0.185967166 0.134178408 1.123251434
-0.246018517 0.182316720 0.558695826 0.826089246
-0.103615088 0.054153637 0.284854106 1.072546788
0.068946319 -0.135663914 0.133649159 1.238872234
-0.041587212 0.008029671 0.139299598 1.231526663
0.160768320 -0.295503627 0.398815179 0.842253291
-0.220379620 0.352447888 -0.250017136 1.945268258
0.246353880 -0.534345750 0.583800882 0.361014043
-0.440841966 0.908765462 -0.834527413 3.339503327
0.569718610 -1.415523815 0.169333179 1.030624014
-0.483501658 1.217526855 1.129115602 -1.368832043
0.888135259 -2.623056447 -1.952151191 7.258714829
0.806820844 -2.362850315 0.381406209 -0.208668961
-0.191464212 1.430632849 -0.613343305 3.571379145
-0.000617532 -0.028250364 0.261052862 1.052522532
0.018614960 -0.041713108 0.454110530 0.917382167
-0.050084253 0.020116182 0.512819764 0.864543858
0.020392144 -0.057407856 0.245903222 1.158152060
-0.013499918 -0.013348177 -0.191754653 1.727107277
-0.267511487 0.367669176 -0.215836116 1.763229472
0.128571791 -0.305672415 0.239184584 0.989694260
-0.395034264 0.689179078 -0.662063597 2.702065783
1.025709005 -2.294381652 0.768080171 -0.301235993
-0.565102543 1.364484832 -2.009139178 6.086368377
0.096401997 -0.289276519 2.586416020 -5.402519618
-0.699658935 1.939694053 -1.693090989 6.580099802
0.683680807 -2.486993187 0.232620276 0.417823662
-0.989656489 3.871688457 -0.019530953 1.375998322
-0.159297756 0.084791507 0.095859176 1.173398194
-0.159786120 0.085133363 0.680131953 0.764407257
0.025604026 -0.081717764 0.434527890 0.985450908
-0.097123754 0.053282797 0.113458674 1.338627053
-0.227643011 0.222957824 -0.324827355 1.908398870
0.012592410 -0.137395307 0.151806438 1.193448181
0.210376308 -0.473627944 -0.143854670 1.696072077
0.213313812 -0.479209202 0.440960088 0.584924051
-0.169005726 0.323661793 -0.684041218 2.947426686
0.000234097 -0.065589793 0.646134461 -0.111977311
0.218031935 -0.610084387 0.679445375 -0.195254596
-0.417173422 1.168490581 -1.698744488 6.463676907
-0.019835659 -0.102990278 0.859392819 -1.722362599
0.919443442 -3.672250819 -0.165763507 2.173231393
0.234825507 -0.163718380 0.106918818 1.139168975
-0.201320430 0.141583771 0.782291340 0.666408217
-0.074427445 0.027380087 0.307816790 1.093435301
-0.015222100 -0.037745794 0.067836667 1.357413442
0.082053113 -0.164203566 0.138821569 1.265133073
-0.075885300 0.072704053 -0.159941278 1.713277342
-0.415610559 0.650237009 -0.341066244 2.021189794
0.326247667 -0.759293602 0.401649619 0.610029672
0.423620941 -0.963777467 0.255349814 0.917259249
-0.503799637 1.169289817 -0.279344254 2.147055579
0.231579802 -0.669158782 -0.128221930 1.769249768
0.023471293 -0.086454965 -0.577921730 3.028409187
0.373492564 -1.206523049 -0.453622413 2.630651369
0.691758398 -2.415933204 1.366392157 -4.285403913
-0.111298498 0.062771201 0.009431244 1.213597595
-0.059018087 0.026174914 0.638901629 0.772968333
-0.206682018 0.159072449 0.661652526 0.752492526
0.001836345 -0.070297756 -0.170906247 1.668307197
0.113658934 -0.215667116 0.152908527 1.247348006
-0.069803858 0.059527072 -0.277587109 1.893091460
0.353702582 -0.660433897 0.515483802 0.544870873
-0.301684510 0.584801562 -1.312234871 4.017536308
-0.975842131 2.000532504 1.049728143 -0.942585796
1.717022174 -4.193055269 0.062982425 1.326929309
0.718432233 -1.696580417 -1.006622077 4.000940564
0.131326957 -0.052685673 -1.556098239 5.539473792
-0.704026011 2.620443865 1.588863486 -4.524403880
-0.652155077 2.423334317 -0.652665833 3.993407426
0.097452970 -0.069349133 -0.008653403 1.229279876
-0.377477694 0.263102326 0.542536410 0.843447013
0.012024787 -0.087449898 0.761851487 0.646063450
0.267190610 -0.368132309 -0.319885130 1.835973754
-0.245993442 0.299006934 0.340581455 0.977367225
0.164658164 -0.316970476 -0.247912944 1.860108823
-0.469168592 0.760535041 -0.077309040 1.570082179
0.430426286 -0.948695206 0.196972560 1.048947146
0.020960099 -0.088816252 0.895314599 -0.417571071
-0.369519280 0.809286300 -0.942207350 3.808729325
0.545255169 -1.477649822 0.892237169 -0.777381973
-0.147564444 0.462245060 -0.308820830 2.585580367
0.316968053 -1.024258952 -0.982233243 4.740500122
0.402130602 -1.347876632 -0.276611315 2.059136828
