0.032299475 -0.028129625 -0.058530871 0.963720770
0.058567935 -0.046517546 -0.066646043 0.969401391
0.004220834 0.002394843 -0.040242066 0.945637813
-0.041334154 0.052505331 -0.044436471 0.950251657
0.009995582 -0.014223324 -0.021919305 0.920979343
-0.031467071 0.047970656 -0.087573805 1.019461094
-0.003995010 0.001268151 -0.103431083 1.046418466
-0.001411506 -0.003640506 -0.018447942 0.884950501
0.011502096 -0.030759070 -0.001798272 0.849986194
-0.008943405 0.016265582 -0.042608072 0.943848734
0.004047709 -0.016212202 -0.037030385 0.929904515
-0.000978283 -0.002139425 0.052182662 0.680107988
0.001089405 -0.008756029 -0.034223502 0.956607718
0.023843584 -0.095221906 0.028846266 0.716942603
0.028809315 -0.018349484 -0.101713842 0.991022918
0.021145711 -0.012984960 -0.077517931 0.974085780
-0.091951235 0.088802288 -0.040379753 0.940661421
0.014637826 -0.028445681 -0.050809104 0.952133707
0.039007224 -0.060125897 -0.020318026 0.912495308
0.018949441 -0.030039224 -0.105637585 1.040474645
-0.036665119 0.064505531 -0.023803421 0.901356564
-0.033540940 0.058569592 -0.071728851 0.992414879
0.034097106 -0.083470299 -0.054520654 0.956277666
0.009016034 -0.025783834 -0.053870367 0.954782007
-0.034059576 0.081905189 -0.039234565 0.918192502
-0.032964353 0.078838565 -0.022500599 0.871337398
0.000196137 -0.027275002 -0.027204955 0.886391337
0.057402152 -0.244657857 0.025466757 0.686238836
-0.014690258 0.008954807 -0.119790740 0.999036763
0.036056668 -0.026568041 -0.053512457 0.952641966
-0.019938975 0.023828037 -0.026361340 0.928205961
-0.027808916 0.032484972 -0.057646653 0.962619806
0.006715870 -0.012397249 -0.048167098 0.950296385
-0.004797103 0.004872211 -0.079994481 0.998037459
-0.069592356 0.115024144 -0.023748883 0.902419940
0.002159989 -0.021305310 -0.109285751 1.064939988
0.033991613 -0.088151716 -0.118914218 1.085159767
-0.010439341 0.014039476 -0.048278261 0.922697068
-0.038365644 0.083855233 -0.011649531 0.831125244
0.011664934 -0.056230382 -0.044951726 0.924371389
0.005640832 -0.036953258 -0.026088262 0.864008302
0.013592325 -0.067168929 0.058233741 0.543584694
-0.035020354 0.022433943 -0.099883085 0.990046147
0.025731241 -0.020092172 -0.074768369 0.972465845
0.025267624 -0.019674918 -0.037863842 0.939251771
-0.062789225 0.077187618 -0.030142974 0.930758817
0.027655999 -0.040391168 -0.090072730 1.008667496
-0.013350455 0.021118513 -0.035972587 0.927517282
-0.003694042 0.004702610 -0.034683359 0.925325595
-0.004188910 0.005642859 -0.084920258 1.020775702
-0.027142384 0.053845153 -0.092681326 1.037073944
0.043939942 -0.109644194 -0.099578476 1.052937389
-0.029311116 0.073483452 -0.007534028 0.822826269
-0.016035005 0.036310342 0.032618038 0.710400485
-0.017197081 0.040028982 -0.074552210 1.053345285
0.023684659 -0.115321626 0.001187772 0.765533358
-0.019101026 0.017203583 -0.125990517 1.007477585
-0.009076528 0.010186435 -0.063164238 0.963499190
0.031114580 -0.025985561 -0.062779769 0.963153168
-0.057927825 0.071961086 0.001490713 0.892455637
0.015180336 -0.023079519 -0.103813683 1.029351346
-0.006448221 0.009363315 -0.031628601 0.921073723
-0.003048484 0.003583762 -0.045982020 0.945474536
-0.020918823 0.037537407 -0.082469016 1.014799828
0.024878366 -0.058636685 -0.074678940 0.998440668
0.026097894 -0.061441600 -0.105157767 1.068541971
-0.036511202 0.095081139 -0.003120304 0.813448311
-0.027530622 0.069935516 -0.006744115 0.823594983
0.016410124 -0.070674872 -0.051334310 0.966283608
-0.019241351 0.064800731 -0.072148372 1.045377044
-0.007345161 0.007819536 -0.072140698 0.975326540
0.010285086 -0.004521637 -0.065301661 0.970539214
0.016432193 -0.010054033 -0.083648542 0.987051407
-0.037502757 0.049274414 -0.033279669 0.931645646
-0.011266992 0.015167920 -0.061270580 0.968033828
-0.019650398 0.027743029 -0.015056130 0.898712153
-0.018485523 0.025762742 -0.026768754 0.918623614
-0.015166039 0.019455723 -0.016929513 0.899929058
-0.007259434 0.002851853 -0.092188396 1.057972704
0.014144151 -0.046376392 -0.095064617 1.064588013
-0.013837978 0.023578930 -0.031284695 0.905138207
0.037609557 -0.120474165 0.074377340 0.609284514
0.003121460 -0.010112253 -0.101475930 1.172014988
0.026356695 -0.098406147 0.140701913 0.251739194
0.029780662 -0.014989838 -0.079603200 0.979341927
-0.057707186 0.046251655 -0.044681731 0.954896898
0.041708570 -0.043222522 -0.094392873 0.999636926
-0.027551044 0.032963054 -0.014877921 0.912170476
-0.013690035 0.014943743 -0.083686093 1.001621097
0.004915601 -0.012964710 -0.051975834 0.954055708
0.001092486 -0.006465415 0.005058350 0.857097593
0.032759350 -0.066632455 -0.064661526 0.989565355
0.026106387 -0.052661234 -0.066916629 0.994301071
-0.048919911 0.119899249 -0.064388200 0.988485685
0.003210488 -0.010426750 -0.025655035 0.891652773
-0.000505299 -0.000022548 0.052047806 0.674084820
0.024961725 -0.081517024 -0.109088736 1.189721764
0.086354303 -0.314808818 0.083733579 0.456996977
0.042125615 -0.025563938 -0.050648752 0.959144206
-0.016359152 0.015375399 -0.057456497 0.963909628
-0.042517664 0.038918059 -0.051651585 0.958685207
0.020082671 -0.029942311 -0.092861090 1.004015663
-0.020102152 0.022297957 -0.061694667 0.963499315
-0.027284397 0.033071324 -0.114114257 1.042128701
0.055479726 -0.107627689 -0.104577579 1.025916347
-0.005333904 0.007918207 -0.078636436 0.976628176
-0.029486855 0.058639403 -0.070849640 0.960275906
-0.034848620 0.070971462 -0.074551982 0.968791291
-0.014529224 0.020172972 -0.061353852 0.935795967
-0.037953090 0.085759795 -0.071161372 0.963257023
0.007681845 -0.060271999 -0.039254235 0.861154181
0.012894627 -0.080080573 0.000292063 0.710878253
0.043536925 -0.032981243 -0.049834850 0.958603443
0.039037231 -0.029831457 -0.066148047 0.970022680
0.012417384 -0.005873595 -0.024840230 0.932845646
-0.088660234 0.105311787 -0.083270997 0.997119491
-0.003927275 -0.004841056 -0.107031439 1.028008065
-0.006854700 -0.000449918 -0.126069456 1.056565091
0.029076174 -0.061532405 -0.089156063 0.993812321
0.015540331 -0.035814305 -0.074378279 0.965734531
-0.046388663 0.094236578 -0.094621159 1.008244577
-0.019019283 0.031287005 -0.041916062 0.887022858
-0.060319258 0.134536942 -0.021392110 0.835712978
-0.028668272 0.045914182 -0.025069559 0.846009833
0.026364964 -0.130192175 0.007945698 0.740361011
-0.011238694 0.012701723 0.041240680 0.613840081
0.054640387 -0.044949366 0.056950155 0.892435102
0.081954873 -0.064069506 -0.065022413 0.977815898
-0.029777110 0.036489276 -0.084134022 0.995016346
-0.059651343 0.069350933 -0.010494594 0.914012973
0.005754906 -0.015677188 -0.104764675 1.036564074
0.066142448 -0.106258501 -0.134770242 1.081572425
-0.110980447 0.194850430 -0.015053456 0.878053884
-0.043517218 0.066670295 -0.052474458 0.949153786
-0.037993342 0.055070157 -0.009786484 0.859509045
-0.074778368 0.139675714 -0.026386076 0.897688105
-0.005337100 -0.033927455 -0.037067737 0.924392258
0.021071662 -0.107871987 0.057452307 0.659736138
0.021529161 -0.109335983 -0.039157377 0.968887132
0.032539663 -0.151175893 0.008046777 0.789511351
0.005448282 0.004660513 -0.036220255 0.978788288
-0.004309279 0.011490805 -0.049902502 0.988365860
-0.015750403 0.021787816 -0.006617008 0.949408917
-0.009671898 0.015101461 -0.071184959 1.020433664
0.014581602 -0.016428088 -0.116810175 1.079746443
0.001554060 0.003113225 0.024499589 0.867781797
-0.006950838 0.017571552 -0.046565847 0.988593043
-0.032624987 0.066352434 0.031255495 0.840732494
0.017914920 -0.039781365 -0.088182369 1.091551996
0.034129214 -0.077074241 -0.012275872 0.916967057
0.000553938 0.006863949 -0.048082677 1.006484071
0.011796851 -0.024616205 -0.056577907 1.030270715
-0.027176987 0.100100077 0.042951015 0.711778160
0.020501703 -0.081078942 0.072338660 0.600105109
0.007764972 0.002306161 -0.063712601 0.993027391
-0.026260476 0.026123974 -0.071160500 0.998240920
-0.050304043 0.047763184 0.007923840 0.927065017
-0.017488840 0.011666460 -0.122774883 1.070833615
0.012148537 -0.026862128 -0.031652741 0.952374834
0.041008518 -0.070152100 -0.040058186 0.964983002
0.049115813 -0.083934503 -0.056281110 0.992561973
0.012123049 -0.013648252 -0.005978050 0.896986161
-0.081554969 0.183075578 -0.069051368 1.029440123
-0.069289403 0.154864775 -0.039946129 0.962498075
-0.021268468 0.034812438 0.015296342 0.824391895
0.046349174 -0.154516957 -0.022394503 0.929926260
0.023714639 -0.082086443 -0.004707874 0.873329046
0.118144489 -0.440919867 0.091675376 0.507072701
-0.004519695 0.007612515 -0.053219202 0.985764505
-0.018282204 0.017246271 -0.049617890 0.983243586
-0.041391079 0.038044259 -0.095497347 1.024535097
0.026382116 -0.036506258 0.040188446 0.875280721
0.003518857 -0.006784022 -0.075119418 1.025180939
-0.023784160 0.034170502 -0.077825170 1.029239567
0.067883612 -0.121664714 -0.009311143 0.912765718
0.006366128 -0.004781495 -0.069531227 1.027183876
0.023644025 -0.041065079 0.013720986 0.852354237
-0.076662586 0.189640124 -0.011357364 0.910034441
-0.029647293 0.072101890 -0.023625298 0.940704276
-0.007126299 0.009043109 -0.033560387 0.968522525
0.036970395 -0.132066316 -0.008337797 0.887810235
0.028288415 -0.099074791 0.107635341 0.447112318
-0.007304105 0.006224870 -0.077441041 0.999723705
0.000487295 0.000770890 -0.054529313 0.983685495
-0.057583611 0.053034704 -0.065898582 0.993917837
0.021758797 -0.034241947 0.014213925 0.905794078
-0.007041929 0.003198996 -0.095285155 1.048142876
-0.028789132 0.035819801 -0.060008154 0.995227375
0.039009086 -0.079437174 -0.083071917 1.034435774
-0.032672798 0.056758405 0.005913081 0.865364279
0.056615909 -0.130747871 0.010109541 0.856551713
-0.025051844 0.057087956 -0.041018119 0.974145328
-0.012110887 0.024735563 -0.060367395 1.022518520
0.002081168 -0.015002189 0.058270977 0.690331083
-0.007366115 0.015229118 -0.100474274 1.198315895
0.097980177 -0.385086787 0.122611157 0.350591265
-0.001403414 -0.001417456 -0.060758594 0.985746862
-0.006559843 0.002192045 -0.066489581 0.989758553
-0.006056535 0.001739067 0.020528431 0.911442344
0.023731187 -0.031027427 -0.147379987 1.096141608
0.010976870 -0.014446816 -0.023615951 0.935248366
-0.001402404 0.004122096 -0.057298527 0.985772232
-0.043599345 0.075856896 0.032565009 0.833004215
-0.024217313 0.039031036 -0.051594097 0.992906515
0.039962181 -0.095745894 -0.100640035 1.095902979
0.005400588 -0.016254233 0.021084840 0.815935773
-0.006046513 0.012363519 -0.060960263 1.021048530
0.004055156 -0.015921153 -0.010530499 0.879845194
0.046440000 -0.151552654 0.009146235 0.816879645
0.079493718 -0.277156784 0.051428157 0.656208342
-0.033259455 0.021281788 -0.041224661 0.967666538
-0.003751136 0.000625964 -0.030434431 0.960113377
0.056271991 -0.053394849 0.016359385 0.917998944
-0.017387503 0.027630597 -0.086675913 1.031337774
-0.043111160 0.061071349 -0.028303259 0.955453326
-0.006158864 0.005642906 -0.011616942 0.930423852
-0.002131987 -0.001202786 0.002457500 0.906497298
-0.033860994 0.059082327 -0.011283759 0.932605691
0.019692439 -0.053379876 -0.044503797 1.002367768
0.015175942 -0.042991934 -0.063760563 1.046658329
0.045709780 -0.119326530 -0.001018246 0.889802536
0.010271899 -0.020100463 -0.026340776 0.960705619
-0.026704677 0.098224581 -0.015530489 0.926112700
0.106290816 -0.407158287 0.084107076 0.547489956
-0.031004485 0.015527385 -0.030332209 0.961395384
0.027367651 -0.025333110 -0.028948190 0.960426570
0.012027604 -0.011527068 -0.012810525 0.945902672
-0.039933848 0.045630531 -0.105887093 1.048286899
0.017145258 -0.028572304 -0.024665886 0.942699334
-0.083652673 0.122624592 -0.092079021 1.043819037
-0.049995165 0.065406827 -0.017417079 0.916893732
0.001467094 -0.032371464 0.006366374 0.871705170
0.102724953 -0.245012958 -0.012328324 0.910964035
-0.036821603 0.075944115 -0.054650294 1.008304563
-0.001295575 -0.012870954 -0.093424534 1.105240164
0.037741848 -0.122175737 0.050173241 0.703166402
-0.020271107 0.063465720 -0.112153806 1.222612960
0.046843471 -0.191569674 -0.024409743 0.889185522
-0.044512734 0.032999906 -0.047290626 0.971301587
-0.049389542 0.036413671 -0.038808885 0.965364368
-0.067092555 0.052346383 -0.017306204 0.946011956
0.077455966 -0.106656993 -0.030446958 0.960466785
-0.002758209 -0.002378570 -0.090155580 1.038087991
-0.019727261 0.023075007 -0.100930011 1.054249638
-0.013673557 0.012783711 0.078461198 0.749284574
-0.038794042 0.060512631 -0.014125114 0.925198564
0.057044821 -0.140748972 -0.016795393 0.930806150
0.011156038 -0.035204773 -0.029064410 0.959024889
0.062684254 -0.164025314 -0.068759333 1.058262197
-0.022713778 0.075089173 -0.018361802 0.917149113
-0.037328891 0.121857536 -0.035544640 0.972134193
0.097939241 -0.392161358 0.131239377 0.338354937
-0.008984477 0.006424889 -0.042677524 0.964482428
-0.011224416 0.007992846 -0.035395922 0.959385307
-0.010209707 0.007079608 -0.029259019 0.953862094
-0.022508703 0.020608504 -0.062530063 0.990460243
0.048630261 -0.071872147 -0.036340347 0.956413614
-0.027708554 0.042636077 -0.017175670 0.927666598
-0.049690624 0.080005597 -0.006196203 0.909001503
-0.027806806 0.038426343 -0.035691572 0.965042704
0.029277212 -0.081450091 -0.052911329 1.001204191
-0.011863524 0.013173602 -0.020619626 0.926933276
0.042061606 -0.121639224 -0.042172280 0.980814911
0.010329807 -0.032790188 0.090157815 0.610290651
-0.012276182 0.039548978 -0.052417823 1.066532701
0.054155412 -0.212891077 0.138388433 0.341468935
-0.001078269 0.002313289 0.008619130 0.933290213
-0.042958576 0.031629504 -0.058463219 0.980247857
-0.016412999 0.007738485 -0.041261902 0.964766671
0.004761565 -0.015553536 -0.026991973 0.949069750
-0.006867501 -0.000435750 -0.028786354 0.951402445
-0.021899100 0.022111648 -0.067957922 1.010159796
0.021665779 -0.051948649 0.010190312 0.877307796
-0.020697529 0.028541637 -0.067627752 1.025162115
0.009798540 -0.035500107 -0.016720291 0.918256452
0.017950237 -0.054249009 0.003761350 0.871148678
0.035326681 -0.097690117 -0.032713418 0.962335600
0.010360206 -0.027783989 0.010327545 0.841820903
-0.048812395 0.161568336 -0.013156734 0.916970598
-0.007739559 0.005491560 0.026806297 0.765111084
0.056928074 -0.044747186 -0.135667630 1.060022686
-0.005044234 -0.001366571 0.254791990 0.786700956
-0.037376439 0.027732412 -0.030641548 1.043591134
0.077267055 -0.098375433 -0.010990504 1.021974985
0.014461691 -0.016728463 -0.099964416 1.137641066
-0.104218310 0.161291538 0.053346144 0.907675226
0.040541206 -0.084799645 -0.009878877 1.015157766
0.071646418 -0.143899547 -0.041442826 1.075129268
-0.065509675 0.144128235 0.006238817 0.974997822
-0.054565408 0.118956421 0.015034076 0.954768726
-0.009652073 0.006673084 -0.083611025 1.201381478
-0.037251534 0.083951573 -0.085182617 1.205781935
-0.070430859 0.190125413 0.004631580 0.918376503
-0.002476219 -0.068102214 -0.038309994 1.081554479
0.029740703 -0.020944900 -0.126777895 1.034493927
-0.037216150 0.025924897 0.360649846 0.693294514
-0.002808624 -0.005041876 -0.011422035 1.028159198
0.033480056 -0.044959424 -0.048421639 1.068858763
-0.008310082 0.009367752 -0.011338589 1.020650800
-0.063982590 0.092876514 -0.039441278 1.062804834
-0.016886272 0.012812772 0.006099644 0.985385265
-0.018874376 0.016590170 -0.004534127 1.005589429
0.034278781 -0.095031456 -0.073285681 1.149967686
-0.041812108 0.079977586 0.106096242 0.737389270
-0.007352271 -0.006172006 -0.146185779 1.368094324
0.004723360 -0.039983772 -0.038604429 1.066866549
-0.073873642 0.211526637 0.095741267 0.636960314
-0.055629456 0.142198731 -0.113854341 1.433423614
-0.029161806 0.012041881 -0.066635315 0.995358678
-0.015684106 0.002607491 0.367500506 0.691463609
-0.010879237 -0.001716891 -0.056605326 1.073158847
0.039618949 -0.057264897 0.002856852 1.007750450
0.011490127 -0.020697429 -0.042943348 1.067290708
-0.038026483 0.053577485 -0.034245840 1.054244446
-0.035339346 0.049009352 0.013674801 0.972779354
-0.029594276 0.038093719 0.044963078 0.913331628
0.050305116 -0.129694996 -0.150734150 1.324295789
0.032609221 -0.088994438 -0.114565166 1.241107127
-0.051783563 0.121987521 0.003238122 0.946598906
-0.016366649 0.022820165 0.007764099 0.933926171
-0.058628879 0.158059304 0.055131226 0.782351364
-0.033386110 0.062136779 -0.110681883 1.412441169
-0.015663085 0.007576791 0.053948167 0.901466785
-0.048977283 0.030896730 0.406903351 0.654398161
0.013489590 -0.025323454 -0.023445481 1.041712100
-0.002276358 -0.007980911 -0.024781236 1.043181430
0.009244506 -0.022958034 -0.015740391 1.031428331
-0.036281245 0.045330593 -0.014181134 1.029089446
0.006873866 -0.028033099 -0.031588983 1.058682790
-0.014030878 0.011685915 -0.019962497 1.036592467
-0.043030352 0.072584808 0.029264085 0.933216649
0.059171039 -0.162478388 0.003327727 0.992870273
-0.045050672 0.098075891 -0.115937013 1.291032122
0.006813149 -0.047142806 -0.140471425 1.359728474
0.002728422 -0.034071678 0.079595658 0.655513799
-0.029403765 0.088030629 -0.057103190 1.174969415
-0.007107606 0.008398922 0.162524293 0.832632984
-0.043995289 0.034220299 0.422935809 0.650344925
0.003095185 -0.008161125 -0.019862647 1.048863525
0.004821069 -0.010059598 -0.047564524 1.079335590
0.006240606 -0.011904996 -0.042045702 1.072161123
-0.006164941 0.006703324 -0.009756086 1.023726698
-0.011087100 0.015070995 -0.003315808 1.012778225
-0.006368672 0.006105982 -0.044114903 1.090296506
0.000321690 -0.007943779 -0.029064708 1.058691097
-0.006418492 0.007558640 -0.028301471 1.056935651
0.022489244 -0.064710698 -0.106394308 1.252167744
-0.010302668 0.027106652 -0.138276037 1.341436585
-0.017886792 0.051375849 0.077371014 0.651366012
0.072688367 -0.292809750 -0.101282305 1.330248612
0.024805740 -0.012272346 0.178636919 0.822830612
-0.031788525 0.027343639 0.398948216 0.668612707
0.014373768 -0.014202423 -0.019752975 1.045443769
0.004093026 -0.002893607 -0.030282747 1.057026518
-0.002268801 0.005376768 -0.030886524 1.057811428
0.017614516 -0.024448208 -0.016378756 1.036049777
0.000427596 0.004769557 -0.017100579 1.037276875
0.016981968 -0.026683749 -0.041053906 1.082788196
-0.002125543 0.013442022 0.005561112 0.984896663
-0.001650969 0.012350502 -0.041551282 1.093255167
0.019754379 -0.041162869 -0.077641817 1.183481506
0.018977886 -0.038988688 -0.120383323 1.303157720
0.031857123 -0.080202247 0.085144851 0.645467552
-0.024674208 0.134616808 -0.098183310 1.342114556
0.002158620 0.001692711 0.246639266 0.760388725
-0.036695639 0.028890692 0.455752638 0.614009367
-0.000514113 -0.003672680 -0.023942584 1.045735055
-0.010248487 0.007035131 -0.011841063 1.032423382
0.004254371 -0.011818584 -0.006464718 1.025434134
0.003078668 -0.010055029 -0.042733540 1.079837367
0.051783330 -0.092852957 -0.016589171 1.035391938
-0.013483290 0.031153620 -0.039209439 1.078370448
-0.008520550 0.020731866 -0.053336906 1.108038125
-0.016330852 0.038695560 -0.101990377 1.219941108
0.026268610 -0.067803095 -0.008970699 0.987391913
0.021779363 -0.055233204 -0.072722716 1.165897556
-0.001789776 0.020188041 0.108922737 0.584632098
0.007107729 -0.013622474 -0.136227020 1.516201163
0.040049367 -0.023977239 -0.013504327 0.958399028
-0.040758241 0.032588085 0.377323054 0.684819866
0.018604725 -0.020838582 -0.040314784 1.060693910
0.010877914 -0.012339090 0.003786684 1.012182294
-0.007446491 0.011482635 -0.041716685 1.071336672
0.001740712 -0.002298169 -0.024892682 1.046100667
-0.003009683 0.005777503 -0.004955532 1.012207511
0.011815296 -0.022389957 -0.012499695 1.026541420
0.006832032 -0.011925102 0.013143417 0.972690888
0.083732573 -0.188796344 -0.170024295 1.393976617
-0.115648731 0.309656917 -0.039843923 1.068525688
0.072667109 -0.217627426 -0.035546712 1.056493495
0.025560694 -0.066886896 0.068266403 0.724291525
-0.014221632 0.084285940 -0.050341937 1.175003210
-0.010484075 0.002740640 -0.086326902 1.017697724
-0.004818607 -0.001225187 0.328691323 0.727184971
0.010273425 -0.014808016 -0.040543666 1.059496453
0.014348671 -0.019290787 -0.001603366 1.016662121
0.004684568 -0.006727454 0.017620917 0.991670555
0.001561454 -0.002042782 -0.071206672 1.124911938
0.026350712 -0.044184523 -0.009527210 1.020056850
-0.031283234 0.065319975 -0.019588775 1.039173825
-0.004772897 0.009648268 -0.012448427 1.024179094
0.027398321 -0.064345531 -0.063270911 1.141070805
0.027135578 -0.063688673 -0.106262383 1.248549484
0.061432863 -0.159721070 -0.094931103 1.216821901
0.026749687 -0.048734906 0.062715322 0.712353334
-0.037890270 0.196896928 -0.060321543 1.179893415
0.009435714 -0.017523043 -0.152118215 1.061112170
-0.031964995 0.011457453 0.349929950 0.709678461
0.047395805 -0.059967265 -0.022400612 1.044775957
-0.001106556 -0.006614667 -0.061134122 1.087382819
-0.071862672 0.085368280 0.023973578 0.976742813
0.069868450 -0.127228403 -0.062450156 1.106378414
0.033096344 -0.064715820 0.002037884 0.996748744
-0.026133357 0.047820609 -0.027593384 1.053048152
-0.000320054 -0.006387325 -0.010683832 1.017538094
0.012772578 -0.036500378 -0.049271870 1.106290579
0.020068905 -0.054741193 -0.098709678 1.229885101
0.037496016 -0.103537103 -0.012688336 0.989025345
0.083643242 -0.251208231 0.035679545 0.834248126
0.067448182 -0.189667004 0.024071784 0.878357615
0.050642461 -0.014696191 -0.089561647 1.041318509
-0.088175574 0.082476432 0.228359415 0.818773769
-0.073838639 0.069573190 -0.035025469 1.055820159
-0.056345641 0.050330892 0.007309916 1.009251234
0.002533448 -0.026211921 -0.082532744 1.126046688
0.003712046 -0.027979818 -0.077558737 1.118585678
-0.012465617 -0.000477789 0.010772947 0.968421810
-0.013447595 0.001387968 -0.067922795 1.117943719
-0.042165685 0.061695954 0.121034951 0.721132470
0.085974166 -0.233025697 -0.289649894 1.665707594
-0.076262913 0.172567002 -0.035083101 1.029290611
-0.026813050 0.034107387 -0.035125605 1.029409622
-0.082687333 0.212905094 -0.064592670 1.123704231
0.037228067 -0.242773418 0.010726751 0.837490437
-0.017745112 0.001945359 0.013086797 0.957898199
-0.035051142 0.014059580 0.203091812 0.824894690
0.030818188 -0.045222816 0.000663400 1.007080257
0.001107222 -0.012540753 -0.067013824 1.081525205
0.010567240 -0.024838775 0.010078547 0.981305126
-0.062858266 0.085299483 -0.043106665 1.061082944
-0.023345304 0.018127446 -0.025175223 1.030599491
-0.028323867 0.027586716 -0.006602707 0.995311712
0.070432752 -0.179802176 -0.070514066 1.129525560
-0.077627422 0.160736219 0.069201572 0.808179599
0.006965338 -0.050745681 -0.099073267 1.228866696
-0.025802183 0.041003376 -0.050253260 1.092170679
-0.057660555 0.142950168 0.019272966 0.869686752
-0.033069115 0.049502697 -0.080214669 1.247739762
-0.031583695 0.010165963 0.024756791 0.946494281
-0.032971289 0.011137279 0.308426637 0.747925392
0.008811753 -0.026467458 -0.100475526 1.115937328
0.029818827 -0.049575240 -0.037308647 1.046453760
0.020103226 -0.036944960 -0.036339453 1.045193808
-0.065935369 0.092112933 0.009991822 0.975696895
-0.011232136 -0.000882565 -0.027326951 1.039138812
-0.014338461 0.005019453 0.040455475 0.910352204
-0.010337846 -0.003381840 -0.111426983 1.229305350
0.106390426 -0.271856859 -0.193809225 1.418784503
-0.083327305 0.202437469 -0.074293625 1.119995504
-0.027504990 0.046134989 0.057958202 0.749690395
-0.024222189 0.035630026 0.045795845 0.788609936
-0.012914679 -0.007338512 -0.095208516 1.324426504
-0.025445292 0.016542846 0.148698696 0.844851668
-0.081939160 0.056088553 0.370160959 0.689828087
0.021002311 -0.036558769 -0.088552215 1.102669933
-0.017040159 0.005287949 -0.039033904 1.048199789
0.033002516 -0.059767526 -0.018829401 1.021933936
-0.044304345 0.056192766 -0.015900727 1.017540926
0.015863232 -0.046092119 -0.028091977 1.038266051
-0.010005332 0.003058153 0.020278401 0.946362333
-0.056191520 0.100049144 -0.062353298 1.119888894
0.062755303 -0.173528545 -0.016268190 1.013893148
-0.020034726 0.033446529 -0.116516569 1.264514095
-0.027871703 0.055390062 -0.045809437 1.066534129
0.004842049 -0.049293945 0.081392738 0.659487162
-0.050367569 0.160502603 -0.151279131 1.543640253
-0.032808843 0.027672201 0.185980510 0.818764532
-0.063444194 0.049116946 0.379661344 0.683187950
0.019818896 -0.025819833 -0.077823382 1.094924193
0.009981133 -0.014998293 -0.030044924 1.042367888
0.012567301 -0.018360312 -0.050672877 1.069184226
-0.010755605 0.016624047 -0.023806089 1.028884045
-0.011715331 0.018255582 -0.013620560 1.011568645
-0.014776271 0.024071369 -0.009267333 1.003297514
-0.006953786 0.007644150 -0.075573307 1.142540052
-0.007073798 0.007920179 -0.026527339 1.029734327
0.001842718 -0.014371113 -0.073198489 1.146412203
-0.004123032 0.002332986 -0.100054568 1.221609223
-0.051084287 0.152609005 0.036721434 0.783926010
0.041424682 -0.198925073 -0.025278331 1.019525115
-0.012212904 0.013373522 0.279545503 0.746862314
-0.038909840 0.032061377 0.432494607 0.639797943
-0.001547411 -0.001564808 -0.092985608 1.112730123
0.004611980 -0.008340138 -0.038759126 1.053080992
0.005901797 -0.010016900 -0.022069509 1.031384490
0.003081450 -0.005786380 -0.044666518 1.065280004
-0.005243836 0.008366607 -0.001533628 0.991954089
0.017198177 -0.034273217 -0.035260034 1.056034260
0.007138478 -0.013147851 -0.014462170 1.012358746
-0.029163304 0.070346246 -0.066274091 1.131526162
0.005929513 -0.017385796 -0.060686280 1.117556636
0.032301201 -0.091226521 -0.132215290 1.317837859
0.000560624 0.010343328 0.081605129 0.633612508
-0.003916052 0.027354696 -0.180006559 1.627736914
-0.018977065 0.013431033 0.200924885 0.800588542
-0.054707123 0.038442073 0.422025050 0.645818430
-0.010154152 -0.001655600 -0.075615030 1.093694490
0.020715960 -0.035612724 -0.039829030 1.054329889
-0.043665118 0.048082676 -0.022859270 1.032269201
0.031158772 -0.064153160 -0.041133454 1.059680477
0.041031352 -0.080936546 -0.027534077 1.036561537
-0.019767420 0.034581118 0.001982153 0.980480699
0.005119435 -0.017681274 -0.086612383 1.166529216
-0.012879017 0.023715165 -0.010282693 0.990970933
0.065073875 -0.171167065 -0.124041259 1.275367349
0.021699273 -0.049718182 -0.033165358 1.020914829
0.033943137 -0.088898547 0.063102752 0.712856874
0.025521127 -0.056894910 -0.132204451 1.455024236
-0.023332379 0.014249294 0.227899863 0.784339630
-0.063167896 0.042134155 0.397057259 0.665929455
0.049120921 -0.058925777 -0.052645194 1.070661651
-0.012629265 0.008999429 -0.033608091 1.049720838
-0.023140119 0.022663539 -0.061303661 1.085725077
0.034806254 -0.064256021 0.017229315 0.967925614
0.023318717 -0.044727208 -0.029277216 1.046986718
-0.001059906 0.001592175 -0.031419110 1.051056316
-0.047944226 0.100049244 -0.151019060 1.302216201
-0.019382229 0.034356652 -0.064044281 1.102174214
0.063632229 -0.173179494 -0.020657781 0.993707963
0.009308163 -0.021072111 -0.027969920 1.014181952
0.029967494 -0.087181972 0.072732679 0.691933631
-0.006108319 0.049906118 -0.094187042 1.326228561
-0.017293460 0.005387809 0.102238065 0.877433833
-0.027584146 0.012591289 0.365282319 0.693302859
0.042258877 -0.050267431 -0.048304189 1.065530706
-0.038212477 0.038251061 -0.004561545 1.017413797
-0.048863452 0.052097329 -0.093279459 1.132747080
0.079203336 -0.140002854 -0.005713104 1.001397548
0.046907240 -0.085099489 0.026307413 0.946962667
-0.017357706 0.037003908 -0.082611471 1.153908545
-0.042740584 0.090307948 -0.022462005 1.027594672
0.124737768 -0.294892253 0.062337503 0.832555808
-0.068199146 0.187450032 -0.153100515 1.371150852
0.090748668 -0.257603839 -0.052922504 1.090652428
0.046758715 -0.116835989 0.032223170 0.818186265
0.071067572 -0.209209645 -0.048480558 1.124860429
-0.032253654 0.008352558 -0.103967792 1.027275744
0.035356919 -0.038974842 0.370708726 0.695002187
-0.033380973 0.022889258 -0.084732751 1.104899505
0.022040739 -0.038074626 0.003288985 1.008075594
0.008676586 -0.020701227 0.013688203 0.994556611
-0.002750628 -0.003560407 -0.167478283 1.266306340
0.017734684 -0.038385438 0.067558313 0.866744116
-0.003912327 0.002743882 -0.019962199 1.033033086
0.015181070 -0.037352250 -0.007753966 1.007395799
-0.080419747 0.182529625 -0.214339742 1.482543072
0.123601228 -0.327522812 0.006174645 0.931257106
-0.013810190 0.057229152 -0.199564499 1.507326699
-0.015887293 0.063875882 0.130320907 0.451693383
0.047040548 -0.175249910 -0.050421062 1.138512859
-0.086895438 0.086752117 0.048097673 0.887631981
-0.152467270 0.132652399 -0.052413049 0.957989486
0.059960403 -0.058532501 -0.041218986 0.947914829
0.012357521 -0.006169330 -0.059953353 0.968522633
-0.026979291 0.044968524 -0.034005038 0.934789824
-0.055723999 0.088085586 -0.069682283 0.988305693
-0.048597540 0.075970605 -0.091627273 1.025612176
0.001466452 -0.019150978 -0.050317365 0.947123352
0.021890122 -0.062040683 -0.001030564 0.843621075
0.057719967 -0.144449326 0.013504323 0.810190835
0.021440614 -0.053750942 -0.050115991 0.969241619
0.032455228 -0.084591861 0.085720846 0.588898482
-0.036389087 0.135709949 -0.052356331 1.030745456
0.001408394 -0.007920475 -0.001250357 0.836542756
-0.065020569 0.055317696 -0.009785593 0.926906318
-0.028019561 0.029416991 -0.073511009 0.971514108
-0.087335357 0.082801206 -0.027778142 0.930354529
0.041241900 -0.058633780 -0.075376359 0.982712568
0.029926913 -0.043924296 -0.006935297 0.893739191
0.003054419 -0.003615556 -0.090521254 1.019118128
-0.075249071 0.129500382 -0.023052403 0.904421076
0.039825067 -0.089140479 -0.104790963 1.059724340
-0.050815360 0.101204409 -0.090905406 1.030564671
0.035742848 -0.097879465 -0.023395116 0.875291006
0.069041127 -0.181125161 -0.010530553 0.843129599
0.049864121 -0.127429547 0.020015682 0.757600143
-0.052561403 0.200332134 -0.066274912 1.033730047
0.000966414 -0.003073566 -0.025619642 0.879240026
-0.055423510 0.032661001 -0.057857040 0.954440059
0.041975273 -0.035518146 -0.046586993 0.946551026
-0.013805030 0.014684125 -0.022176499 0.924581582
-0.049173721 0.053589687 -0.052893181 0.958369933
0.022122731 -0.039095698 -0.044550289 0.947524174
-0.005973723 0.003048983 -0.088790932 1.013885138
-0.049712792 0.077405403 -0.052515287 0.952216540
-0.019934930 0.020827465 -0.117609543 1.075895625
0.038297814 -0.101461292 -0.077731293 0.992151303
0.001431605 -0.016669013 -0.050290513 0.929037511
-0.018989919 0.034384797 -0.040124661 0.903622882
-0.016701637 0.027977607 -0.058936165 0.956295090
0.035061882 -0.137665655 0.040389504 0.638452945
-0.061055684 0.227581091 0.061898459 0.556718920
-0.006642882 -0.003847646 -0.087368195 0.978392872
0.044241605 -0.039466787 -0.047555569 0.950524034
0.027666745 -0.024549413 -0.035493365 0.939668051
-0.052752467 0.063911722 -0.030898761 0.934613986
0.026318644 -0.038880718 -0.102418041 1.027589046
-0.029556100 0.044931397 -0.029396706 0.918057044
0.009286543 -0.021101098 -0.028093765 0.915842045
-0.019587657 0.033759881 -0.092437300 1.038094760
0.020744042 -0.050936683 -0.089182832 1.031260378
0.005240720 -0.015279041 -0.118524106 1.098745305
-0.062691163 0.154550666 -0.031482384 0.881141000
0.032099499 -0.110863183 -0.026055121 0.865944665
-0.001444329 -0.003522931 -0.012982192 0.824111290
0.016659472 -0.072317375 0.023440199 0.685706209
0.010672003 -0.015254151 -0.122902103 1.003038023
0.031240914 -0.029652388 -0.052092973 0.953471632
0.022317436 -0.021621258 -0.054737912 0.955852078
-0.080771907 0.091777021 -0.007949772 0.904385123
0.053722672 -0.083065925 -0.107029055 1.033188186
0.017595892 -0.028875755 -0.037401608 0.928747015
-0.007668627 0.014073929 -0.048572140 0.947736921
-0.025183943 0.047353028 -0.043385044 0.937881439
-0.020343924 0.037188989 -0.104890739 1.067043391
0.053731953 -0.133185526 -0.129127174 1.122787190
0.000676382 -0.000546597 0.015428665 0.761397594
-0.070117958 0.197677551 -0.017011907 0.852231192
0.002088504 -0.033383129 -0.092075780 1.092435590
-0.008604585 0.007250608 -0.042680355 0.904732980
0.054174125 -0.043529836 -0.076954071 0.973758074
0.011729495 -0.013818596 -0.040895047 0.948516758
0.037806166 -0.037287599 -0.076945406 0.980962079
-0.035253025 0.043077513 -0.038350834 0.938508050
-0.012464624 0.013452592 -0.049032855 0.952394677
-0.035808707 0.048468716 -0.032143883 0.927061218
0.052341024 -0.101385830 -0.033999098 0.930215083
-0.058356528 0.108939515 0.007158520 0.852015610
0.007008047 -0.028326085 -0.115656527 1.109927198
0.008109447 -0.030859306 -0.142791237 1.172337030
0.014335779 -0.046425135 0.025456353 0.751718054
-0.003312227 0.002989281 0.089233496 0.573142056
0.040843520 -0.138309110 -0.080460422 1.116162603
-0.019889523 0.092476451 -0.041566270 0.968364827
0.033859137 -0.024415177 -0.039920809 0.952356697
-0.050661737 0.034749434 -0.050534609 0.959786357
0.053262685 -0.058782543 -0.091157236 0.996346720
-0.029893967 0.032689776 -0.016786462 0.914538867
-0.003348029 -0.001819941 -0.064108356 0.976057328
-0.003670425 -0.001336348 -0.041839172 0.942653552
-0.012428248 0.013551952 -0.006226303 0.882111673
0.047657652 -0.100611258 -0.105270483 1.070295611
0.053022141 -0.111876683 -0.059314654 0.973788375
-0.004444606 0.020296831 -0.028742843 0.903473211
-0.023289546 0.067409182 -0.043706106 0.940881369
-0.045172446 0.128681300 0.027020567 0.742846687
0.015271130 -0.064738145 -0.130939008 1.248317334
-0.023436251 0.082349900 0.086785262 0.420965120
-0.016993569 0.018146550 -0.028910937 0.943245501
-0.047056717 0.039190754 -0.076994006 0.976903649
-0.031310990 0.025019599 -0.021907384 0.927325691
0.016340696 -0.027397256 -0.112481754 1.026957499
-0.013729854 0.011694458 -0.039916327 0.932622448
-0.020891400 0.022436776 -0.112678978 1.041766424
0.022585926 -0.051474681 -0.130921649 1.072778966
0.026444215 -0.058805430 -0.069526459 0.956128106
-0.048828025 0.099266268 -0.087038556 0.992903509
-0.039447895 0.077691970 -0.036155573 0.875872650
-0.029444836 0.052684321 -0.072166931 0.965901046
-0.004172939 -0.018076989 -0.056628869 0.922394474
-0.009785861 -0.000115638 -0.032902266 0.846469341
-0.030562595 0.078835952 0.067940284 0.463267657
-0.073129106 0.064850870 -0.026200415 0.943649948
-0.037645216 0.040012147 -0.084614759 0.984539988
0.009687420 -0.002587223 -0.019816155 0.926221247
-0.089420205 0.106431167 -0.101832486 1.016439212
0.018877166 -0.034355411 -0.075591189 0.982325527
-0.027372502 0.035019092 -0.111060116 1.035528918
-0.010997853 0.007182186 -0.142437867 1.088871096
-0.000711023 -0.012362789 -0.063567184 0.939016801
0.027057531 -0.070676751 -0.095775701 1.006654682
-0.047144692 0.099988360 -0.014855858 0.820539048
-0.129622931 0.306183956 -0.040725675 0.885213590
0.014570659 -0.097558089 0.172172744 0.289098028
0.045039891 -0.195059631 -0.161889619 1.358097604
0.022701460 -0.110173596 0.117451630 0.296600872
-0.109556287 0.096468903 0.058125261 0.892894505
-0.028632220 0.039822057 -0.069679324 0.982357713
-0.025514624 0.037016220 -0.090561190 1.001151391
-0.074507972 0.090908905 -0.011302535 0.913966869
-0.009483923 0.006377644 -0.093916930 1.021365579
0.015366474 -0.030897952 -0.121135087 1.062192814
-0.069911347 0.114074348 -0.009383265 0.872214711
-0.064551760 0.103891134 -0.021847196 0.895896181
-0.059989751 0.094310915 -0.090314426 1.039677357
-0.030473557 0.026423669 0.007488428 0.814730798
0.013990678 -0.084736917 -0.094538743 1.069798726
-0.024736369 0.023698811 0.103482877 0.515338197
0.070495902 -0.281044460 -0.039975053 0.974403582
0.004290883 -0.029465389 -0.040980207 0.978223167
0.096698463 -0.071537305 -0.024340452 0.972055883
0.030886734 -0.025469095 -0.059475604 0.996650489
0.003169114 -0.000523238 -0.001266598 0.944262385
-0.012287376 0.016478902 -0.081185430 1.032173101
-0.009400868 0.012726441 -0.085318664 1.037546306
0.001609187 -0.003788641 0.006899534 0.899219009
0.008670012 -0.015792044 -0.055407902 1.005141652
-0.006514272 0.013058096 0.014253264 0.872785440
-0.055272395 0.115450148 -0.025508994 0.956286177
0.047207352 -0.120253264 -0.024863178 0.954800800
0.023656344 -0.061375744 -0.041467753 0.996312237
-0.009089722 0.030313239 -0.058823214 1.044907528
0.046870510 -0.148759507 0.030644541 0.758610708
-0.001233218 0.034034657 0.099418840 0.497268376
0.067654200 -0.045489482 -0.065216724 0.993230851
-0.006565328 0.006464186 -0.072749559 0.998503836
-0.028719308 0.026402768 0.004507600 0.928972394
-0.011183421 0.007113291 -0.122066482 1.068203888
-0.006307027 0.000773979 -0.033365480 0.952892590
0.047752569 -0.080315414 -0.005907713 0.911705939
0.038198537 -0.064073560 -0.035162283 0.961438709
-0.044382799 0.092830976 -0.066460693 1.020905687
-0.099035995 0.207602683 -0.059167729 1.005590463
0.014152728 -0.052731375 -0.087726393 1.071275391
0.023774248 -0.076785173 0.014245314 0.816346123
0.008275191 -0.033387817 -0.023668403 0.922504527
0.101590293 -0.331996146 -0.008055569 0.872543459
0.005938737 0.031479762 0.093644565 0.486082954
0.019266554 -0.006999040 -0.075793867 1.001337352
-0.017654368 0.018845605 -0.042239132 0.977849038
-0.047543201 0.045745554 -0.119032831 1.046963365
0.024695048 -0.033716522 0.047614293 0.863651524
0.007711183 -0.011637497 -0.083632449 1.034272283
0.001379314 -0.002139694 -0.046911824 0.979191346
0.009550476 -0.016030670 -0.009800497 0.916102088
0.015086889 -0.026549854 -0.049116629 0.990802737
0.004514688 -0.004348233 -0.033223323 0.957426796
0.043807233 -0.094721086 -0.042495419 0.978752618
-0.023381586 0.073250964 -0.099029954 1.120088954
-0.033718633 0.102194693 0.059234188 0.676949365
0.018056839 -0.063486819 -0.030176644 0.963064032
0.094988433 -0.355826874 0.093155434 0.494402139
-0.013262423 0.016883714 -0.073719029 0.997281017
-0.014399580 0.017679724 -0.057250265 0.985752882
-0.060067239 0.058780616 -0.063459262 0.991340980
0.009329283 -0.017555559 0.018268234 0.901440732
-0.000874963 -0.004290040 -0.086522678 1.037668912
-0.058907133 0.082758214 -0.052503335 0.986639898
0.060597959 -0.120400448 -0.151683146 1.155245582
-0.018423756 0.029740809 0.004788937 0.857948628
-0.024739978 0.043004874 0.029618435 0.805806684
0.007176495 -0.030403012 -0.011486706 0.900348507
0.002962656 -0.019868413 -0.040715741 0.973421093
0.085027375 -0.249649622 0.006446539 0.841366713
-0.052468819 0.190338204 -0.097643848 1.174455955
0.067552113 -0.265741333 0.081088175 0.495274276
-0.044245881 0.033142550 -0.066378419 0.988200458
0.001944450 0.000809319 -0.059602562 0.983457358
-0.026814719 0.026692571 0.015608963 0.915766988
0.025386539 -0.030728814 -0.127723263 1.073432439
-0.001050951 0.003639921 -0.027774268 0.943498751
0.000972253 0.000605116 -0.079333465 1.020837547
-0.087531261 0.151061094 0.052802880 0.796205754
0.015420104 -0.044546498 -0.037697567 0.968156601
0.028590798 -0.072204953 -0.088784674 1.075439519
-0.009718817 0.015907158 -0.085190216 1.067172268
0.046117263 -0.123683042 -0.055424580 0.992758177
-0.002255501 0.011760696 0.111973706 0.524042984
0.012592637 -0.035753347 -0.117068905 1.256979352
0.118007169 -0.436328562 0.108382857 0.400262664
-0.047384503 0.032275747 -0.023415090 0.955779374
-0.016900000 0.010936595 -0.049858394 0.974289687
0.060070215 -0.058336596 0.036224714 0.896814891
-0.013775437 0.022893622 -0.083541006 1.028557186
-0.032741745 0.047549822 -0.022022123 0.948582641
-0.018608443 0.026349869 -0.011730489 0.933145191
-0.007828943 0.008024718 0.009485785 0.897077524
-0.033775690 0.057323536 -0.013430421 0.940618315
0.024346778 -0.064733640 -0.071307106 1.062159347
0.038241037 -0.096690435 -0.069927259 1.058985698
0.059978630 -0.151034416 0.027513310 0.815384278
0.002968320 0.008594448 -0.064545556 1.073149098
0.018907993 -0.042412508 0.019638939 0.803758710
0.033119253 -0.096415294 -0.068808202 1.139857841
-0.036007752 0.019739784 -0.016437770 0.952588320
0.023526794 -0.021934398 -0.025483073 0.958920033
-0.004031825 0.002868359 -0.012608168 0.947332618
-0.028453773 0.029732503 -0.127646671 1.073874974
0.000738366 -0.008217278 -0.003307163 0.912233620
-0.105664088 0.151386404 -0.110009882 1.072287699
0.003774587 -0.034659348 0.012169187 0.864583276
0.041057100 -0.105496123 0.052768607 0.787444378
0.057751553 -0.140554472 -0.013792213 0.927222095
0.007315362 -0.024551237 -0.063117131 1.040669404
-0.001385808 -0.002798310 -0.052416730 1.013918401
0.030743756 -0.092761089 -0.111445013 1.179197589
-0.073923460 0.242174009 0.036155389 0.706876298
0.203793918 -0.813152014 0.069588874 0.579829055
-0.024512589 0.020030659 -0.053024295 0.975249113
-0.061726716 0.046080548 -0.034422877 0.962228120
-0.069129804 0.052743327 -0.025113517 0.953849697
0.075590582 -0.106449101 -0.048438328 0.979506990
0.021428435 -0.036038313 -0.060206637 0.994805791
-0.019421042 0.025235903 -0.100092864 1.054635131
-0.016427952 0.020147649 0.064052068 0.775588739
-0.028243839 0.042597834 -0.002248586 0.901559980
0.059307751 -0.141260495 -0.030293457 0.960454207
-0.003247405 0.002616359 -0.010478196 0.914879107
0.029797362 -0.079995559 -0.042481827 0.994888183
-0.045740254 0.131509764 -0.047664929 1.009400870
0.011341938 -0.051153255 -0.082261178 1.120108869
0.068751403 -0.269309218 0.082386439 0.494447932
0.019416016 -0.016675356 -0.030293168 0.957752020
-0.004261255 -0.000101266 -0.031147899 0.958350332
-0.005275950 0.000811960 -0.043316175 0.969301780
-0.021645404 0.018818359 -0.057969412 0.985420341
0.050252860 -0.074649380 -0.031241469 0.950674016
-0.020163676 0.030975423 -0.008032916 0.915861186
-0.038896396 0.062821048 -0.030432354 0.953940233
-0.016180618 0.019661070 -0.040962711 0.973947910
-0.018430040 0.024384857 -0.046672512 0.985938491
0.024441913 -0.074220633 -0.045416940 0.983050677
0.001682320 -0.017321650 0.020532611 0.818176798
0.038285311 -0.119810024 -0.054580705 1.028494081
-0.032466361 0.106595331 -0.013670129 0.897580234
0.099354332 -0.394323297 0.207184416 0.058332972
0.042388537 -0.034160366 0.002936125 0.937832236
-0.014897944 0.005940170 -0.056161884 0.979200842
-0.023983988 0.014117610 -0.038030138 0.962882271
0.018696065 -0.032830450 -0.039878800 0.964915799
-0.003072749 -0.004530993 -0.027947121 0.949404617
-0.055121864 0.073542680 -0.096599139 1.052382643
0.059176169 -0.120763982 0.073966708 0.762420695
-0.022236694 0.033920456 -0.110015908 1.111987663
-0.034978479 0.060678204 -0.039917519 0.964781052
0.087055341 -0.219999576 0.094476320 0.655675229
0.039320521 -0.100662528 -0.102076944 1.147058388
-0.039944098 0.121278402 0.001061409 0.858271004
0.006845216 -0.028447404 0.004994274 0.845685837
-0.008767890 0.030882397 0.087579494 0.531862005
0.066901915 -0.038232436 -0.043348971 0.995575817
-0.032948424 0.031662801 0.249636188 0.790486209
-0.027247147 0.026531652 -0.038601747 1.049900344
0.076556599 -0.087652471 0.015580660 0.990299695
-0.003546154 0.016481104 -0.078538936 1.112655165
-0.072185816 0.119440597 -0.004790722 1.002032844
-0.011004941 0.015433106 0.024374434 0.952452077
0.062410579 -0.124056381 -0.029087971 1.054030646
0.014613468 -0.023682451 -0.143769647 1.294862155
-0.050591634 0.126289278 0.087415257 0.763136886
0.035961292 -0.090093036 -0.091038957 1.209272421
-0.067854589 0.200591426 -0.038815728 1.063047381
-0.032962231 0.088935878 -0.062125931 1.137640034
-0.060525689 0.193677019 -0.072304536 1.176318733
0.012682952 -0.000309784 -0.017508567 0.955235631
-0.040709761 0.037065115 0.369474612 0.684347410
0.010956446 -0.009434471 -0.010620353 1.026432869
0.032932145 -0.033607740 -0.031409871 1.049301339
-0.036751682 0.056981232 -0.043007125 1.064377769
-0.013869475 0.022657921 -0.008738933 1.012975481
0.015175969 -0.026719335 -0.014718776 1.023141215
-0.046015545 0.089544540 0.052966196 0.894539769
0.039303067 -0.089624536 -0.218117781 1.463816096
-0.094671794 0.218517637 0.054948317 0.835764083
-0.003641764 -0.009057439 -0.040974624 1.075571434
-0.049163562 0.118403593 -0.108733449 1.265296143
-0.001702470 -0.033471901 0.136508665 0.480521365
0.016549771 -0.102830417 -0.124010451 1.470493994
-0.025455354 0.020733994 -0.014039577 0.950337261
-0.047300206 0.036025391 0.401671553 0.659339476
0.026013083 -0.029956568 -0.042738308 1.059308340
0.016600864 -0.019603126 -0.004531743 1.017281117
0.010883165 -0.012170118 -0.074059051 1.107666615
0.000060357 0.004064095 -0.015225705 1.019416595
-0.050984942 0.090841105 0.023827263 0.953026547
-0.050459336 0.089842453 0.055140575 0.893531257
0.105649298 -0.237985664 -0.144917036 1.313652220
-0.060824148 0.144903255 -0.134422151 1.289513985
-0.052350377 0.123718826 0.006650886 0.936831392
0.049478904 -0.161403154 -0.021808440 1.016517504
-0.082014931 0.259377123 0.126228353 0.542799760
0.014806135 -0.108542921 -0.015560837 1.081598672
-0.030309713 0.023550315 0.194889915 0.798753017
-0.030553488 0.023720958 0.433608617 0.631649928
0.015697572 -0.017904995 0.005219577 1.017200054
0.023724681 -0.026734816 -0.077269701 1.107938262
0.014586105 -0.014854668 -0.042869736 1.063218310
-0.039583573 0.066399850 0.042658736 0.934925601
-0.005619875 0.008661562 -0.050879735 1.093941007
-0.027270100 0.049796988 0.007465186 0.983085657
-0.009173667 0.011794481 -0.031987421 1.065936129
0.046715157 -0.116749812 -0.124366850 1.278408811
-0.002401261 0.006041234 -0.092086012 1.197706716
0.001856323 -0.005880003 -0.070902390 1.138392577
-0.089697650 0.287092716 0.138274453 0.469026667
0.017607544 -0.120667015 -0.161379138 1.607710301
-0.030953262 0.032065876 0.290343779 0.739707580
-0.051328522 0.046328558 0.431672360 0.640777575
0.014696308 -0.013093788 -0.030222528 1.056482964
0.007040486 -0.004672383 -0.015652185 1.040455586
0.011664610 -0.010683744 -0.025183552 1.052846363
0.002821686 0.002580642 -0.050257432 1.090457183
-0.029502441 0.057531659 -0.032525074 1.060312173
-0.006282757 0.013414259 0.031757962 0.938174406
-0.023270609 0.049088748 -0.059758112 1.130358154
-0.042746788 0.093883958 0.008531807 0.973291343
0.008017487 -0.033026730 -0.104216950 1.255163234
0.043512373 -0.132412409 -0.122070730 1.305153819
-0.003798243 0.018981565 0.159823423 0.403092514
-0.028509299 0.112883575 0.013123900 0.960550693
0.011617831 -0.001018304 0.234413757 0.782497101
-0.037133222 0.033107432 0.422421123 0.650891947
0.018455296 -0.016922233 -0.035566083 1.063080422
0.016978774 -0.015298059 -0.051538367 1.080649934
-0.031358214 0.047540023 -0.019055004 1.038421564
0.010174137 -0.014758503 -0.004147290 1.016059993
0.017147413 -0.026613072 -0.015123492 1.034719537
-0.031717703 0.066230646 0.005252959 0.996004280
0.034025838 -0.071830783 -0.088781395 1.193476415
0.066797147 -0.147204792 -0.040736487 1.082973128
-0.060288006 0.170508090 -0.029478873 1.054829093
0.043035519 -0.118797774 -0.161660573 1.424937848
0.042826087 -0.118127592 0.111771740 0.549954432
-0.019867126 0.120106613 -0.241511330 1.892430080
0.001563018 0.004666632 0.278837101 0.735058240
-0.047763533 0.039195217 0.475956826 0.597074435
0.030183201 -0.030956842 -0.001960396 1.027199924
-0.012302226 0.015777129 -0.059319160 1.090294565
-0.028240791 0.036497262 -0.006099342 1.021108804
0.022489990 -0.039598908 -0.017556544 1.038294607
0.014735229 -0.026415814 -0.015864974 1.035418938
-0.064171721 0.123507388 -0.054629465 1.109071469
0.080594743 -0.180502174 -0.059265778 1.118807728
0.019340336 -0.039617039 -0.107842956 1.230535234
-0.011873764 0.038418211 -0.033577686 1.044872059
0.027851874 -0.072813573 -0.070281161 1.147641787
-0.016446223 0.068940339 0.122066160 0.532130352
0.002240416 -0.002068891 -0.082559516 1.309707910
0.043215368 -0.025167530 0.038228633 0.922179400
-0.027831588 0.024565338 0.373510741 0.687481929
-0.006364520 0.005244978 -0.043364753 1.062669863
0.026763394 -0.031195728 0.017528540 0.995687239
-0.013660513 0.021355349 -0.051774966 1.085781794
0.016015198 -0.023158217 -0.019720788 1.037700527
-0.026719739 0.049491177 0.031878364 0.949981967
0.044156931 -0.085174494 0.025174031 0.962720199
-0.017552809 0.044415954 -0.037338725 1.093996979
0.039268322 -0.086272646 -0.255543231 1.595867332
-0.045135107 0.124735928 -0.021881465 1.011712917
0.049858490 -0.141246139 -0.045544643 1.077969817
0.048439985 -0.136706925 0.099540369 0.613697771
0.004901076 0.028740929 -0.077515622 1.286510526
0.013853660 -0.012497577 -0.059743229 0.992787452
-0.022059966 0.012641961 0.357304833 0.700853814
0.026162701 -0.030758437 -0.041404953 1.059692611
0.001431961 -0.003554624 -0.003876687 1.018411519
0.030811518 -0.041748046 0.001676678 1.011192144
-0.026632142 0.044417444 -0.061543569 1.106022515
0.012034619 -0.021316052 0.024162540 0.960322126
0.050097023 -0.093634617 -0.041624323 1.085317162
-0.013607057 0.040143945 -0.018936987 1.037673760
-0.003651640 0.017246486 -0.036554328 1.078193643
-0.039714616 0.107403925 -0.163167344 1.394726182
0.073139620 -0.208587931 -0.073159916 1.142705388
-0.000573114 0.027292823 0.001583596 0.903526146
-0.016562870 0.088053893 -0.104560337 1.306873087
0.045756314 -0.043061400 -0.095981067 1.023236844
-0.042360851 0.018620615 0.340379795 0.717784246
0.065250297 -0.078229416 -0.021126861 1.043140228
-0.006546925 0.000747530 -0.056486746 1.082036102
-0.062939747 0.074058196 0.012789962 0.991976385
0.085584118 -0.148727602 -0.044009079 1.077174946
0.020633267 -0.038311151 0.004170538 0.995269594
-0.027332970 0.052824696 -0.061536751 1.120113443
-0.030196875 0.058838897 -0.023285145 1.039785073
0.094291266 -0.227483821 -0.163543185 1.362378559
0.030726904 -0.068572916 0.111236789 0.675428624
0.015169798 -0.025013019 -0.117352130 1.315477585
0.005022608 0.007457989 0.032954917 0.834495029
0.015655298 -0.032946234 0.022385941 0.874657135
0.041315190 -0.009687519 -0.072031919 1.033040377
-0.087408136 0.080418808 0.193308305 0.847302222
-0.088721748 0.081601058 -0.014020201 1.033897873
-0.061370082 0.051514225 0.002150536 1.016110062
0.007411677 -0.037902059 -0.054460751 1.089704732
0.003432612 -0.031933461 -0.063391611 1.103101022
-0.054270402 0.066161666 -0.044669525 1.071273475
0.011008423 -0.057868100 -0.001262129 0.988799424
0.009715685 -0.055153351 0.037870100 0.906621747
0.077831950 -0.211820757 -0.240120532 1.546000189
-0.068207121 0.153276920 -0.019643111 0.994806635
-0.111351788 0.274081985 -0.081070195 1.166802468
-0.050688940 0.079960871 -0.061845690 1.105284050
-0.115040641 0.324497329 -0.150338048 1.441555005
-0.023731402 0.005694851 0.022981168 0.953202426
-0.048578855 0.023088068 0.185510825 0.839431668
0.027278013 -0.045183111 0.012817380 0.994855765
-0.002635756 -0.012277965 -0.082248479 1.099428211
0.033134265 -0.058778991 0.042909970 0.936722234
-0.089530146 0.125217626 -0.058592246 1.088975558
-0.006293573 -0.016284552 0.014206474 0.965217730
-0.042067977 0.051686815 -0.006860199 1.005244409
0.077987798 -0.200430300 -0.116501125 1.235490342
-0.170620602 0.371369007 -0.046354521 1.074153157
0.032037762 -0.135276904 -0.039370861 1.056694007
-0.001186365 -0.042249349 -0.028965019 1.027557650
-0.066064985 0.165362240 -0.014358563 0.980816988
-0.048256734 0.097690883 -0.028958993 1.036298623
-0.054984855 0.021903770 0.033009054 0.942072271
-0.023296486 -0.000278088 0.305781383 0.751131645
0.017609378 -0.037093364 -0.093986370 1.110922612
0.003388907 -0.021450846 -0.022867330 1.032691667
-0.004978188 -0.010573623 -0.013331768 1.020295436
-0.012790660 0.001145085 -0.003459751 1.005487411
-0.024813478 0.021583877 -0.077040223 1.130574217
-0.015944723 0.004733242 0.025655338 0.935452653
-0.082031124 0.143514678 0.077773314 0.826004909
0.006300098 -0.059647128 -0.171128471 1.398479002
-0.013286747 -0.010680017 -0.144364261 1.331568477
-0.002664271 -0.040422948 0.039539775 0.816637187
-0.042131451 0.085872028 0.041742629 0.809588051
-0.046524110 0.102564135 -0.057556484 1.186924676
-0.014857544 0.007592579 0.106737918 0.873931017
-0.094813978 0.063562082 0.416313733 0.657227951
0.018518330 -0.038436992 -0.119037600 1.139044137
-0.013488350 -0.003229644 -0.032989395 1.044391109
0.019047945 -0.045526826 -0.017451938 1.024192416
-0.019801301 0.012747043 -0.015248653 1.020887489
-0.049799102 0.063743307 -0.071157540 1.115932601
-0.008990190 -0.013793625 -0.014405256 1.008103261
0.036696755 -0.109736206 -0.033776156 1.048782150
-0.071940768 0.140130092 -0.027609163 1.034598066
0.056787148 -0.181689699 -0.052239307 1.096173426
-0.048352752 0.112702018 -0.036795131 1.052929733
0.037354392 -0.161560848 0.057197322 0.752153881
0.033104740 -0.145412171 -0.161917145 1.584788843
-0.038488225 0.026839524 0.196519506 0.813435489
-0.066291869 0.046302074 0.365104697 0.695425857
0.021232361 -0.032469731 -0.073682052 1.090333921
0.004335569 -0.013883259 -0.049673635 1.063924661
0.003443301 -0.012723311 -0.023285145 1.029619626
0.003468561 -0.012761201 -0.032470219 1.043397236
-0.021874109 0.030321340 -0.059997163 1.090193043
0.020764543 -0.050692098 0.042840854 0.894800814
-0.015383913 0.025219656 -0.001803934 0.988554864
0.010179242 -0.033575599 -0.172083635 1.380198168
-0.003605476 0.000886196 -0.068866423 1.122155137
0.000148660 -0.009625385 -0.159482471 1.375880068
0.018505208 -0.068366339 0.128514688 0.454289146
0.012945233 -0.047238434 -0.071252812 1.213405637
0.014723699 -0.004009188 0.287473815 0.743809036
-0.048948621 0.040561435 0.407672549 0.659669924
0.004193883 -0.007266818 -0.082920174 1.101203362
0.014266901 -0.018347138 -0.060409925 1.076442088
-0.016100690 0.021130729 -0.022745425 1.027478240
0.025385471 -0.041098513 -0.001078546 0.994977921
-0.014557505 0.026804549 -0.028015683 1.040771056
0.021187973 -0.041111859 -0.004582109 0.996247265
-0.046710561 0.101475057 -0.083670596 1.162333081
0.101662869 -0.239783824 -0.004539489 0.980331537
-0.035903895 0.104133084 -0.118872741 1.266164668
0.022420694 -0.059175763 -0.111602816 1.245808879
0.017946190 -0.044857348 -0.013331376 0.931340265
-0.010536164 0.063375593 0.026208089 0.781090300
-0.024567663 0.016776619 0.319314618 0.719192019
-0.061190501 0.042412605 0.416751231 0.650986391
0.006191925 -0.018231577 -0.089545229 1.106653192
0.036163113 -0.051199884 -0.026374469 1.037165355
-0.052783395 0.064430572 -0.012570617 1.019220348
0.011078070 -0.031361626 -0.029205971 1.044173379
0.040270973 -0.080989563 0.004150571 0.987467256
-0.000070408 -0.004340940 -0.042732075 1.076544283
-0.037630422 0.074535086 -0.062195942 1.117418401
-0.015385878 0.023372637 -0.099704242 1.203687489
0.032798510 -0.097088335 -0.035178866 1.042374049
0.024361279 -0.073464087 0.033454440 0.850200796
0.035164931 -0.108035776 0.006841124 0.935363408
-0.116940462 0.469964712 -0.137828373 1.485107491
-0.015127028 0.004716511 0.234800591 0.781981998
-0.052151299 0.030633500 0.385188781 0.676710266
0.029715795 -0.043046883 -0.033275477 1.053328089
0.014891078 -0.026739693 -0.056879541 1.079292560
-0.016802115 0.014461456 -0.038225642 1.055042492
0.033272336 -0.060650221 -0.018625851 1.025642806
-0.026464600 0.040902574 -0.046316700 1.072717250
0.097289726 -0.194230642 0.052047987 0.885824348
-0.091495385 0.202218072 -0.178148108 1.369236125
0.001507811 -0.011689274 -0.043849637 1.060349647
-0.000944756 -0.005557858 -0.021780335 1.005176394
0.034905950 -0.105939832 -0.003364532 0.953612146
0.040417219 -0.123575893 -0.040633188 1.072871847
-0.029640574 0.142643717 -0.084353318 1.239008337
-0.002712296 -0.004495319 0.125912137 0.864885058
-0.026601943 0.012227434 0.345591327 0.711109628
0.026334599 -0.035415453 -0.051380980 1.068384695
-0.006457861 0.000656254 -0.010139946 1.023019556
-0.073973146 0.088426122 -0.115272971 1.159692485
0.083352168 -0.147561849 0.053299355 0.906833996
0.003775183 -0.012280970 -0.026354501 1.042245554
-0.015455434 0.024257201 -0.117848856 1.216084826
0.010613408 -0.030487365 0.072700066 0.815932109
-0.061196877 0.134676288 -0.005873142 0.996650484
0.016207961 -0.058835809 -0.176447857 1.423087270
0.067948222 -0.203708536 0.061839804 0.755881831
0.079022998 -0.239147822 0.038983629 0.829021591
0.062852161 -0.177698640 -0.196777519 1.724913945
0.022131723 -0.029526591 -0.169024180 1.070666229
0.016768632 -0.025772428 0.383444451 0.683938194
-0.019267043 0.006659679 -0.081174354 1.102095108
-0.010063140 -0.003464615 -0.020115383 1.034930238
0.035369714 -0.062527323 0.032642476 0.966345024
-0.002512424 -0.005704117 -0.160643122 1.256273421
0.053900051 -0.101605326 0.065436387 0.871938245
-0.091179347 0.174045527 -0.054779072 1.100347614
0.029315806 -0.078994284 0.006457864 0.971750055
-0.014913959 0.022734174 -0.180705743 1.402226340
0.070623341 -0.191109077 0.034957335 0.863068646
-0.011979721 0.040179494 -0.037412635 1.065704557
0.072891993 -0.231409994 -0.037566727 1.066197655
-0.056628134 0.260766482 -0.098519182 1.297816980
