8.191134581 -3.846634296 2.045138337 1.448095159 -7.564418958 -0.293476654 0.023729168 
-3.065834341 1.729816553 -1.142916489 -0.653806716 0.130446004 -0.009840588 3.934824674 
3.124144011 -1.949684518 0.539104656 0.905863755 -2.429210520 -0.210664461 0.018324774 
2.660708188 -0.876938156 0.415569869 0.324517453 -0.068646631 0.005829338 -1.541321669 
4.814748648 -2.329085059 1.161182755 0.877738970 -4.363837072 -0.171503942 0.012858874 
-1.212702229 1.223854749 -0.411994667 -0.565959249 0.125694143 -0.010555936 1.772727111 
4.665988654 -1.904247952 1.349850289 0.636867930 -4.632575324 -0.120498253 0.009442296 
-3.730148089 2.379140201 -1.080040391 -1.010127351 0.222164901 -0.018956220 4.158009623 
0.476664493 -0.009747000 0.239384937 -0.068689107 -0.655340665 0.024095279 -0.002478564 
-6.596687296 3.672610609 -1.831467805 -1.471836382 0.308027342 -0.025210449 6.863029570 
-0.946910121 0.606768376 -0.187791938 -0.298954250 0.766039635 0.071260403 -0.006163489 
2.266591606 -0.679863689 0.314477886 0.232021490 -0.041785852 0.002880710 -1.170154439 
-0.907128096 0.342515871 -0.279792289 -0.103397196 0.932012177 0.016101185 -0.000890379 
0.560600282 0.081904933 -0.155624860 -0.038971748 0.006527749 -0.000370117 0.468241927 
4.488342760 -2.357882206 1.007905787 0.973346874 -3.921344680 -0.208136171 0.016947609 
6.388870538 -2.749897118 1.245324985 1.036979329 -0.209078753 0.016354342 -4.803460286 
9.014462082 -4.526998638 2.125142330 1.826761323 -8.071605414 -0.396094770 0.033584145 
0.351867530 0.462342866 -0.175884837 -0.364561216 0.110788951 -0.010883431 0.552985843 
8.909112640 -3.866725685 2.338764354 1.297855664 -8.455187586 -0.232213884 0.016629506 
0.585860056 -0.306260971 -0.462269055 0.191624950 -0.049735699 0.005028395 0.967588661 
0.783655054 -0.342126737 0.175100191 0.101528997 -0.699724077 -0.014469066 0.000873974 
2.738431223 -1.106610064 0.227165450 0.453376778 -0.095690173 0.007879575 -1.266318641 
-3.656560717 1.357277452 -1.094073898 -0.368913196 3.714200413 0.044957841 -0.001257749 
6.936292764 -3.016861216 1.405573787 1.175672045 -0.242674925 0.019617345 -5.327689156 
-3.689559774 1.506749642 -1.032049184 -0.480796034 3.617358459 0.079707129 -0.005066606 
2.940201096 -0.966400967 0.501172483 0.358660433 -0.076335811 0.006761189 -1.815241995 
4.511317539 -2.244351359 1.081345106 0.876989516 -4.061804594 -0.179073413 0.014230441 
1.018824387 0.026356631 0.048604714 -0.073791559 0.027498444 -0.003079385 -0.097395448 
-0.960032896 0.462435113 -0.221852906 -0.171472132 0.858430595 0.032449756 -0.002232565 
4.542837709 -1.807540745 0.867641491 0.701268235 -0.146998473 0.012017921 -3.223662157 
4.023510353 -1.625370773 1.141489999 0.505996484 -3.963064195 -0.083764838 0.005722378 
2.808556905 -0.864991136 0.459407166 0.291432442 -0.053889433 0.004119624 -1.694986838 
4.099282661 -1.877042229 1.036443877 0.668313742 -3.808565274 -0.126193929 0.009599346 
2.872093745 -1.240795657 0.318310905 0.569915354 -0.137911836 0.012884811 -1.448976728 
-4.278975995 1.854139850 -1.110082432 -0.626803036 4.047331518 0.110818236 -0.007497028 
8.362192233 -3.697940227 1.782770836 1.458293890 -0.309893595 0.026155538 -6.677346519 
-2.175216318 1.096489097 -0.529085925 -0.451459429 1.968481745 0.095952690 -0.007569693 
1.113967697 -0.156265066 -0.026966331 0.042614702 -0.005089111 0.000395616 -0.029790437 
-4.455340025 2.006950976 -1.187041045 -0.746101242 4.235447141 0.150243697 -0.011901399 
-4.284072428 2.111126040 -1.592619269 -0.735243002 0.138031517 -0.010086147 5.313117198 
4.093848472 -1.561571415 1.199248331 0.448855932 -4.112243369 -0.062752508 0.002859551 
36.231737854 -15.437367942 9.372989874 5.402723908 -1.010085796 0.074708579 -33.604460389 
1.906840162 -0.732316999 0.552718942 0.216805985 -1.908315154 -0.032662710 0.001755565 
32.357452608 -13.641316574 8.325295831 4.693446321 -0.856918623 0.062022823 -29.910930086 
1.164613070 -0.372582420 0.387459058 0.081498284 -1.252845698 -0.004848840 -0.000566307 
37.561143692 -15.983182306 9.717121704 5.559617591 -1.030187816 0.075502190 -34.869781481 
1.180752106 -0.541191838 0.311990527 0.214992837 -1.119091647 -0.048401619 0.004416474 
34.046653170 -14.136975875 8.946183190 4.785316884 -0.858227012 0.060733509 -31.815451097 
-3.525878215 1.551920885 -0.948557518 -0.551719392 3.376872148 0.105738499 -0.008051637 
42.052754800 -17.763109141 11.108962159 6.139867528 -1.133525951 0.083082273 -39.451745305 
-3.535133108 1.515313859 -0.961038156 -0.505138013 3.406144177 0.086970917 -0.005752387 
45.285245103 -19.198310737 11.987745040 6.661655301 -1.237480303 0.091356004 -42.556566669 
-3.491516317 1.425729666 -1.007030903 -0.468206133 3.465988751 0.083286090 -0.005832833 
35.302325218 -15.055938328 9.114055105 5.280777364 -0.990937821 0.073837254 -32.691373747 
-7.256162177 3.286727249 -1.924231944 -1.213402258 6.884063057 0.244203069 -0.019759024 
33.539698753 -13.846335646 8.867247795 4.677456583 -0.841626035 0.060050223 -31.427170786 
-7.225034521 3.016218481 -2.033180009 -1.013629374 7.083353970 0.184611375 -0.013517348 
35.965584980 -15.174483362 9.423725778 5.266842359 -0.978659247 0.072303613 -33.548110697 
-7.298785420 3.445142255 -1.840908651 -1.308213900 6.760118619 0.263832095 -0.020521770 
35.974335460 -15.359812463 9.311421839 5.398052167 -1.016022793 0.075943854 -33.356871923 
1.294892250 -0.530643765 0.356372417 0.169904528 -1.263237013 -0.029704390 0.002008976 
20.105097688 -7.771621724 5.438093757 2.562061089 -0.463116091 0.034207982 -18.870289805 
1.328521448 -0.685460029 0.282967861 0.265010180 -1.142713362 -0.052355995 0.003846836 
37.651086244 -16.017336760 9.879713507 5.649724068 -1.076168278 0.081985633 -35.140218140 
1.284576455 -0.457981475 0.384131161 0.113600162 -1.311427419 -0.012394275 0.000253136 
37.694722634 -15.953250837 9.903894290 5.567262666 -1.040774172 0.077052338 -35.219106573 
1.279128421 -0.628716396 0.322807454 0.256761455 -1.179797601 -0.057985384 0.005229424 
35.027978258 -14.725187536 9.175178668 5.088491123 -0.937874313 0.068180439 -32.667222751 
-1.278059211 0.497657930 -0.367736630 -0.149404436 1.272096445 0.023154309 -0.001359677 
35.019086256 -14.540048559 9.289490233 4.957778411 -0.901368132 0.064870608 -32.857848124 
0.681094179 -0.466902129 0.101783431 0.228681486 -0.495597729 -0.055037081 0.004911568 
34.984841517 -14.820141757 9.146296286 5.189603351 -0.974609878 0.072728506 -32.571502902 
0.664001194 -0.319566279 0.165365041 0.112348341 -0.607119121 -0.018734131 0.001170463 
35.015638387 -15.006927922 8.998719859 5.307688187 -1.007743845 0.076226483 -32.355858109 
-3.538036910 1.442507248 -0.997378735 -0.466526700 3.477380286 0.081367564 -0.005701423 
35.027920101 -14.985189656 9.012479576 5.276834094 -0.992471101 0.073857130 -32.387294197 
-3.529269618 1.485234196 -0.995085292 -0.504093702 3.456949503 0.091398302 -0.006425918 
30.928225566 -13.372304628 7.813588437 4.793046572 -0.923057708 0.070869587 -28.285103045 
-3.552743328 1.240890348 -1.069730850 -0.304549664 3.640540362 0.031977499 -0.000552197 
24.340041528 -10.137085439 6.237006574 3.521265903 -0.655060745 0.048453246 -22.332108910 
1.852217664 -0.866871497 0.465338200 0.308201456 -1.697093211 -0.057477088 0.004376003 
-5.176052843 2.800125281 -1.687509726 -1.117865517 0.239104430 -0.019772488 5.886733615 
-10.836300836 5.297569525 -2.635118883 -2.084148424 9.855757109 0.435401940 -0.035409840 
-8.051736375 4.173310666 -2.329595574 -1.604369644 0.324762438 -0.025462106 8.431336911 
8.486018605 -3.797770406 2.261561670 1.375082803 -8.072295194 -0.268423518 0.020643462 
2.043921755 -0.533991844 0.302276997 0.184682336 -0.041880963 0.003963047 -1.040138840 
0.812122598 -0.015617851 0.362276872 -0.139062073 -1.062019144 0.052703284 -0.005884519 
5.098951543 -1.706134492 1.175971565 0.499278983 -0.074157060 0.004016767 -4.073468348 
0.884067696 -0.456123819 0.219844249 0.200966552 -0.804428769 -0.049852748 0.004966790 
-1.872426263 1.478525023 -0.574884883 -0.623133545 0.129767947 -0.010584458 2.390291695 
-2.268491383 1.118458953 -0.562413402 -0.451168326 2.075438027 0.095662608 -0.007748644 
-1.725029917 1.142872705 -0.746999908 -0.444964762 0.093188327 -0.007852597 2.613069141 
-2.231198810 0.982674978 -0.613515136 -0.367755040 2.154837548 0.079421602 -0.007228760 
4.924783045 -1.968524815 0.946700419 0.728473202 -0.143802342 0.011144989 -3.574404368 
3.041534952 -1.945065590 0.531118060 0.936475707 -2.361287296 -0.228265222 0.020674382 
7.730422385 -3.226420924 1.689158599 1.185253754 -0.239834000 0.019238784 -6.231913052 
-3.201345766 1.354287654 -0.892688959 -0.445368886 3.119935006 0.068850450 -0.003302181 
7.828815662 -3.210223989 1.634281882 1.080251990 -0.188647746 0.012946049 -6.226255848 
4.462993115 -1.780572684 1.254016191 0.546417052 -4.387730776 -0.093547283 0.006774072 
8.085586262 -3.922251209 1.352459571 1.548482818 -0.310625301 0.023833045 -5.842052476 
4.522532573 -2.115630472 1.135391778 0.794203004 -4.180554347 -0.163064717 0.013743352 
7.927520913 -3.724437574 1.476162642 1.528473377 -0.331633302 0.028142010 -5.945803541 
-3.535443820 1.182765750 -1.118365770 -0.257960380 3.709352133 0.014037012 0.001774927 
4.913460644 -1.984858583 0.945024371 0.767777410 -0.159444378 0.013295200 -3.546349233 
-3.614714344 1.592135621 -0.963044521 -0.568836549 3.449982757 0.109735939 -0.008215964 
4.861970724 -1.823544465 1.014182832 0.663225171 -0.131557477 0.010270549 -3.643733212 
1.055500454 -0.782721963 0.120623393 0.383026136 -0.698847434 -0.090077048 0.007897522 
4.832991231 -1.655271858 1.075937149 0.526046224 -0.087573511 0.005714277 -3.749548138 
-2.953897158 1.373067231 -0.735369084 -0.503477050 2.725116416 0.097672517 -0.007389123 
4.857129408 -1.712193348 1.045885471 0.543586546 -0.084703491 0.004496404 -3.706590390 
-2.994699769 1.722844960 -0.615902207 -0.775231902 2.503179229 0.176876888 -0.015115402 
4.844673939 -1.835281700 0.994642470 0.685776012 -0.142104155 0.011803300 -3.609644718 
2.892715662 -1.203843915 0.782292051 0.365036581 -2.786046962 -0.052526237 0.002590325 
4.906131860 -1.991928103 0.912369027 0.760850308 -0.154998902 0.012514057 -3.497624830 
-6.447857619 2.732010518 -1.719868605 -0.898722925 6.178734349 0.151545504 -0.009157305 
15.867898245 -7.414298721 3.595904501 2.945167637 -0.629526550 0.053283286 -13.471854672 
-0.812309222 0.495879620 -0.159775869 -0.253760222 0.666192254 0.067529282 -0.006532236 
4.019357501 -1.680686839 0.641649247 0.699573914 -0.156878571 0.014042036 -2.593588768 
-13.838728229 6.329271095 -3.566611807 -2.325427433 12.966861605 0.456506499 -0.035342680 
-3.193706893 1.466865724 -1.381214584 -0.429151873 0.060440529 -0.002425742 4.422454313 
10.367125357 -4.466551512 2.773713597 1.516250267 -9.927367753 -0.271941470 0.018975137 
34.469742009 -14.502683733 8.954381544 5.000497275 -0.919445439 0.067029028 -32.037165154 
0.993073941 -0.448863644 0.245954832 0.161273448 -0.921052372 -0.031032068 0.002282038 
29.618251239 -12.794216828 7.427533456 4.548775041 -0.857590118 0.063243310 -26.982469895 
-3.401113546 1.495782104 -0.924637794 -0.523012132 3.263511223 0.093730819 -0.006327133 
38.843283929 -16.754566638 9.961003684 5.915019133 -1.112456719 0.082521656 -35.903855769 
-3.410077135 1.737573754 -0.832068962 -0.733216831 3.085685736 0.166057865 -0.014597682 
32.946233651 -14.070256447 8.395193225 4.926674279 -0.921001575 0.068247528 -30.312890066 
-3.392297796 1.413404099 -0.948270148 -0.458071089 3.311412978 0.074902303 -0.004525870 
37.790439604 -15.955812688 9.899054296 5.503178027 -1.009219479 0.073071458 -35.266483738 
-3.395422129 1.638234181 -0.862223913 -0.654482120 3.143640451 0.141434679 -0.011897135 
37.818242636 -15.557683612 10.105013083 5.193119963 -0.917614309 0.064324098 -35.671539956 
-7.848102104 3.579220110 -2.053036099 -1.303396749 7.394042052 0.249149232 -0.018353688 
32.822671449 -13.646753579 8.574820743 4.626119310 -0.828746792 0.058709966 -30.570955286 
0.119558022 -0.239576820 -0.095099383 0.134060149 0.114011828 -0.032802321 0.003090103 
45.315078519 -19.692448573 11.738850218 7.018094640 -1.336044005 0.100651977 -42.115869968 
-3.161723664 1.181134501 -0.940286512 -0.328237098 3.201972081 0.041757516 -0.001150373 
41.043649221 -17.329887660 10.812785059 5.994306255 -1.109384611 0.081578422 -38.463375452 
-3.219925124 1.595058991 -0.751309083 -0.631792035 2.880529692 0.132778441 -0.010881475 
34.584703277 -14.416415587 9.085242834 4.928810330 -0.898016084 0.064554161 -32.319582877 
3.320247381 -1.444097923 0.884427240 0.487725775 -3.171289393 -0.084280840 0.005181043 
23.787010383 -8.947961224 6.626271775 2.774637760 -0.456233969 0.029476985 -22.776482997 
-1.281319486 0.559395923 -0.380838767 -0.218011556 1.277426016 0.045782171 -0.003853766 
34.057580168 -14.253008779 9.002783976 4.953230563 -0.928200350 0.069328667 -31.873516260 
2.750503605 -1.423265180 0.617745205 0.577702430 -2.411884901 -0.124614845 0.010442768 
34.083980877 -14.470634825 8.881861751 5.084251319 -0.959134920 0.072009099 -31.663474500 
2.741137463 -1.218953269 0.705843756 0.413002073 -2.576447197 -0.073030113 0.005200972 
34.132334176 -14.322426053 8.925924459 4.934803507 -0.909381690 0.067083998 -31.796625130 
-2.596116808 0.784854341 -0.859774659 -0.139860596 2.797688695 0.000624488 0.001765233 
41.796172704 -17.952493071 10.905011330 6.331269197 -1.193346964 0.089080716 -38.943455087 
-10.066862276 4.746889655 -2.544002083 -1.804079585 9.325146127 0.365701082 -0.029001219 
38.316015087 -16.266909227 10.051542310 5.676737232 -1.054972746 0.077283024 -35.771973205 
-2.327834375 0.907339458 -0.702281124 -0.291618523 2.360580371 0.052116300 -0.003932483 
32.663462324 -14.148162972 8.262332939 5.043401517 -0.956370148 0.071402994 -29.911244947 
-2.337902095 0.709659838 -0.769029069 -0.123920499 2.509306522 -0.001818022 0.002157369 
29.806000066 -12.779703048 7.572406750 4.556084866 -0.875869319 0.067310414 -27.321033174 
1.086908314 -0.480916400 0.254473877 0.138055270 -0.985666670 -0.014661068 -0.000001485 
20.134319325 -8.011557528 5.199526098 2.632455290 -0.454931356 0.030695408 -18.508854490 
1.061774572 -0.902777688 0.117521182 0.499009569 -0.673390357 -0.128312996 0.012037411 
24.162828344 -9.822653239 6.311172632 3.320971102 -0.601367403 0.043507323 -22.391240485 
