0.027944861 -0.023452887 -0.018754603 0.939574779
0.051824625 -0.040168722 -0.047166946 0.959463419
0.004043338 0.002834435 -0.033816389 0.947447918
-0.039622722 0.050867102 -0.043182687 0.957750845
-0.024894833 0.031720847 -0.059052394 0.978381464
-0.004270236 0.000783953 -0.079069417 1.008406998
0.013306139 -0.029095886 -0.053946693 0.965698367
-0.003833521 0.003469466 0.037297918 0.792333608
0.020357495 -0.047331664 -0.056847320 0.990038599
-0.015177088 0.034397875 -0.094853915 1.077453765
0.011748370 -0.032915770 -0.010922752 0.867625857
0.014079947 -0.039444184 0.143605883 0.434945686
-0.058045102 0.191355976 -0.066195737 1.106310881
0.039942967 -0.180998684 0.049298781 0.667431718
0.031920886 -0.019739724 -0.058625344 0.965610208
0.012093515 -0.005860565 -0.063934032 0.969326289
-0.075417543 0.072899386 -0.038863411 0.946762731
0.020881419 -0.033029475 -0.039996221 0.948008822
0.055564047 -0.078116889 -0.040699234 0.948922739
0.000499005 0.004480673 -0.078175645 1.005137356
-0.052035139 0.093788720 -0.022805341 0.911007837
-0.004662046 0.003779846 -0.116839451 1.089672642
0.036292464 -0.082224623 -0.070306046 0.991952497
-0.042893922 0.099904061 -0.091053822 1.039672380
0.017966733 -0.052247575 -0.045665708 0.926202097
-0.005076472 0.012273398 0.098319477 0.523043584
-0.036681211 0.113408563 -0.063237359 1.040025468
0.025436802 -0.122639882 0.077191298 0.506396578
-0.014740321 0.008221913 -0.084204381 0.981670889
0.037391530 -0.028270382 -0.041444304 0.951738836
-0.013015347 0.017095806 -0.050468731 0.959860819
-0.049389785 0.057107688 -0.033993733 0.941738322
0.020282351 -0.033466085 -0.059507177 0.974905797
-0.023894443 0.032799106 -0.062155113 0.978877701
0.005410856 -0.017019903 -0.086202652 1.019758519
0.008863815 -0.023580525 -0.081439047 1.010707670
0.017716983 -0.042172179 -0.094933189 1.039045367
-0.035262668 0.079681017 -0.120848686 1.098651009
-0.023183078 0.049482042 -0.048064398 0.916690289
-0.011592565 0.017028607 0.009646711 0.755099184
-0.006351075 0.000255837 -0.028850043 0.878288802
-0.026710743 0.077622575 -0.018703790 0.839733038
-0.034696804 0.021293502 -0.075968508 0.977491560
0.023874565 -0.019706456 -0.045541826 0.956192882
0.022913226 -0.018841251 -0.044502903 0.955257852
-0.051831640 0.063378104 -0.041147187 0.951566564
0.032223007 -0.045892934 -0.067012294 0.985191202
-0.044333308 0.068941539 -0.052199649 0.962972235
0.012856242 -0.028280699 -0.043835954 0.948753952
-0.003137466 0.002107346 -0.110001901 1.074469251
-0.009850287 0.016204269 -0.084033290 1.019935170
-0.027394961 0.056557019 -0.082277040 1.015895794
0.023064187 -0.069590851 -0.038799650 0.907202319
-0.029080493 0.076414250 0.016743537 0.751681399
-0.002211162 -0.009567610 -0.029950842 0.901103414
0.027390942 -0.122055606 -0.043328482 0.951938443
-0.018962644 0.015887681 -0.103992528 0.996070835
-0.013426401 0.012012311 -0.054320994 0.961300762
0.027129865 -0.024488328 -0.040382733 0.948756328
-0.051703767 0.062228670 -0.040181592 0.948535072
0.025175763 -0.037714716 -0.062029347 0.976937153
-0.011494998 0.017291426 -0.022939736 0.918302736
0.019058837 -0.034650095 -0.076575307 1.009483209
-0.050080151 0.096713980 -0.121077044 1.094036510
0.037843242 -0.087925136 -0.067143126 0.980775286
-0.030528673 0.069330265 -0.122269065 1.107564943
-0.014701559 0.029762480 0.011412106 0.773362016
0.028292670 -0.090621360 0.025083119 0.735083181
0.009472814 -0.030397819 -0.082621786 1.079738881
-0.015376172 0.064028326 0.042179676 0.605493329
0.001368105 0.001275816 -0.045557621 0.959506334
0.005088374 -0.001328373 -0.020726622 0.942124636
0.018804169 -0.013672588 -0.091795005 1.006086179
-0.026588277 0.036259103 -0.039876118 0.948975401
-0.022917535 0.031487140 -0.052444922 0.965314846
-0.021878519 0.029928615 0.003431439 0.881500305
-0.018682452 0.024495301 -0.056337734 0.983107902
0.002393751 -0.015549484 -0.095396970 1.057320449
0.001312024 -0.013277856 -0.100318170 1.067654967
0.007778223 -0.028150114 0.021807546 0.786765827
-0.001669458 -0.004530912 -0.062516739 0.997576540
0.001032019 -0.012095048 0.045090605 0.696275982
0.024698875 -0.087828988 -0.021122002 0.908156327
-0.016604539 0.069123983 -0.038009363 0.972328297
0.020046362 -0.009734391 -0.057080689 0.964052470
-0.038834531 0.031482234 -0.030624570 0.945533187
0.024446679 -0.025470854 -0.066335781 0.977673276
-0.013159261 0.015895681 -0.032338810 0.940276606
-0.001366801 0.000565484 -0.077702683 0.999249639
-0.010658656 0.014503266 -0.032872848 0.932004887
0.010658303 -0.021735564 -0.022313901 0.914054677
0.023067856 -0.045313715 -0.090534123 1.043673098
-0.040671847 0.088539655 -0.088849047 1.040134437
0.035855973 -0.087474329 -0.086916068 1.035688587
-0.033925726 0.086979920 -0.036351090 0.909276142
0.003313348 -0.017289486 0.102380043 0.520828976
0.031790550 -0.108416533 -0.097740904 1.161216015
0.055577898 -0.198808455 -0.004287362 0.806092561
0.034545330 -0.021522996 -0.016699434 0.940427661
-0.010590015 0.010071746 -0.043398144 0.959116758
-0.109482237 0.099074743 -0.197916282 1.098183078
0.102489603 -0.134094286 0.055862685 0.819026208
-0.046819581 0.060007646 -0.067853017 0.979856616
0.014181527 -0.031494016 -0.124249727 1.064451680
0.053279053 -0.097959813 -0.064300322 0.962537688
-0.036243346 0.072132744 -0.091484520 1.014187664
-0.028402670 0.055667326 -0.006591080 0.835911449
-0.005849193 0.003794330 -0.119475694 1.095546055
-0.043113176 0.096954288 -0.103606598 1.055873316
-0.035667555 0.076106549 -0.023079509 0.830397470
-0.015762196 0.012409399 -0.035229828 0.869278490
-0.009406997 -0.011740360 0.014464931 0.680438412
0.038247718 -0.027938722 -0.009075106 0.935171992
0.029737186 -0.021981349 -0.043997767 0.959617854
0.013557218 -0.007419379 -0.036149314 0.952554247
-0.091794948 0.108468006 -0.090553197 1.012398519
0.004908618 -0.017246625 -0.096163727 1.019692208
0.006218351 -0.019211224 -0.117003294 1.050951558
0.031189930 -0.061662910 -0.117197079 1.051280993
0.012323482 -0.025816659 -0.108130911 1.034055274
-0.026984581 0.056730270 -0.056536482 0.925706979
-0.110643915 0.249146733 0.020004506 0.749662709
-0.107093924 0.240271755 0.068510186 0.628398510
-0.015972271 -0.014868867 0.077794474 0.602402504
0.042660802 -0.202494705 -0.178641507 1.422997654
0.045968754 -0.215064920 0.083046262 0.428584144
0.041234894 -0.033708545 0.087250774 0.873028365
0.065091286 -0.050408019 -0.021049382 0.948838473
-0.016138282 0.022698591 -0.094281413 1.014747299
-0.069002317 0.080849031 -0.022697755 0.936005274
0.022801703 -0.038496191 -0.106798981 1.045336864
-0.059991141 0.085693075 -0.105595862 1.043532185
-0.044525887 0.059402142 -0.011775200 0.884037055
-0.060711907 0.090155579 -0.019802458 0.899288846
-0.009763332 -0.016836424 -0.002709030 0.863392649
-0.012122203 -0.011411018 -0.075264257 1.030269667
-0.021464480 0.011944674 -0.050130494 0.967435261
0.005861678 -0.064568568 0.063860252 0.648261176
-0.005646802 -0.027741432 -0.026750768 0.938216443
0.001070960 -0.053268929 0.080072438 0.532288269
0.055250872 -0.036912542 0.034813585 0.930973201
0.016965903 -0.010113064 -0.026854874 0.974141122
-0.004419248 0.009133571 -0.009130237 0.958188949
-0.019433135 0.025648848 -0.078804819 1.034830991
-0.000751509 0.001362734 -0.049984145 0.997364116
0.010789698 -0.015949077 -0.038319817 0.979867623
-0.014591425 0.027198835 0.006029310 0.904474105
-0.013639087 0.025389393 -0.045921819 1.003181249
0.025035865 -0.055828002 -0.053508269 1.019112794
-0.019850748 0.047411205 -0.064685329 1.044820032
0.047553344 -0.121099027 0.016475720 0.841917409
0.010748296 -0.018044892 -0.088822373 1.136752065
-0.013516378 0.059602066 0.022707585 0.779856192
0.043653545 -0.157643638 0.044209364 0.698149435
0.042665218 -0.024905975 -0.055220428 0.987735839
-0.020060143 0.019001777 -0.036433639 0.974585087
-0.037644973 0.034828124 -0.015977021 0.956174131
-0.011927243 0.006538620 -0.095496212 1.043645243
0.011372482 -0.023751021 -0.049107361 0.983339739
0.069548774 -0.111015459 -0.006264149 0.919074921
0.015727187 -0.019518759 -0.028445731 0.956783611
-0.057753497 0.120094538 0.016759044 0.870894540
-0.044475231 0.092210183 -0.034819833 0.979210177
-0.008387443 0.009208270 -0.128616958 1.194943560
-0.011306602 0.016506170 -0.074309718 1.059175461
0.004488177 -0.027719213 0.079813134 0.627631483
0.039165037 -0.138685166 -0.010259054 0.915862487
0.108939671 -0.403828770 0.154742831 0.288855331
0.007459007 0.000016249 -0.038343074 0.976224602
-0.018893774 0.018463196 -0.036211910 0.974732787
-0.058113100 0.053760588 -0.069038255 1.004276498
0.054384831 -0.069987139 0.027788589 0.897766966
-0.028792033 0.038142780 -0.082727949 1.041438461
0.013773707 -0.025705829 -0.025774234 0.956007889
0.038616817 -0.067939117 -0.107908884 1.095636796
-0.022459812 0.048106477 0.007205310 0.876919831
0.010884922 -0.021917462 -0.039908876 0.975859618
-0.034108567 0.081567561 -0.008750258 0.904194797
0.018001352 -0.048707238 -0.010799966 0.909319067
-0.023466614 0.067403065 0.052289801 0.732667722
0.020223949 -0.072406738 -0.036771303 1.017663261
0.072391466 -0.270643299 0.228198780 0.010776956
-0.013078040 0.012409942 -0.053988996 0.987558158
-0.007608663 0.008581378 -0.055024031 0.988282682
-0.055983364 0.052118609 -0.018281038 0.955213989
0.015911552 -0.026965801 -0.050653237 0.990823409
-0.014407783 0.012449333 -0.068953021 1.014613127
-0.039199111 0.049636325 -0.094511784 1.052951272
0.083404753 -0.158790249 0.010558669 0.874331497
-0.019614535 0.036946395 0.003132821 0.888440607
0.044185469 -0.097033607 -0.032945565 0.964205216
-0.056465392 0.134463369 0.001043677 0.886029959
0.041813722 -0.111234417 -0.059298088 1.036884371
-0.056568414 0.164235559 0.051882404 0.725579001
0.039259606 -0.142414109 -0.053751179 1.063606471
0.076007940 -0.282057777 0.145959565 0.304705653
-0.025374721 0.017547792 -0.136177846 1.041864906
-0.001278177 0.000680212 -0.051984194 0.982929350
-0.012037754 0.010363831 0.000910163 0.935324431
-0.005334052 0.002989758 -0.112348537 1.059909003
0.029323730 -0.042065356 -0.015072819 0.933450574
-0.019947055 0.031840821 -0.077703279 1.027396264
-0.008415990 0.012238010 0.040353849 0.826699141
0.001294801 -0.006212492 -0.059778116 1.016949872
0.029860183 -0.066199792 -0.053544628 1.003859548
-0.003063418 0.009524488 -0.091706492 1.091631835
-0.013336175 0.035206380 -0.002457699 0.868509850
-0.013836664 0.036607750 0.054610061 0.708720127
0.046244323 -0.155651411 -0.056856780 1.065414023
0.068102583 -0.238712798 0.099393955 0.471661237
-0.028683687 0.019114272 0.000946522 0.944249809
0.001073249 -0.001715583 -0.041250291 0.973787577
0.045645226 -0.041830362 0.040005138 0.900657693
-0.047146285 0.060240303 -0.104164220 1.059243991
0.010972353 -0.015313923 -0.011734066 0.939084794
-0.051662050 0.078637681 -0.020007188 0.951494478
-0.005415824 0.000019095 -0.014354890 0.941885570
0.017885744 -0.044253885 -0.084484250 1.075131353
-0.019949903 0.035200970 -0.043541481 0.989151541
0.015294374 -0.045860863 -0.005069076 0.900665012
0.060584941 -0.159087282 -0.035759018 0.977389866
0.011551207 -0.021792830 0.005114375 0.862944368
-0.039316029 0.140982330 0.007330081 0.855854110
0.239926075 -0.920137654 0.209121195 0.089047886
-0.010050026 0.004637715 -0.003865957 0.950046539
0.020164457 -0.016512423 -0.030975940 0.969023527
-0.017803205 0.017658472 -0.028857880 0.967117273
-0.018832946 0.018791187 -0.073999789 1.016773374
-0.003786803 -0.000768798 -0.067547842 1.008385843
-0.071450343 0.100726512 -0.025306040 0.945023140
0.030867115 -0.073213171 0.040916815 0.832444283
0.025484576 -0.062986347 -0.056023320 1.016630537
0.005591562 -0.021211020 -0.022568101 0.946374582
0.010390337 -0.032248204 -0.066812022 1.048135598
0.016886959 -0.048489757 -0.062928806 1.038427557
0.071976904 -0.202741601 -0.016022172 0.907088984
-0.041399919 0.160064237 -0.026247506 0.939810052
0.113257074 -0.427632329 0.122510053 0.374531337
-0.044282291 0.032162938 -0.026390554 0.959829748
-0.056462864 0.040689339 -0.026095213 0.959623010
-0.029293357 0.016236783 -0.007468162 0.942858664
0.038406327 -0.058232871 -0.055808147 0.996032649
0.005500436 -0.015455214 -0.088503340 1.038536398
0.006125761 -0.016393201 -0.049099016 0.979429913
-0.052527900 0.083318025 0.031693589 0.842082480
0.019546535 -0.053623400 -0.018292076 0.937055242
-0.017079292 0.023290835 -0.001280605 0.901331156
0.042579071 -0.113923398 -0.073205811 1.066759125
0.058249983 -0.153100679 -0.014042658 0.918851242
-0.008701049 0.034362208 -0.028551661 0.959476451
-0.008939776 0.035126136 0.045994329 0.720929279
0.178487948 -0.677099210 0.149304131 0.328352037
0.000980271 -0.001697193 -0.026952030 0.955783726
0.000901814 -0.001642273 -0.003816486 0.939588845
-0.032422022 0.028349178 -0.041569163 0.973566254
0.023995327 -0.033709907 -0.028909753 0.959640902
0.022221906 -0.031404460 -0.085242668 1.032873689
-0.057306048 0.087887472 0.000679791 0.903990001
-0.016490092 0.018500344 -0.023821005 0.945641354
-0.037641189 0.058687429 -0.040349677 0.977045831
0.015132833 -0.052138014 0.036025933 0.816657058
-0.003716228 -0.008785175 0.000320673 0.898779154
0.038885262 -0.115288898 -0.058591375 1.046059274
-0.003097837 0.002263775 0.105178778 0.587502853
0.018970939 -0.068356309 -0.043528484 1.063366100
0.073986219 -0.277414370 0.057646114 0.678902631
0.021286001 -0.014747277 0.050334337 0.907570420
-0.036734285 0.025866921 -0.038200619 0.969544889
-0.010290914 0.002067889 -0.028370612 0.960697883
0.000095055 -0.009356678 -0.060099981 0.995600189
-0.011764101 0.006060224 -0.033767215 0.961367595
0.018856186 -0.039870205 -0.023346538 0.945736579
-0.005025204 0.000728159 -0.049771386 0.990658823
-0.022121531 0.033211180 -0.018879778 0.931964767
-0.025870221 0.041083428 -0.048799801 0.994796813
0.034548190 -0.097878914 -0.027766519 0.946420266
0.039844844 -0.111120549 0.019724968 0.827691547
-0.007525782 0.021517200 -0.001667589 0.887590705
-0.012523192 0.037508914 0.002414585 0.874527751
0.054627562 -0.217663951 -0.022879393 0.970644866
0.013853142 -0.014546576 -0.042583945 0.997664512
-0.053960526 0.032922991 0.277132706 0.773862860
0.073517171 -0.081806933 -0.008792875 1.031195877
-0.001512231 0.000725412 -0.004142524 1.026080491
0.019170491 -0.026162126 -0.030515783 1.060365726
-0.049436339 0.076748119 -0.030737512 1.060698319
-0.024486365 0.034333162 0.031868231 0.954268554
-0.071872764 0.124367318 0.011677746 0.992630474
0.183998298 -0.412961887 0.121859283 0.761249257
-0.008422679 0.029606351 -0.436094597 2.044543155
-0.112570772 0.289976583 0.118408222 0.658286107
0.031863418 -0.114439141 0.004718601 0.976617042
-0.067644296 0.203985548 0.124326467 0.593871862
0.013988508 -0.106219103 -0.052096996 1.264281014
0.012229925 -0.008519809 -0.070886020 1.017705860
-0.004683728 0.003319748 0.265465395 0.782259874
-0.009926010 0.008037802 -0.012583134 1.032503542
0.026694980 -0.032245288 0.024752030 0.991434862
-0.005243170 0.009274305 -0.061251507 1.103239455
-0.057324655 0.087396533 -0.008129476 1.023556408
-0.002273555 -0.006190340 -0.006616118 1.020983700
-0.046706300 0.078231875 0.032024991 0.947565594
0.067519772 -0.161642865 -0.077283066 1.177112503
-0.067759783 0.149500103 -0.035638503 1.081330010
0.028337878 -0.090744048 0.032898193 0.909988271
-0.026528405 0.062881542 -0.065069481 1.184297754
-0.027403609 0.065682195 0.154487317 0.481715991
-0.039126824 0.110230411 0.019618423 0.994217780
-0.033992524 0.015601915 -0.075932746 1.018636587
0.007293772 -0.013298491 0.276466028 0.771957449
0.011419297 -0.017011464 0.006537436 1.014893176
-0.005229588 0.001302310 -0.045171396 1.071772892
0.031469040 -0.046405905 -0.020415778 1.039590590
-0.026832144 0.041045872 0.008402465 0.996363226
-0.006085019 0.005775759 -0.028052936 1.058337409
-0.024159210 0.040116720 0.070555831 0.870980753
0.040594363 -0.095865778 -0.054832684 1.134296623
-0.023729601 0.052079338 0.012548563 0.979319759
-0.036022389 0.082811308 -0.065723668 1.175000336
-0.003878315 -0.007192099 -0.033696137 1.085323250
-0.034531513 0.090898135 0.106055058 0.638119420
0.003155745 -0.052313441 -0.014138074 1.094853314
-0.014830348 0.005089970 -0.054682794 1.004873426
0.002224380 -0.006848339 0.278907137 0.771360478
-0.005686200 0.000271183 -0.002778172 1.024877250
0.003168572 -0.009469067 0.003118516 1.018390893
0.015143703 -0.025036736 -0.039438596 1.073715136
-0.016582536 0.022552622 0.006389616 1.004972818
-0.016940424 0.023161032 -0.009290579 1.031629151
-0.018162012 0.025482049 -0.034958733 1.080398642
0.031413920 -0.078627403 0.052461612 0.896815927
0.021754666 -0.056411119 -0.071622116 1.182208495
-0.018871042 0.045153149 -0.027916038 1.072943301
-0.048530480 0.128199576 -0.004693716 1.007920798
0.004206484 -0.040558711 0.054653395 0.818010042
0.012852122 -0.073412136 -0.039214867 1.174709431
0.002875523 -0.000810755 -0.105514831 1.045934293
-0.027578933 0.020507365 0.281416195 0.775082580
0.006030667 -0.009741275 -0.003022551 1.031077444
0.004767428 -0.008351712 -0.004699828 1.032922449
0.016195242 -0.023207870 -0.021337266 1.054551117
-0.022360617 0.034625919 0.004079341 1.016426207
-0.008343253 0.010796399 -0.020488508 1.058191551
0.005026620 -0.014606359 0.007697943 1.004637296
-0.006111014 0.008782671 -0.026413792 1.076271935
0.000345977 -0.006068407 -0.012714264 1.044763021
-0.054346853 0.130663668 -0.032987202 1.095445368
0.033667073 -0.115775320 -0.090781876 1.257270450
-0.005036078 0.008074764 0.222891108 0.253516888
0.052703248 -0.211334674 -0.128186576 1.587612071
0.023648204 -0.013299442 -0.110447115 1.045061264
-0.019386035 0.016824525 0.298751610 0.758622161
0.005346278 -0.005434556 -0.012760755 1.038983282
0.003044534 -0.002902638 -0.000984669 1.026029587
-0.011717778 0.016288367 -0.009554026 1.037169751
0.008048395 -0.013360892 -0.001811385 1.025555789
0.013964462 -0.023418207 0.000612140 1.021435797
-0.019590935 0.040337047 -0.036411894 1.091781461
0.021514145 -0.045983616 0.005207061 1.004381660
-0.007863029 0.021583883 -0.029575222 1.084380907
0.015005258 -0.035586835 -0.023810867 1.069970021
0.015821861 -0.037873323 -0.093854792 1.266093008
0.009829660 -0.018698280 0.162398940 0.446081051
-0.006003933 0.041469372 -0.157422060 1.661400838
0.039038077 -0.022166799 0.026387276 0.947261243
-0.018268766 0.017947991 0.312528033 0.746962717
-0.005760017 0.006690117 0.004010200 1.024628759
0.009311586 -0.009888646 -0.023723849 1.055136214
-0.049304020 0.066311639 -0.030907981 1.064475585
0.035832883 -0.061393716 0.006645916 1.008144739
0.016192397 -0.028004889 -0.022104390 1.057020261
-0.024643791 0.049583868 -0.022156246 1.057118788
0.031787599 -0.068922046 -0.034295312 1.082610825
0.039046789 -0.085618182 -0.005902051 1.017306324
-0.036252914 0.102631075 -0.019878748 1.052248069
0.027894358 -0.076981283 -0.035991213 1.097362969
0.011218085 -0.023617210 0.095957334 0.675127612
0.032037489 -0.102730945 -0.182263862 1.732368144
0.001654480 -0.002511494 -0.019764305 0.976665855
-0.015459790 0.009468495 0.285974460 0.762648723
0.018395729 -0.021001471 0.015103813 1.006432298
-0.007939740 0.007967545 -0.028858791 1.054791165
-0.040323545 0.050066490 0.012879369 1.000531559
0.052089369 -0.088552880 -0.021189446 1.051634781
0.012545173 -0.021327746 0.018966205 0.983370172
-0.008985692 0.019580897 -0.087122352 1.184938428
-0.047837125 0.101168902 0.101187801 0.789487124
0.108229874 -0.257785188 0.023745293 0.967604890
-0.051480377 0.141490439 -0.015183292 1.064926352
0.035047629 -0.100787972 -0.122606874 1.365712376
0.037797335 -0.109587034 0.078573339 0.721935685
0.022114666 -0.049992889 -0.089068642 1.358975203
0.038187281 -0.023235121 -0.033716561 0.987478674
-0.037149117 0.029500357 0.292647498 0.759023836
0.006376662 -0.009672843 0.007291434 1.015844287
-0.020643587 0.020049431 -0.041262522 1.069253641
-0.022061043 0.021892123 -0.000990033 1.016899407
0.064580691 -0.108070478 -0.000002384 1.015417933
0.006301239 -0.008995407 0.003572108 1.009341297
-0.000740612 0.004384112 0.026860843 0.965092701
-0.041426542 0.089824560 -0.124805838 1.283592716
0.070142636 -0.166784545 0.069480820 0.836733412
-0.026005508 0.073585817 -0.072448663 1.191557118
0.076236155 -0.212690837 -0.041853179 1.105889767
0.032479507 -0.072669561 0.131994706 0.549576527
0.062729115 -0.187618068 -0.080860784 1.358427375
0.035702776 -0.018505939 0.028489830 0.947168230
-0.011618632 0.014619046 0.285595076 0.767194561
-0.044682965 0.044376946 -0.007210372 1.030719457
-0.079731029 0.082929817 -0.049420017 1.077150067
-0.002961084 -0.016871109 -0.082679073 1.120386839
0.134792601 -0.223501635 0.071952028 0.888440188
0.001705960 0.002745660 0.027609477 0.963822526
-0.017696373 0.039610092 -0.131772506 1.266648290
-0.019845196 0.044122622 0.214506635 0.539462128
0.162727425 -0.375794399 -0.302058982 1.727563022
-0.193074333 0.513709996 0.031855906 0.892775801
0.154944714 -0.460743320 -0.072231425 1.184220322
0.123534911 -0.360231949 0.191524159 0.340202444
-0.016584602 0.172222196 -0.132768460 1.572514379
0.019541219 -0.017830175 -0.113984353 1.059541467
0.034466893 -0.028278147 0.230658664 0.818291359
-0.070468552 0.066163751 -0.000655055 1.026473701
0.023629213 -0.037343793 -0.049633998 1.080350539
0.018085330 -0.030136745 -0.042943348 1.071652695
-0.109550056 0.161316334 0.045614828 0.938815431
0.023701395 -0.065211139 -0.099616682 1.185709005
-0.144446879 0.254270578 0.091853175 0.821916282
0.270288329 -0.616673320 -0.184969858 1.403244624
-0.313147672 0.725229454 0.019764299 0.932356071
0.074607543 -0.244158583 0.113636273 0.697676137
0.000594258 -0.036921389 -0.103783583 1.306451723
-0.057000477 0.147381767 0.111234404 0.618394154
0.009940239 -0.106992952 -0.101602233 1.427173364
0.006747938 -0.011306178 -0.116564638 1.052054945
-0.011993561 0.001812871 0.254581586 0.792252593
-0.001209336 -0.007892932 -0.038457504 1.055987766
0.008824576 -0.018930235 -0.013193493 1.028197354
0.011963958 -0.023011431 -0.008323191 1.021865961
-0.076705406 0.109992615 -0.030067556 1.054482509
0.001786492 -0.023443615 0.028125058 0.955555063
-0.032706934 0.042093892 0.003021957 1.003250955
0.052726238 -0.137315760 -0.050258028 1.115138918
-0.022826841 0.036456318 -0.083560626 1.191734890
-0.042417062 0.085431871 -0.010622741 1.009390180
0.011364871 -0.065157539 -0.036217413 1.081055258
-0.024409236 0.049319604 0.170833098 0.418493613
-0.023326722 0.045206049 -0.163401301 1.688584312
-0.006703525 -0.005687055 -0.134469279 1.061604087
0.005898918 -0.014508765 0.277120189 0.773491464
-0.026556554 0.014701160 -0.040999641 1.059799304
0.031546412 -0.049212105 -0.022078760 1.038986334
0.016011620 -0.029016876 -0.029983513 1.049262513
-0.053418136 0.075127758 -0.007365344 1.015335259
-0.025747856 0.028088281 -0.026162276 1.047290044
0.068533599 -0.151046481 -0.046461241 1.085858077
-0.078594428 0.157922362 0.025929802 0.933836893
0.036033244 -0.105721278 0.000106692 0.993230045
0.018110902 -0.060915424 -0.074617279 1.180039972
-0.050859600 0.132201978 -0.033651880 1.065336859
0.004112268 -0.043708001 0.099612590 0.638890549
-0.011806279 0.016782477 -0.111538998 1.441266572
-0.020592605 0.005113381 -0.139540740 1.062987779
-0.021208042 0.005544186 0.256933585 0.785455756
0.002480372 -0.015775386 -0.009929535 1.025632558
-0.009902798 -0.002153898 -0.027846108 1.045340788
0.020349989 -0.041482520 0.000902414 1.007967711
-0.006742075 -0.000844423 -0.004450678 1.015997349
0.007317479 -0.024745666 -0.004702212 1.016424957
-0.035058361 0.055768429 -0.012664203 1.031552740
0.037627630 -0.096872146 -0.018898244 1.044644225
-0.041356822 0.084792090 -0.061847553 1.143427633
0.022859400 -0.075748465 -0.069246303 1.161924509
-0.035062245 0.086432138 -0.002490430 0.975008069
0.008294196 -0.052308473 0.125075499 0.566797088
-0.021587935 0.061243622 -0.035839083 1.178272492
0.009429315 -0.008315586 -0.148230502 1.068124030
-0.009041959 0.004614305 0.318236072 0.741597434
-0.013618407 0.008733108 -0.054533469 1.077090012
0.008032579 -0.015082976 -0.030466329 1.050616158
0.006196545 -0.012696133 0.004580616 1.005055131
0.000230418 -0.003746943 -0.005481838 1.020148812
0.000415394 -0.004061402 -0.012132530 1.031454988
-0.008721837 0.013299337 -0.026620636 1.058982390
0.041314022 -0.091775961 0.030896656 0.938196081
-0.044032258 0.104520479 -0.049971330 1.124192446
-0.012060441 0.024590937 -0.041648951 1.103386498
0.020227781 -0.065816084 -0.053043502 1.135291240
-0.012165476 0.037842338 0.128328324 0.554901389
-0.052811621 0.192297687 -0.034784379 1.174729651
0.017276071 -0.010807201 -0.126906939 1.049690876
-0.025691889 0.019270370 0.287935453 0.759301207
0.004993614 -0.008346582 -0.011435744 1.028735277
0.000309178 -0.003193702 -0.026355991 1.045147549
0.002903481 -0.006566296 -0.000324249 1.011306286
0.031011650 -0.048728549 -0.026559823 1.050659647
0.120204600 -0.200356568 -0.014626389 1.030372808
-0.078125373 0.176470375 0.014213329 0.975577345
-0.063397580 0.145542012 -0.020594592 1.048673975
0.014875421 -0.034485887 0.021076793 0.952829791
0.029298214 -0.070542869 -0.055036355 1.143112661
-0.002028527 0.017172005 -0.060584531 1.158647554
0.032419895 -0.093062948 0.070079874 0.740521452
0.005620108 0.008776240 -0.074882735 1.291379361
0.026811240 -0.020821176 -0.037121775 0.994072677
-0.042208175 0.027492414 0.253822819 0.790411465
0.026396393 -0.034251695 -0.007020829 1.025170742
-0.025209577 0.022514872 -0.025189528 1.045156311
0.007689314 -0.020253684 -0.020049210 1.038473897
0.011118920 -0.025398094 -0.011041758 1.024962719
0.032687729 -0.062065069 0.012722020 0.984564296
-0.043650845 0.082978220 -0.033589614 1.072556398
-0.026568946 0.047106232 -0.070414228 1.149888086
0.052814296 -0.135475221 -0.023812348 1.042703763
0.009953330 -0.028322805 -0.034819648 1.070222014
-0.000532525 0.001037587 -0.037986180 1.079088303
0.006489989 -0.021434456 0.185412794 0.364211575
0.030421964 -0.112375961 -0.153463939 1.651943145
0.001647456 -0.007645349 -0.010409356 0.975976348
0.018317585 -0.019314439 0.296675581 0.761016896
-0.020225289 0.015374146 -0.059161768 1.081270502
-0.003974565 -0.002501650 -0.015257602 1.032975918
0.001636361 -0.009795854 0.001601576 1.011058987
0.015768202 -0.030993616 -0.050989377 1.089945417
0.011060492 -0.022990508 -0.001854301 1.006415786
0.022118173 -0.044000101 -0.030447852 1.060743531
-0.011762345 0.027148983 0.065366610 0.859533170
0.027736281 -0.063697855 -0.081204455 1.196646612
-0.014957319 0.043036146 -0.043443250 1.102243600
0.045378173 -0.125903229 -0.021089608 1.039653405
0.009558361 -0.011279829 0.072097392 0.741454998
0.042930322 -0.138093282 -0.101145437 1.399777743
0.022045133 -0.017057331 -0.043629112 0.997400136
-0.037275675 0.024467234 0.282746868 0.768936953
0.022591547 -0.029413265 -0.037039510 1.056744686
-0.038478207 0.037763466 -0.031981480 1.051180853
0.012348650 -0.028311445 -0.010246632 1.022925552
0.063708250 -0.105350845 0.022594327 0.973664113
-0.003764638 0.009353067 -0.034057510 1.069972239
-0.000745985 0.003617627 0.045419948 0.918965071
-0.051991849 0.111233937 -0.164995750 1.360838017
0.041867741 -0.104643116 0.040625324 0.887909556
0.051451212 -0.128601795 -0.026191477 1.054951559
0.018524165 -0.036406062 -0.030152045 1.066041150
-0.022621806 0.095261044 0.125077883 0.569305370
0.083030997 -0.306219600 -0.166563476 1.677542523
-0.029145453 0.014316816 -0.091074115 1.024301949
-0.013182059 0.003142441 0.297680515 0.752173713
0.017250151 -0.024246547 -0.055077063 1.069655524
-0.060489011 0.061266532 -0.007437470 1.017251971
0.011254029 -0.031999417 0.007939933 0.997261348
0.072890429 -0.124454016 -0.048905301 1.082529200
0.052653811 -0.090051765 0.064252340 0.890161204
-0.149379040 0.293810647 -0.133517134 1.265923200
0.221231648 -0.484471762 0.017352994 0.949095945
-0.250826362 0.601261639 0.130384533 0.689123410
0.013176422 -0.058745322 -0.245012283 1.627615450
0.183241785 -0.534928329 -0.035377881 1.040639137
0.019096344 -0.009662911 0.108053006 0.581660290
0.094796667 -0.297324134 -0.131452315 1.491780498
-0.031783089 0.040784508 0.095362967 0.861227361
-0.106170355 0.092855593 -0.049129429 0.962372036
0.041171883 -0.039752418 -0.039790561 0.953967055
0.023534842 -0.020351672 -0.056324025 0.972153866
-0.031277732 0.050904672 -0.017352100 0.921490365
-0.031057485 0.050574301 -0.117369862 1.071517008
-0.098524826 0.165268784 -0.057191869 0.969214417
0.039920630 -0.097777580 0.044240669 0.776492596
0.033981319 -0.085305027 -0.094001569 1.066801283
0.061645540 -0.148932733 -0.032742910 0.925906370
0.021674691 -0.049005610 -0.033497418 0.927792642
0.018205664 -0.039292336 0.096800602 0.562958191
-0.003160388 0.029079031 -0.030986771 0.971877791
0.123335044 -0.451603605 0.056258443 0.640345981
-0.029790506 0.028604783 -0.005097986 0.926262975
-0.036166385 0.033067898 -0.033402147 0.946075887
-0.068547372 0.062210786 -0.057240115 0.967530058
0.028442006 -0.044477531 -0.050430614 0.960039607
0.049345039 -0.071651474 -0.022913212 0.924266986
0.006145066 -0.006851515 -0.086953321 1.020327150
-0.122048224 0.211077086 -0.023719081 0.912828938
0.005415130 -0.031103286 -0.133834827 1.122048853
-0.015677806 0.013191879 -0.066927655 0.981543799
0.036360049 -0.106495186 -0.075232071 1.000643954
0.040182300 -0.116050812 -0.003767610 0.821982802
0.020772490 -0.061703346 0.079275947 0.589460847
-0.073208756 0.239036647 -0.134958249 1.275010283
-0.016715569 0.024362540 0.057963732 0.541906764
-0.032381982 0.019695369 -0.031150879 0.944511683
0.041118073 -0.031754669 -0.037797692 0.949164451
-0.020144031 0.023381224 -0.042591979 0.953479310
-0.026481886 0.030352865 -0.038101091 0.948539333
0.019769538 -0.029773985 -0.056568371 0.972546796
-0.013478289 0.020097756 -0.084540228 1.014504581
-0.042520999 0.069470364 -0.033399177 0.927564792
0.054862241 -0.115557790 -0.130014466 1.111133839
-0.062433966 0.130764235 -0.007187126 0.853196438
0.006938165 -0.028791665 -0.210987875 1.321938151
0.025507757 -0.075215643 -0.052840519 0.926569761
-0.053820521 0.146903530 0.033583037 0.684583807
0.030332689 -0.122386746 -0.009203853 0.821501856
0.103128341 -0.399010219 -0.007726849 0.815889241
0.000133290 -0.002383644 -0.046638551 0.956436844
0.025604825 -0.020213718 -0.039215090 0.951240422
0.034270398 -0.028012734 -0.056797252 0.967064367
-0.082127870 0.100025364 -0.024441489 0.931473027
0.075398174 -0.104758486 -0.073257965 0.994934443
-0.013858200 0.029126075 -0.046173025 0.954307033
-0.070690028 0.125740186 -0.053928514 0.967491364
-0.002163105 -0.004460967 -0.103939213 1.062511691
-0.018277797 0.029379886 -0.137723055 1.133457757
-0.003744358 -0.004047023 -0.094247736 1.033464525
-0.045772472 0.101023262 0.097521758 0.554040791
0.043551998 -0.149085249 0.136514423 0.444861331
-0.040062770 0.118482011 -0.244900325 1.665388542
-0.016456541 0.028778341 -0.015898050 0.795179906
-0.003308206 0.000805706 -0.095106369 0.987183633
0.008221348 -0.007264982 -0.046473744 0.953140797
0.030061356 -0.026920988 -0.024613434 0.933466518
-0.060464410 0.072657356 -0.035153342 0.945060417
0.047665424 -0.067911422 -0.066251143 0.985487557
-0.038932069 0.061984818 -0.055945204 0.970028649
0.002616107 -0.008647084 -0.054604729 0.967749840
0.055320748 -0.108785902 -0.123416826 1.098492823
-0.061294915 0.136106981 -0.105432843 1.060726461
-0.049265455 0.108439224 -0.064035341 0.965512208
0.020613565 -0.066258327 -0.038291222 0.901151911
-0.000785573 -0.006340743 0.022518778 0.730883912
0.009316122 -0.038666165 -0.105862734 1.141704757
-0.026131210 0.096033692 -0.008998439 0.773620443
0.047564571 -0.036339042 -0.059454147 0.965286644
-0.001483363 -0.002005489 -0.002054572 0.925106943
0.039892781 -0.039244018 -0.097416914 1.010933048
-0.007096314 0.012443988 -0.041224673 0.949121582
-0.040353367 0.055678156 -0.045289386 0.954405709
-0.005258849 0.003036378 0.001856982 0.883686156
-0.002140797 -0.002264310 -0.062026404 0.992287915
0.002828775 -0.011706496 -0.072410729 1.012018132
0.031886753 -0.072728248 -0.045357634 0.955206635
-0.009808397 0.023170594 -0.146547223 1.187942686
-0.031522289 0.077455325 0.032110418 0.741298583
0.026159150 -0.084052702 0.048098106 0.696533059
0.002768670 -0.009203164 -0.059382329 1.040470454
0.032004743 -0.120300241 0.070232753 0.547933149
0.025073535 -0.019344640 -0.041789713 0.953001590
-0.027165682 0.017222812 -0.021295251 0.938655466
0.018749831 -0.024101149 -0.077501517 0.989241105
-0.010954455 0.008573567 -0.031497192 0.938636346
0.008260243 -0.016405539 -0.060556517 0.976413467
-0.033117041 0.045660385 -0.025056595 0.923163584
0.070348862 -0.130231655 -0.052553136 0.969907706
-0.043686191 0.086434944 -0.113171678 1.085082933
-0.028436089 0.054409731 -0.019690390 0.888772237
0.004708188 -0.021822105 -0.065358862 0.993809721
0.001751632 -0.014430714 -0.026044055 0.895522704
0.008814770 -0.034207502 0.093859859 0.559791751
0.016426475 -0.058564958 -0.097045119 1.170687690
0.000764289 0.000951351 -0.012027920 0.847622337
-0.015404331 0.013883676 -0.028576257 0.946080328
-0.015006577 0.013605248 -0.027417840 0.945269436
-0.055272881 0.049844920 -0.057221637 0.972092853
0.032986857 -0.047240793 -0.092518661 1.010919580
-0.050695764 0.061546610 -0.057685659 0.965636680
0.032655854 -0.063480818 -0.131204991 1.075915677
0.068951651 -0.125183674 -0.055063089 0.946474439
-0.021888388 0.047412397 -0.041962579 0.921583471
0.003735142 -0.006397011 -0.049142528 0.936661363
-0.035887871 0.084735916 -0.071181936 0.987352001
-0.052387246 0.125984354 -0.094986573 1.046863594
-0.029858586 0.062904106 -0.097918189 1.055072118
-0.034999480 0.079354969 -0.021672451 0.811085753
-0.060108540 0.174769396 0.052074197 0.530848494
-0.043547272 0.039879147 0.007268787 0.924100220
-0.010901218 0.017026909 -0.054443184 0.967298599
0.004169025 0.003463691 -0.025817746 0.941535705
-0.104881819 0.123419621 -0.107421317 1.031299636
0.028637566 -0.050155573 -0.091541984 1.010656503
-0.019678455 0.022318459 -0.100037730 1.023400122
0.030033867 -0.062192490 -0.105587878 1.032835374
-0.015450691 0.024228169 -0.135462333 1.089596837
-0.010919671 0.014713027 -0.032563798 0.873509924
-0.136183887 0.302820718 0.062385783 0.655125894
-0.056161455 0.102764637 0.031765506 0.731676586
0.033113800 -0.147206070 0.027620637 0.743282219
0.023041700 -0.114975352 -0.161253240 1.347678632
0.030234382 -0.142307543 0.105698935 0.333260383
-0.065222554 0.058659250 0.082999473 0.875612554
0.011258643 0.005122413 -0.034203531 0.957654656
-0.029197123 0.041532602 -0.083785633 1.002278546
-0.067795230 0.083990520 -0.034677995 0.948260143
0.027483590 -0.039871941 -0.062329158 0.984206654
-0.085279618 0.129272870 -0.097852028 1.037490959
-0.051087290 0.071145911 -0.040819362 0.940535423
-0.044860102 0.059314253 0.014292901 0.835822126
-0.052232097 0.074795442 -0.071001930 1.014941263
0.054864461 -0.171526634 -0.094062962 1.067981634
-0.083552997 0.174517010 -0.001748006 0.837194245
0.045511861 -0.186864586 0.012705472 0.796724507
0.008833571 -0.069494057 0.030508940 0.739753408
-0.018169695 0.033118352 -0.002336502 0.864566088
-0.057129388 0.052575475 0.034215154 0.930324524
-0.013976489 0.022368446 -0.023625196 0.970812768
-0.013399298 0.021848974 -0.015125867 0.963163372
-0.019250666 0.028285479 -0.073156383 1.026996941
0.005215000 -0.003519885 -0.077533405 1.032687070
0.027810606 -0.037413294 -0.037399521 0.972486244
-0.066928057 0.123642438 0.024023363 0.868067338
0.028063547 -0.056841609 -0.029801141 0.970333894
-0.027526588 0.059897671 -0.043440749 0.998977069
-0.016535255 0.034617604 -0.107011472 1.145189728
0.060617815 -0.158265071 -0.008917850 0.899955674
0.082838783 -0.220483780 -0.047915566 1.009149279
-0.014731359 0.091740678 0.090912893 0.564898202
-0.013862274 0.088438157 0.036130028 0.773073086
-0.030134797 0.032275397 -0.063425604 0.991308244
-0.052413837 0.047870725 -0.018624068 0.959947169
-0.022328111 0.020793573 -0.018479522 0.959817077
-0.038924777 0.039049905 -0.082615942 1.030367141
0.025478921 -0.044674900 -0.062110409 1.003709950
0.068947843 -0.109878282 0.003919004 0.904665829
-0.012567148 0.028697206 -0.057311377 1.008757480
0.053556485 -0.096937695 0.000483394 0.898947417
-0.166314666 0.364791701 0.004844366 0.889789376
0.069990727 -0.178710691 -0.064534232 1.049360147
0.013269347 -0.036907241 -0.080613109 1.089557342
-0.052420766 0.147025072 0.098862475 0.587025713
0.011225888 -0.056644223 -0.038051711 1.025151115
0.098325849 -0.387624071 0.086161350 0.553141489
-0.021302927 0.019352541 -0.056267682 0.986540349
-0.016604323 0.016063518 -0.020733775 0.961666614
-0.040170101 0.037272718 -0.044322599 0.982896556
0.025489786 -0.034953160 -0.018166608 0.954124965
-0.007841099 0.008376989 -0.081465821 1.036413938
0.012128526 -0.021577447 -0.005569457 0.922569392
0.015460252 -0.027241381 -0.064645433 1.022998554
0.020209473 -0.036264902 -0.074228075 1.041205574
0.023783731 -0.043770843 -0.021553034 0.930587994
0.040648928 -0.082560797 -0.101343667 1.114106446
0.004501461 0.007807871 0.025922461 0.795941124
-0.110489281 0.329781943 -0.032826803 0.960439062
0.044769388 -0.167045804 -0.020510160 0.921025804
0.094092685 -0.354474329 0.136097454 0.325916877
-0.010242174 0.006922272 -0.063135032 0.993122401
0.017860939 -0.012749907 -0.059838299 0.990814688
-0.055488125 0.053264249 -0.002663135 0.939357042
0.016988287 -0.026459806 -0.037868633 0.978083090
-0.014819669 0.014890536 -0.071709139 1.022075747
-0.040311487 0.053128263 -0.091035940 1.051065949
0.083220867 -0.156876746 0.036071552 0.834983206
-0.010953224 0.022054024 -0.046128945 0.991164148
-0.018479914 0.037860074 0.042129447 0.805821533
0.010770535 -0.029415957 -0.109346185 1.154215479
0.031786955 -0.081957007 -0.024595265 0.942338178
-0.116764018 0.333985711 -0.022108252 0.935374542
0.042935120 -0.177051540 0.018558406 0.805241237
-0.033682275 0.114094557 0.148032167 0.313240949
0.011609148 -0.012092769 -0.064586703 0.989183875
-0.007314296 0.001153642 -0.034101011 0.967843891
0.025204415 -0.028113197 -0.017969306 0.953325357
-0.024460321 0.026518014 -0.084764988 1.026800608
0.047622284 -0.067189370 -0.044884075 0.974955424
-0.035405494 0.057352297 -0.081718843 1.030207575
-0.022297283 0.035068337 0.078503816 0.757829048
-0.012416288 0.016294447 -0.064283930 1.029125762
0.050525174 -0.115882618 -0.055341111 1.010345843
-0.005369843 0.012675920 -0.103906964 1.122047303
0.054380422 -0.136699741 -0.053014764 0.994816801
-0.023942584 0.082604671 0.003880112 0.835511151
0.037276195 -0.113295426 -0.050761807 1.010365296
0.071721000 -0.244185682 0.131340407 0.318376890
-0.009525762 0.009025992 -0.003420115 0.946876884
-0.004146581 0.005260565 -0.038665833 0.971548886
0.045989942 -0.039862304 0.023824269 0.915307796
-0.052644346 0.068635414 -0.106914678 1.059120640
0.027007855 -0.034912444 -0.009851751 0.932938840
-0.074992656 0.118088323 -0.034883014 0.970485734
-0.020575731 0.025579548 -0.013198857 0.933622667
-0.022942553 0.030076510 -0.093277428 1.085771950
0.035685842 -0.093043113 -0.044372369 0.983071331
0.015927882 -0.047599807 -0.057643638 1.013595249
0.096631607 -0.249359120 -0.037128534 0.962307488
0.017764625 -0.028531572 0.101018822 0.575494898
-0.072229456 0.259449489 0.007047555 0.876202957
0.102371548 -0.404034317 0.219773216 0.067845454
-0.010909361 0.004879447 -0.005034507 0.950543553
0.018922928 -0.016003155 -0.030877890 0.968633921
0.001960744 -0.000737190 -0.029679232 0.967555128
-0.036879723 0.041987325 -0.082755118 1.025938605
-0.000532248 -0.005264391 -0.058677481 0.994637677
-0.049762563 0.068581081 -0.048703540 0.979676766
0.037929597 -0.080495595 0.070886339 0.776373966
-0.012383503 0.015099293 -0.088881286 1.079932450
0.061195558 -0.139416727 -0.016232129 0.927369227
-0.078129164 0.181030126 -0.023881489 0.944962756
0.073390584 -0.197769242 -0.024241412 0.945862561
-0.014525525 0.048395859 -0.028794997 0.958612600
0.040497799 -0.127678781 -0.005493662 0.884048326
0.161005664 -0.585608663 0.026484729 0.762530441
-0.041487505 0.030888527 -0.036403241 0.965910823
-0.069221554 0.050302361 -0.018690528 0.953511924
-0.010241519 -0.002779669 -0.019707973 0.954427625
0.030219324 -0.047286597 -0.030542027 0.966345085
0.000988988 -0.009287161 -0.129346519 1.094790919
-0.005342179 0.000209589 -0.019498761 0.930019282
-0.004166906 -0.001788375 0.024872431 0.854588254
-0.026156823 0.039992466 -0.076468912 1.047136804
-0.011593487 0.009409462 0.013789531 0.857594081
-0.010893594 0.007799707 -0.064283892 1.037162951
0.089329103 -0.242757034 -0.034441357 0.962556614
0.007206902 -0.012814875 0.039311936 0.756047396
-0.024318818 0.088067431 0.027613446 0.793482566
0.182117144 -0.696389216 0.066902120 0.644185606
-0.004651135 0.003485492 -0.031052830 0.957892478
0.000255576 0.000050794 0.001510382 0.935098231
-0.029882802 0.027175334 -0.054770993 0.985751467
0.001270744 -0.007093567 -0.024041840 0.951949398
0.016405342 -0.026768545 -0.083232502 1.028897256
-0.048074717 0.069951544 0.001915991 0.901174516
-0.060838725 0.091650358 -0.039024665 0.970773633
0.047963460 -0.115073791 0.015547281 0.867086937
-0.003026728 -0.007994401 -0.012840626 0.926701538
0.072068822 -0.180714161 -0.061868116 1.039464765
-0.052413580 0.130491844 -0.078295283 1.080532681
0.031534468 -0.104562688 0.078594666 0.641240832
-0.014352626 0.042276015 -0.078921529 1.145292664
0.226153532 -0.871647372 0.117690421 0.398167261
-0.013893124 0.010783841 0.058041516 0.901097147
-0.048306945 0.034873515 -0.036863091 0.967530371
-0.010958898 0.001260274 -0.025675887 0.957461887
-0.000860039 -0.009848470 -0.044517235 0.978187371
-0.026105548 0.022970689 -0.054622578 0.991324316
0.010825258 -0.032425519 -0.024544591 0.946207336
0.021633327 -0.050799238 -0.040257290 0.972918924
-0.007158483 0.003905201 -0.027803789 0.949257273
-0.065367583 0.126144306 0.018762942 0.851467144
0.076942859 -0.201169703 -0.122235090 1.175762610
-0.001539483 -0.004963850 0.003826619 0.860608338
0.029868956 -0.092907477 0.072640312 0.667929999
0.010136270 -0.029762880 -0.019294821 0.962122431
0.033398452 -0.118159171 0.020431132 0.811163809
0.034294575 -0.020421868 -0.056871477 1.004360648
-0.084891353 0.063008280 0.301345605 0.753608695
0.070263960 -0.076631498 -0.006839631 1.030975400
-0.005057554 0.006222169 -0.030096780 1.056558264
0.042840273 -0.056045004 -0.016291734 1.038611704
-0.046785686 0.078393934 -0.008206366 1.026483652
-0.048307659 0.080981290 -0.017778880 1.042756927
-0.046808243 0.078132398 0.068515564 0.878797486
0.038171890 -0.100325873 0.054888712 0.907413873
0.014178093 -0.045140140 -0.396149362 1.944801422
-0.011076504 0.017996351 0.157810276 0.559902327
-0.094041888 0.250299424 -0.020259316 1.058497176
-0.053865620 0.121735364 0.040695078 0.863443114
-0.064507168 0.162173245 -0.143848815 1.564709898
0.022894076 -0.013495519 -0.066925291 1.009628357
0.004874521 -0.000881830 0.276495533 0.769233785
-0.044711472 0.043745562 -0.001147389 1.019112408
0.056944822 -0.068076364 -0.020054586 1.039910325
-0.018517798 0.030025038 -0.020443792 1.040416293
-0.035582538 0.055622149 -0.010677574 1.025766965
0.015711484 -0.031577692 0.036070956 0.946294463
0.031823761 -0.062191017 0.065920377 0.889580564
-0.019401135 0.045381259 -0.162135622 1.368498139
0.001825424 -0.003439824 0.074275416 0.824752762
-0.069122452 0.173929865 -0.095470762 1.249118207
-0.033440340 0.074019952 0.044835646 0.856260272
-0.002748638 -0.024193496 0.061265141 0.803685889
-0.122032690 0.429085896 -0.034751447 1.168548918
0.008188542 -0.007894613 -0.045751932 0.992943765
-0.020874912 0.012449805 0.293097812 0.755748949
-0.007114423 0.000065365 0.007091163 1.013154926
0.042088736 -0.054058111 -0.046423690 1.072021265
0.025236004 -0.032149561 0.037639132 0.962739600
-0.064506799 0.102464645 0.001357197 1.017162502
0.007864929 -0.020567297 -0.065239691 1.130377216
-0.060590504 0.109498024 0.055133720 0.901667738
0.121098877 -0.272049658 -0.052599894 1.127908318
-0.059964361 0.144395780 -0.064902886 1.156205198
-0.018189871 0.039959554 0.026900375 0.926697045
0.017354367 -0.059564308 -0.000159442 1.002464533
-0.055056710 0.172151139 0.094252244 0.700347133
0.029035522 -0.147399337 0.063640181 0.816672969
-0.003989144 0.001271841 -0.015645624 0.976962328
-0.008479519 0.004415103 0.286030488 0.765789053
-0.008395085 0.004339113 -0.027673834 1.048122936
0.005271592 -0.010694232 0.000224114 1.017435193
0.052349435 -0.071895426 -0.013577339 1.035377080
-0.046925182 0.077016500 -0.004311799 1.021478771
-0.048872662 0.080327216 0.008566383 0.999585861
0.039486368 -0.087554940 -0.004459025 1.024334136
-0.046837412 0.093724990 -0.036243788 1.091082134
-0.024769077 0.042967821 -0.003842711 1.016559658
0.003613222 -0.027987926 -0.019270582 1.055129337
0.014846019 -0.059439757 -0.061383233 1.173044757
-0.055443293 0.165486045 0.143636091 0.516982913
0.106920532 -0.451496482 -0.074824844 1.347134455
0.002596496 0.001394493 -0.078473394 1.025096806
-0.024297349 0.020220185 0.291484910 0.766125998
-0.001678993 -0.000136336 -0.014716383 1.041707155
-0.022496030 0.022762406 0.003632904 1.021522938
0.042273089 -0.061437446 -0.033113949 1.069293845
-0.024311838 0.038439945 0.007778404 1.007955316
0.010462122 -0.020675789 0.017433769 0.991541195
-0.001620591 0.002281366 0.009344820 1.006910199
-0.020109169 0.041107378 -0.061644897 1.155988597
0.033071050 -0.081207123 -0.109662983 1.266430193
0.048101327 -0.118782816 -0.019776030 1.041712809
-0.042663261 0.135358027 0.008287130 0.963135964
0.002615282 -0.009533313 0.196751785 0.360049059
0.009646225 -0.036250897 -0.075553213 1.394808038
0.026781422 -0.012543445 -0.105727023 1.042222890
-0.014622294 0.016439155 0.289098936 0.765844724
0.000211646 0.003088609 -0.008626578 1.033797679
0.001737652 0.001410004 0.013296609 1.009682173
0.002529835 0.000380166 -0.031765692 1.068263162
0.013793094 -0.016514722 -0.027821653 1.062347104
-0.015396310 0.033107265 0.035830153 0.954139030
-0.020120184 0.042082626 0.012540226 0.998389892
0.031808022 -0.066966602 -0.083151440 1.199342380
0.031450821 -0.066145040 0.000907182 1.006007553
0.037939198 -0.082365981 -0.007801852 1.027780139
-0.075184026 0.234379039 0.062378630 0.831274792
0.012641344 -0.046662150 0.086609139 0.753737163
0.083166415 -0.314657415 0.043985846 0.915705673
0.046131236 -0.024573083 0.009390116 0.958592295
-0.058647670 0.048772151 0.307167787 0.750147930
0.032178918 -0.032971777 -0.006681679 1.032612441
0.010734473 -0.009382887 -0.022544869 1.050061951
-0.016431396 0.025932742 0.001245737 1.019134164
-0.008741632 0.014398096 -0.005351900 1.029030619
0.007132122 -0.012587287 0.015465027 0.993641843
-0.026555330 0.051418873 -0.023831734 1.068305687
0.139926657 -0.298193286 -0.025856489 1.072557672
0.040250215 -0.068937474 -0.214770683 1.507060310
-0.070777752 0.208632443 0.026614472 0.903597424
-0.036550227 0.112795375 0.044493665 0.853535684
0.046788621 -0.153888940 0.042107311 0.861172017
0.003393803 0.011011367 0.066143427 0.769834775
-0.004216753 0.001732219 -0.014750660 0.972609014
0.000155127 -0.001328097 0.283050256 0.764148376
0.024973039 -0.023664217 0.029063218 0.992736704
-0.032431052 0.039480285 -0.049861091 1.079553446
-0.003481723 0.001846158 0.023393625 0.984322318
0.024917974 -0.040753387 -0.007543562 1.030728099
0.013197446 -0.020828489 -0.000785589 1.019239545
0.008403897 -0.011720746 -0.092112455 1.192760588
-0.023517127 0.055313402 0.059717283 0.873918152
0.176096411 -0.403797728 -0.018520351 1.053864706
-0.070771440 0.213371901 -0.034019952 1.092613711
-0.040164836 0.127673412 -0.017504092 1.046369302
0.062402750 -0.200542869 0.168601897 0.450830127
0.050459679 -0.155159202 -0.024643989 1.185164486
0.044862660 -0.025137876 -0.047625604 0.994838448
-0.034904999 0.030699485 0.297034401 0.753576449
0.000468786 -0.001136921 0.000989437 1.020016909
-0.013296974 0.014005416 -0.041866914 1.067158895
-0.018279634 0.020482873 0.015639063 0.992401129
0.057659515 -0.093425850 -0.009543297 1.030174669
0.035377146 -0.055545822 -0.013049846 1.036135801
-0.039005519 0.085781240 -0.001357198 1.013919772
0.024004147 -0.046539053 -0.034577838 1.083683113
-0.052418498 0.129233026 -0.009760258 1.026602680
0.004519933 -0.013113052 -0.037761535 1.096605872
0.107587299 -0.301701671 -0.004811435 1.004345592
0.028600331 -0.048943369 0.147140149 0.518100518
0.077344431 -0.234170945 -0.284784081 2.159412569
0.052912922 -0.029852642 0.000266731 0.964781731
-0.007476858 0.012420204 0.299319643 0.755444697
-0.061306024 0.060866451 -0.003864764 1.028310656
-0.064964136 0.064890375 -0.076825646 1.108567628
0.014717547 -0.038695810 -0.023657674 1.039449266
0.116247991 -0.190991476 0.006976126 0.993498566
0.050478624 -0.079183547 0.015373235 0.979223480
-0.128955743 0.261741745 -0.166764319 1.325284829
0.035994046 -0.084652796 0.206306528 0.541836087
-0.087440782 0.199247302 -0.318397506 1.748655338
0.001641972 -0.023459582 0.129607340 0.628643223
0.148723910 -0.435289001 -0.025479787 1.062887174
0.081003545 -0.218583830 0.097452616 0.669503476
0.021448826 0.007724099 -0.117729164 1.487194231
0.051623914 -0.041705213 -0.108443803 1.053483221
0.043311898 -0.035886802 0.247577444 0.804268353
-0.068773770 0.064990297 0.013998147 1.014489714
0.012542037 -0.024457093 -0.089175733 1.127980985
-0.004546287 -0.002242272 -0.028076165 1.048551549
-0.079179303 0.109707252 0.009580848 0.992066029
0.043431303 -0.098730785 -0.098823642 1.176353668
-0.096091672 0.166362864 0.061205945 0.872297455
0.148556835 -0.347398977 -0.093590595 1.197370175
-0.162034001 0.366959930 -0.055028485 1.108677325
0.034514417 -0.124411113 0.066264084 0.805445903
-0.025133666 0.042603516 -0.077608507 1.208289151
-0.008494862 -0.010640660 0.062840988 0.758850758
-0.140313487 0.490270109 -0.168894539 1.639445752
0.009481437 -0.018797464 -0.117061443 1.053591285
0.021942390 -0.027520130 0.247147396 0.798645102
-0.016099527 0.006717594 -0.053650724 1.069363402
-0.039527356 0.032488206 -0.025259861 1.038133453
0.084621243 -0.128904967 0.021301503 0.977603682
-0.067893432 0.099867046 -0.058387206 1.097136745
0.000187671 -0.015870832 0.007905367 0.984439368
-0.056841687 0.092484947 0.009577576 0.981262171
0.061806626 -0.156676499 -0.015735324 1.034419259
-0.064661920 0.134201151 -0.071896297 1.163589494
0.006176011 -0.042893677 -0.008409621 1.004872802
-0.052119099 0.120332628 -0.046169449 1.110600319
0.009940007 -0.078256516 0.152404730 0.475162938
0.118467577 -0.490661276 -0.082717468 1.368627280
0.011583875 -0.016923776 -0.126041777 1.053783003
-0.016177102 0.002508907 0.281544345 0.768472723
0.009740430 -0.020816871 -0.027858012 1.046934836
0.022912029 -0.035305630 -0.055457969 1.077294790
0.013953191 -0.023659142 0.020835395 0.978113420
-0.070801434 0.103472796 -0.019641514 1.038828783
-0.041349126 0.053403871 0.112999718 0.813338682
0.137577369 -0.286556465 -0.162298439 1.336405175
-0.059233697 0.126746754 -0.002223253 1.000247298
-0.085820815 0.187897124 0.019176300 0.951028329
-0.060077897 0.123539829 -0.087475195 1.217657064
0.037794276 -0.150502251 0.045376260 0.845672998
0.000575557 -0.031402348 0.153189922 0.500669275
-0.056332197 0.184847117 -0.227271183 1.946421455
0.004892997 -0.011633187 -0.135707565 1.056529437
-0.020430662 0.006093374 0.281184928 0.764704696
0.006175557 -0.017852222 -0.006273983 1.023417710
0.012570638 -0.024886812 -0.043485180 1.064350027
-0.017870902 0.014687189 0.023176069 0.977690407
0.003352840 -0.017148424 -0.020812745 1.043673627
-0.052499655 0.077800819 -0.029208671 1.057946701
0.026103109 -0.071544431 -0.065438473 1.126783324
0.073768019 -0.171640737 0.039271703 0.906891965
-0.088121885 0.200706035 0.010246334 0.973650313
0.008057457 -0.039742319 -0.027921204 1.069069158
-0.006240433 0.000291770 0.002202987 0.984721424
-0.005002448 -0.003669781 0.092405890 0.696072130
-0.052004469 0.174937896 -0.095441124 1.409890773
0.020358919 -0.013234727 -0.148088345 1.068193977
-0.022156915 0.016526356 0.316534061 0.742958298
-0.015563118 0.010591940 -0.063962325 1.085405036
0.014840529 -0.022852073 -0.014636522 1.031146652
0.009928350 -0.016466241 -0.050122130 1.077277940
-0.003148221 0.003148617 0.027150505 0.961368988
-0.044158977 0.072866904 -0.044028477 1.082373261
0.047589633 -0.101455453 0.013814275 0.972472033
-0.081762392 0.170183786 -0.063080475 1.133951001
0.097124324 -0.241255652 0.001869797 0.984565378
0.008928955 -0.020767229 -0.094028329 1.224310694
-0.030270274 0.088990612 0.016868259 0.913800252
-0.024467228 0.070420862 0.179566968 0.393164376
0.133216496 -0.528777281 -0.049551728 1.263815412
0.010615676 -0.009523931 -0.135120758 1.051717226
-0.010995120 0.005603626 0.310657639 0.739672354
0.015400642 -0.018152559 0.000411272 1.018894076
-0.009217000 0.008926847 -0.043396369 1.067082483
0.019000992 -0.027756541 -0.002812146 1.014322995
-0.000510915 0.001511320 0.002628564 1.006161929
0.026289839 -0.044049963 -0.020360358 1.045243098
-0.084262723 0.165999902 -0.003970267 1.014101925
0.086391739 -0.192374451 0.005542635 0.994124833
-0.030667647 0.076862130 -0.170738954 1.399572479
-0.050392408 0.126174033 0.026101077 0.907472401
0.029513987 -0.097563871 0.017195340 0.932408464
0.044529819 -0.145614534 0.086351647 0.711108279
0.030759978 -0.093289136 -0.144481295 1.588273447
0.014765665 -0.013636357 -0.036097171 0.990277887
-0.047921452 0.030244624 0.248666122 0.790943585
0.021766601 -0.032474621 -0.003309249 1.017721414
-0.019179534 0.012566127 -0.006930831 1.021705153
-0.024732858 0.019785448 -0.025806421 1.046243420
0.010717988 -0.033390820 0.002292990 1.004094303
0.052155701 -0.103834934 -0.061422906 1.112411331
-0.056785051 0.103152492 0.052628834 0.895713027
0.057659007 -0.137180019 -0.059979246 1.132189983
0.056886052 -0.135402222 0.001076758 0.991761178
-0.080765455 0.208726546 -0.030063197 1.069611065
0.027728560 -0.095056690 0.073727203 0.778997951
0.011587879 -0.043406512 0.037253306 0.895714421
0.006864672 -0.025458325 -0.086705168 1.366756619
0.002061452 -0.006822257 -0.042927268 0.995417596
0.007773801 -0.010820901 0.285199302 0.765729002
-0.024131447 0.017893822 -0.037965169 1.056577018
0.001642081 -0.010457059 -0.025128135 1.042456280
-0.040624281 0.044489209 -0.016826387 1.031664008
0.035596570 -0.069842067 0.074569565 0.894570079
0.023066682 -0.048541258 -0.135181297 1.251146554
-0.014836405 0.023474606 0.029273938 0.938681613
0.087688069 -0.191826779 0.092960574 0.804939683
-0.122417271 0.291415493 -0.209460805 1.500508839
0.022424221 -0.070688236 0.025871201 0.912178824
-0.058172732 0.154983227 -0.025355512 1.055613619
0.086832188 -0.309032521 0.104878561 0.638864578
0.007958999 -0.009314410 0.005352497 1.017063617
-0.002690328 -0.002684058 -0.019299091 0.979711027
-0.029831705 0.016314906 0.297377127 0.758037677
0.009598134 -0.019171948 -0.048360813 1.069201816
-0.036930469 0.032009516 -0.024577984 1.043040703
-0.007260794 -0.006561060 0.006594656 1.002516272
0.043990047 -0.083437322 -0.044795264 1.079601153
0.053707627 -0.099957208 -0.050870496 1.089929048
0.013875694 -0.024276536 0.088761779 0.824627729
-0.030549281 0.069015907 -0.018118616 1.049076546
0.057499587 -0.133496485 -0.083989183 1.200578848
-0.034751165 0.097130394 -0.019044879 1.038218089
0.031401307 -0.088096524 -0.030060552 1.069061973
0.121130433 -0.375229732 0.150309428 0.491878029
-0.029280607 0.196332212 -0.168011571 1.701497808
-0.004496532 -0.000254670 -0.087496644 1.022913339
-0.039763209 0.024432004 0.338477811 0.724731227
0.029280968 -0.037707754 -0.096479035 1.116192377
-0.059040343 0.059445690 -0.030637990 1.043767227
0.047435600 -0.078973030 0.006154774 0.995936634
0.028998572 -0.051317489 -0.028251999 1.047546794
0.057033258 -0.098976456 0.139553001 0.762278287
-0.095576678 0.190982419 -0.173478189 1.357037539
0.125697472 -0.273693275 -0.014554855 1.023298553
0.089241576 -0.189844715 0.234370176 0.450770995
-0.210468045 0.559429337 -0.223192807 1.594678451
0.045430396 -0.157086285 -0.030300759 1.054580726
0.066107545 -0.223253165 0.105637229 0.619579157
0.070915950 -0.241525104 -0.080333655 1.326268508
