0.000745450 0.000248653 -0.009567293 0.009767127
0.000447393 0.000457293 -0.002930389 0.005121294
0.000149952 0.000724990 -0.001394309 0.003738822
0.000056028 0.000828305 -0.000888469 0.003182398
0.000084265 0.000791597 -0.000612881 0.002824133
0.000035309 0.000865032 -0.000392737 0.002493918
0.000004111 0.000918067 -0.000216644 0.002194560
0.000021605 0.000884830 -0.000157931 0.002083004
0.000048494 0.000828363 -0.000057159 0.001871384
-0.000046034 0.001045777 0.000007218 0.001723317
0.000005659 0.000916545 -0.000033173 0.001824292
0.000004858 0.000918787 0.000037138 0.001627423
-0.000007745 0.000959117 0.000157533 0.001242159
0.000062855 0.000690837 0.000292851 0.000727949
0.000426519 0.000633468 -0.005391387 0.006621719
0.000146257 0.000829651 -0.002167218 0.004364801
-0.000002921 0.000963912 -0.001230841 0.003522062
-0.000001734 0.000962606 -0.000794566 0.003042159
0.000081383 0.000854554 -0.000561996 0.002739818
0.000000519 0.000975850 -0.000336552 0.002401652
0.000012533 0.000955427 -0.000213088 0.002191763
-0.000030253 0.001036719 -0.000143560 0.002059660
0.000000365 0.000972421 -0.000015053 0.001789796
0.000013002 0.000943356 -0.000094568 0.001972679
0.000015358 0.000937466 0.000024597 0.001674766
0.000007156 0.000960432 0.000056664 0.001584979
0.000069591 0.000760641 0.000204842 0.001110809
0.000184640 0.000323453 0.000442232 0.000208728
0.000298501 0.000817767 -0.003915009 0.005578287
0.000075809 0.000973652 -0.002003006 0.004239885
-0.000091193 0.001123953 -0.001197040 0.003514516
-0.000078530 0.001110024 -0.000882184 0.003168174
0.000028145 0.000971347 -0.000541122 0.002724793
-0.000020486 0.001044293 -0.000357749 0.002449734
-0.000028035 0.001057126 -0.000250703 0.002267756
0.000022439 0.000961226 -0.000127298 0.002033287
-0.000004744 0.001018310 -0.000145101 0.002070671
-0.000023089 0.001060503 0.000061568 0.001595334
0.000000856 0.001000642 -0.000028576 0.001820693
0.000004242 0.000991162 0.000077529 0.001523600
0.000029296 0.000910987 0.000203244 0.001121311
0.000388435 -0.000453742 0.000508318 -0.000037969
0.000153027 0.001000704 -0.003862399 0.005596197
-0.000047516 0.001141084 -0.002010577 0.004299921
-0.000117453 0.001204027 -0.001261426 0.003625686
-0.000092010 0.001176040 -0.000905890 0.003234596
-0.000010965 0.001070682 -0.000595980 0.002831713
-0.000030300 0.001099684 -0.000384948 0.002515165
-0.000002992 0.001053260 -0.000225605 0.002244282
-0.000004982 0.001057041 -0.000223257 0.002239820
-0.000003603 0.001054146 -0.000044369 0.001864157
0.000058339 0.000911678 -0.000091989 0.001973682
0.000014793 0.001020543 0.000059823 0.001594153
0.000014175 0.001022275 0.000077361 0.001545045
0.000004015 0.001054785 0.000234278 0.001042912
0.000309699 -0.000106814 0.000503046 0.000021592
0.000401838 0.000880396 -0.004154498 0.005851648
-0.000057337 0.001201818 -0.002184439 0.004472608
-0.000253974 0.001378791 -0.001316180 0.003691174
-0.000155061 0.001269987 -0.000920556 0.003255988
-0.000087752 0.001182485 -0.000581730 0.002815514
-0.000043150 0.001115583 -0.000377524 0.002509206
-0.000031630 0.001095998 -0.000264450 0.002316980
-0.000015754 0.001065834 -0.000133310 0.002067812
0.000083374 0.000857666 -0.000177651 0.002160930
-0.000057517 0.001181714 0.000045451 0.001647795
0.000096326 0.000797106 0.000005658 0.001747278
-0.000102446 0.001353668 0.000105162 0.001468666
0.000115747 0.000655453 0.000231963 0.001062904
0.000154675 0.000507524 0.000429408 0.000312612
-0.000062195 0.000934580 -0.003934592 0.005619717
-0.000147923 0.000994589 -0.001862575 0.004169305
0.000023376 0.000840420 -0.001289519 0.003653555
0.000001504 0.000864479 -0.000865879 0.003187550
0.000000577 0.000865684 -0.000598759 0.002840294
0.000026705 0.000826492 -0.000359788 0.002481837
0.000032837 0.000816068 -0.000218862 0.002242264
0.000059160 0.000766054 -0.000126165 0.002066138
0.000083186 0.000715600 -0.000066126 0.001940057
-0.000030566 0.000977229 -0.000095636 0.002007931
0.000042472 0.000794634 0.000031698 0.001689594
0.000009425 0.000887166 0.000076907 0.001563009
0.000077946 0.000667900 0.000129794 0.001393773
0.000246591 0.000027049 0.000602210 -0.000401408
-0.000063634 0.000989437 -0.003732156 0.005463871
-0.000112543 0.001023673 -0.001717472 0.004053592
0.000034753 0.000891107 -0.001216444 0.003602667
-0.000062932 0.000998560 -0.000917006 0.003273285
-0.000015188 0.000936492 -0.000608116 0.002871729
-0.000017516 0.000939985 -0.000408618 0.002572481
0.000016215 0.000882642 -0.000252366 0.002306853
0.000088560 0.000745187 -0.000116748 0.002049178
-0.000017402 0.000967707 -0.000091081 0.001995278
0.000076949 0.000750698 -0.000072450 0.001952426
0.000068309 0.000772299 0.000052792 0.001639323
0.000024397 0.000895252 0.000073584 0.001581105
0.000109352 0.000623397 0.000284737 0.000905414
0.000158555 0.000436424 0.000614322 -0.000347007
0.000022248 0.000936013 -0.004169814 0.005715253
0.000077381 0.000897420 -0.001696573 0.003983984
0.000066920 0.000906835 -0.001121313 0.003466250
0.000028947 0.000948605 -0.000822699 0.003137775
0.000027819 0.000950071 -0.000518832 0.002742747
0.000011414 0.000974679 -0.000332890 0.002463835
0.000056186 0.000898567 -0.000211899 0.002258150
0.000059966 0.000891385 -0.000112834 0.002069927
0.000064076 0.000882754 -0.000049249 0.001936397
-0.000031819 0.001103312 0.000072609 0.001656123
0.000045139 0.000910917 -0.000004102 0.001847902
-0.000029212 0.001119100 0.000051662 0.001691761
0.000086459 0.000748952 0.000246278 0.001068991
0.000174161 0.000415684 0.000915248 -0.001473094
-0.000079395 0.001051946 -0.006404742 0.007360600
0.000213670 0.000846800 -0.002016750 0.004289005
0.000105123 0.000944493 -0.001228735 0.003579792
-0.000013927 0.001075448 -0.000888910 0.003205985
0.000019852 0.001031535 -0.000541148 0.002753894
0.000012925 0.001041926 -0.000347264 0.002463068
0.000035585 0.001003403 -0.000212039 0.002233185
0.000011221 0.001049696 -0.000149393 0.002114157
0.000056311 0.000955006 -0.000034886 0.001873692
-0.000014263 0.001117326 0.000053911 0.001669460
-0.000021514 0.001135453 -0.000013954 0.001839122
0.000084289 0.000839207 0.000169223 0.001326227
0.000037463 0.000989050 0.000152122 0.001380950
0.000153547 0.000547932 0.000618694 -0.000392024
-0.000098733 0.001133910 -0.011499547 0.011272469
0.000311688 0.000846615 -0.003065862 0.005368890
0.000081622 0.001053675 -0.001605698 0.004054742
-0.000048321 0.001196611 -0.001039331 0.003431739
-0.000013232 0.001150996 -0.000653631 0.002930328
0.000083961 0.001005206 -0.000378134 0.002517084
0.000010655 0.001129827 -0.000237846 0.002278595
0.000009217 0.001132559 -0.000114130 0.002043532
0.000048786 0.001049465 -0.000071476 0.001953960
-0.000017607 0.001202168 -0.000007151 0.001806012
0.000042723 0.001051342 -0.000028840 0.001860236
0.000002320 0.001164471 0.000037446 0.001674635
-0.000031124 0.001271491 0.000171242 0.001246486
0.000006714 0.001127707 0.000327698 0.000651954
0.000673627 -0.001347782 -0.009478074 0.010299712
0.000522524 -0.001242010 -0.003035818 0.005790133
0.000344645 -0.001081919 -0.001421623 0.004337357
0.000135310 -0.000851650 -0.000970980 0.003841650
0.000154789 -0.000876973 -0.000665214 0.003444155
0.000175420 -0.000907919 -0.000494906 0.003188692
0.000102572 -0.000784079 -0.000177762 0.002649547
0.000035465 -0.000656575 -0.000180223 0.002654223
0.000065179 -0.000718974 -0.000104310 0.002494807
0.000044595 -0.000671631 -0.000011014 0.002280226
0.000114836 -0.000847232 0.000029192 0.002179710
0.000020042 -0.000581810 0.000054334 0.002109313
0.000136504 -0.000954487 0.000234819 0.001531761
-0.000026561 -0.000334843 0.000269243 0.001400951
0.000391761 -0.001117265 -0.005679786 0.007356316
0.000241803 -0.001012294 -0.002367355 0.005037614
0.000112269 -0.000895714 -0.001163141 0.003953822
0.000062912 -0.000841421 -0.000831485 0.003589000
0.000142361 -0.000944704 -0.000580788 0.003263094
0.000098266 -0.000878562 -0.000350674 0.002917924
0.000139386 -0.000948465 -0.000278945 0.002795984
0.000001751 -0.000686959 -0.000092170 0.002441110
0.000059803 -0.000808868 -0.000131000 0.002522654
0.000244550 -0.001233787 -0.000113028 0.002481318
-0.000039707 -0.000523145 0.000083889 0.001989027
0.000051593 -0.000778786 0.000197357 0.001671317
0.000145379 -0.001078899 0.000279876 0.001407255
0.000191476 -0.001254069 0.000525675 0.000473219
0.000378600 -0.001151084 -0.004116982 0.006189568
-0.000014938 -0.000875607 -0.002004583 0.004710889
0.000094807 -0.000974378 -0.001174934 0.003964205
0.000159300 -0.001045321 -0.000895079 0.003656364
0.000171620 -0.001061336 -0.000617790 0.003295889
0.000190608 -0.001089818 -0.000414138 0.002990410
0.000144844 -0.001012020 -0.000275080 0.002754012
0.000116904 -0.000958933 -0.000099477 0.002420366
0.000078859 -0.000879039 -0.000069061 0.002356492
0.000041327 -0.000792715 -0.000136507 0.002511619
0.000120932 -0.000991728 0.000030306 0.002094585
0.000129901 -0.001016840 0.000141325 0.001783731
0.000117967 -0.000978652 0.000426959 0.000869704
0.000275480 -0.001577200 0.000526535 0.000491313
0.000208820 -0.001043045 -0.004008662 0.006094399
0.000042899 -0.000926900 -0.002076799 0.004742096
0.000023422 -0.000909371 -0.001223813 0.003974408
0.000151139 -0.001049860 -0.000923946 0.003644554
0.000097726 -0.000980422 -0.000684638 0.003333454
0.000159055 -0.001072416 -0.000404535 0.002913299
0.000163731 -0.001080366 -0.000274096 0.002691554
0.000055782 -0.000875263 -0.000229590 0.002606991
0.000105476 -0.000979620 -0.000028582 0.002184875
0.000189403 -0.001172652 -0.000037220 0.002204743
-0.000018018 -0.000654098 -0.000060172 0.002262122
0.000177127 -0.001200505 0.000149586 0.001674799
0.000206448 -0.001294332 0.000467738 0.000656713
0.000331083 -0.001767944 0.000708359 -0.000257646
0.000285454 -0.001204915 -0.004091730 0.006162271
-0.000007115 -0.001000116 -0.002045350 0.004729805
-0.000062373 -0.000950384 -0.001249786 0.004013797
0.000170965 -0.001207055 -0.000982936 0.003720262
0.000107155 -0.001124103 -0.000712657 0.003368900
0.000159292 -0.001202309 -0.000449209 0.002973728
0.000199293 -0.001270311 -0.000309799 0.002736730
0.000087257 -0.001057442 -0.000143632 0.002421014
0.000075094 -0.001031900 -0.000110822 0.002352111
-0.000047723 -0.000749421 -0.000068133 0.002253928
0.000119766 -0.001168142 0.000016361 0.002042693
0.000143771 -0.001235355 0.000061182 0.001917194
0.000220665 -0.001481418 0.000620335 0.000127903
0.000393087 -0.002136621 0.000547156 0.000405984
0.000538830 -0.000920500 -0.003991428 0.006010050
-0.000203460 -0.000400897 -0.001764008 0.004450856
-0.000186870 -0.000415828 -0.000981062 0.003746205
-0.000005434 -0.000615407 -0.000825905 0.003575532
0.000143857 -0.000809486 -0.000626292 0.003316035
0.000077659 -0.000710188 -0.000428251 0.003018974
0.000081669 -0.000717007 -0.000244499 0.002706595
-0.000046208 -0.000474040 -0.000104588 0.002440763
0.000231608 -0.001057453 -0.000201872 0.002645061
-0.000052607 -0.000403758 -0.000053465 0.002303724
0.000141324 -0.000888585 0.000043088 0.002062343
0.000175273 -0.000983642 0.000141063 0.001788013
0.000278401 -0.001313653 0.000277966 0.001349922
0.000353537 -0.001599169 0.000853916 -0.000838688
0.000389797 -0.000886298 -0.003793108 0.005805759
-0.000166751 -0.000496714 -0.001759516 0.004382244
-0.000150496 -0.000511344 -0.000925867 0.003631960
-0.000041417 -0.000631331 -0.000802465 0.003496218
0.000144871 -0.000873505 -0.000612604 0.003249399
0.000060093 -0.000746338 -0.000418856 0.002958777
0.000031572 -0.000697853 -0.000319075 0.002789148
0.000050340 -0.000733512 -0.000152404 0.002472474
0.000086579 -0.000809613 -0.000170424 0.002510316
-0.000014255 -0.000577696 -0.000059677 0.002255597
0.000101880 -0.000868033 -0.000015261 0.002144559
0.000183949 -0.001097825 0.000154156 0.001670190
0.000255716 -0.001327480 0.000447147 0.000732618
0.000516475 -0.002318366 0.000678393 -0.000146114
0.000328005 -0.001015987 -0.004153248 0.005990240
-0.000074225 -0.000734426 -0.001728957 0.004293237
-0.000089790 -0.000720417 -0.000860056 0.003511226
-0.000002393 -0.000816554 -0.000850804 0.003501049
0.000097936 -0.000946981 -0.000681786 0.003281325
0.000008732 -0.000813176 -0.000447020 0.002929175
0.000036669 -0.000860668 -0.000282440 0.002649390
-0.000023050 -0.000747203 -0.000225032 0.002540315
0.000128941 -0.001066384 -0.000060524 0.002194849
0.000040542 -0.000863067 -0.000057861 0.002188722
0.000120424 -0.001062770 0.000035109 0.001956299
0.000162522 -0.001180646 0.000138672 0.001666323
0.000206869 -0.001322556 0.000216356 0.001417733
0.000470030 -0.002322569 0.000929683 -0.001292911
0.000185094 -0.001134457 -0.005937108 0.007225605
0.000007640 -0.001010239 -0.001944011 0.004430437
0.000023601 -0.001024604 -0.000897284 0.003488382
0.000074422 -0.001080507 -0.000829620 0.003413952
0.000122197 -0.001142615 -0.000615684 0.003135836
0.000027629 -0.001000763 -0.000440436 0.002872964
0.000070852 -0.001074242 -0.000258418 0.002563532
0.000040829 -0.001017198 -0.000203296 0.002458801
0.000000592 -0.000932699 -0.000206752 0.002466059
0.000059499 -0.001068187 0.000001197 0.001987776
0.000078853 -0.001116570 -0.000027475 0.002059455
0.000139839 -0.001287331 0.000130579 0.001616905
0.000124618 -0.001238626 0.000204197 0.001381326
0.000365137 -0.002152598 0.000640290 -0.000275826
0.000149236 -0.001230162 -0.010279205 0.010512552
-0.000029928 -0.001104747 -0.002840943 0.005305768
0.000093322 -0.001215672 -0.001188458 0.003818532
0.000123165 -0.001248500 -0.000847781 0.003443787
0.000163956 -0.001301528 -0.000654722 0.003192811
0.000017544 -0.001081911 -0.000453418 0.002890855
0.000008552 -0.001066623 -0.000359398 0.002731020
0.000021779 -0.001091755 -0.000198851 0.002425983
-0.000009049 -0.001027016 -0.000140698 0.002303861
0.000168154 -0.001434582 -0.000039529 0.002071171
0.000063455 -0.001172836 -0.000041667 0.002076518
0.000123203 -0.001340130 0.000083616 0.001725724
0.000051197 -0.001109711 0.000181915 0.001411166
0.000053987 -0.001120313 0.000297826 0.000970705
-0.037201943 0.719889135 -1.594624614 2.469791460
-0.146569022 0.796446089 -0.911930854 1.991905836
-0.110650334 0.764119271 -0.551993119 1.667961883
-0.086126954 0.737143552 -0.380729275 1.479571650
-0.146773423 0.815983958 -0.282819502 1.352288950
-0.733491156 1.696060559 -0.220916517 1.259434472
-0.609666178 1.485558090 -0.194248627 1.214099058
-0.424198064 1.133168677 -0.100962556 1.036855525
-0.306973161 0.886996392 -0.118724377 1.074155349
-0.268643658 0.798838537 -0.041241338 0.895944362
-0.132894338 0.459465239 -0.020586852 0.844308146
-0.099578215 0.366180095 -0.064697250 0.967817260
0.007405170 0.023833256 0.046727267 0.611258799
0.039658335 -0.098728766 0.029592665 0.676370288
-0.253631786 0.844484605 -1.666352252 2.487354507
-0.186743151 0.797662562 -0.870850138 1.930503037
-0.115772458 0.733788940 -0.532094709 1.625623159
-0.060955010 0.673489745 -0.384567517 1.463343244
-0.095056571 0.717821773 -0.254851817 1.294712840
-0.472340620 1.283747847 -0.194123341 1.203620126
-0.443109879 1.234055586 -0.143193654 1.117039655
-0.319499637 0.999196128 -0.150720829 1.131341288
-0.221250601 0.792873161 -0.038655093 0.896003253
-0.108879630 0.534419934 -0.113451752 1.068035565
-0.133576017 0.596160902 0.000058015 0.784261147
-0.095504723 0.489561281 -0.023368740 0.849856062
-0.005168791 0.200486295 -0.017670594 0.831621994
0.035957715 0.044205573 0.093409648 0.409517078
-0.204290462 0.770722783 -1.668602924 2.491549124
-0.119181879 0.711146775 -0.852788142 1.920478787
-0.096847690 0.691046006 -0.534305445 1.633844367
-0.040116921 0.628642159 -0.356641837 1.438414395
-0.034257463 0.621024865 -0.269188519 1.324725085
-0.302787351 1.023819696 -0.207074235 1.231553659
-0.337223084 1.082360444 -0.151824707 1.137629460
-0.190204450 0.803025043 -0.105477609 1.049569974
-0.114031705 0.643062285 -0.079716425 0.995471490
-0.130023478 0.679843363 -0.057390021 0.944120760
-0.056341299 0.495637916 -0.046171951 0.916075586
-0.013452542 0.375549396 0.002770870 0.779035689
-0.015585127 0.382373669 0.004600883 0.773179648
0.009837300 0.285768448 0.007244796 0.763132779
-0.115274496 0.663414214 -1.718038423 2.520269803
-0.056155327 0.622030796 -0.850960067 1.913314964
-0.028940134 0.597537123 -0.511951324 1.608207104
-0.011779968 0.578660940 -0.368934406 1.450888490
-0.011483428 0.578275438 -0.254293024 1.301854698
-0.182729022 0.835143829 -0.186490968 1.200151615
-0.169008882 0.811819590 -0.169374109 1.171052954
-0.129691409 0.737116392 -0.140182128 1.115588191
-0.093212403 0.660510484 -0.055026399 0.936761168
-0.063717797 0.592672891 -0.072523040 0.977003442
-0.043214070 0.541413573 -0.009682975 0.819903278
-0.036970592 0.523931834 -0.017574723 0.842000174
0.013914259 0.361100308 -0.003047685 0.795513651
0.003743135 0.399750582 0.067261014 0.528340596
0.163251767 0.420668239 -1.737275823 2.507944814
0.063980226 0.490158318 -0.791200447 1.845692062
0.021270210 0.528597330 -0.492446901 1.576813878
0.007602277 0.543632057 -0.346757000 1.416554983
0.026030236 0.519675711 -0.247895360 1.288034857
-0.053566085 0.639070194 -0.189091518 1.199829094
-0.091881189 0.704205871 -0.129810022 1.099050547
-0.049484688 0.623652520 -0.135516871 1.109893560
-0.047667611 0.619836660 -0.083726327 1.001133422
-0.010746119 0.534917229 -0.023480648 0.862568364
-0.043068038 0.615722028 -0.048863896 0.926026483
-0.010603068 0.524820112 0.001854300 0.784015538
0.014657977 0.443984769 -0.026711130 0.875424917
0.034853706 0.367240996 0.013509841 0.722585229
0.194865775 0.360618347 -1.698686582 2.490540138
0.074868356 0.444616539 -0.805888224 1.865581298
0.051050472 0.466052634 -0.507728932 1.597237943
0.024948725 0.494764556 -0.357991287 1.432526529
0.019669826 0.501627124 -0.259466109 1.304443803
0.091673412 0.393621746 -0.173477489 1.175460873
0.079475372 0.414358415 -0.159998593 1.152546749
0.083097845 0.407475715 -0.100749469 1.039973414
0.033754996 0.511095693 -0.092374362 1.022385691
0.021977419 0.538184119 -0.019981260 0.855881560
0.010603271 0.566619491 -0.032819316 0.887976699
0.007265506 0.575965231 -0.055433946 0.951297661
-0.022663676 0.671738617 0.034704214 0.662855546
-0.014215336 0.639634925 0.050239268 0.603822342
0.328745862 0.251464059 -2.025460722 2.750479222
0.162570188 0.367787028 -0.906201655 1.966997889
0.081839840 0.440444340 -0.502126097 1.603329896
0.053215940 0.471930631 -0.365931523 1.453515861
0.032434456 0.498946559 -0.248788238 1.301229597
0.211496899 0.230352895 -0.168285330 1.180475234
0.194192300 0.259770713 -0.135966290 1.125532865
0.150045508 0.343649617 -0.092645321 1.043223025
0.065008684 0.522226939 -0.065227731 0.985646090
0.133026211 0.365786632 -0.065111502 0.985378763
0.023843054 0.638744524 -0.014916263 0.859890666
0.035499475 0.606106545 -0.035384438 0.917201553
-0.008359652 0.746455754 -0.027669772 0.892514622
-0.027918445 0.820779165 0.071660210 0.515060695
0.389018529 0.219298038 -1.685165863 2.503890743
0.209755612 0.344782078 -0.853941491 1.922033693
0.126641064 0.419585169 -0.509679792 1.612198172
0.065369331 0.486984077 -0.353481300 1.440379827
0.072011036 0.478349860 -0.247824729 1.303026290
0.302006530 0.133356620 -0.175775248 1.194952067
0.312988572 0.114687148 -0.136255075 1.127767771
0.208088234 0.313997788 -0.104301013 1.067055055
0.181134896 0.370599795 -0.100589371 1.059260606
0.144333805 0.455242303 0.006530879 0.812884037
0.070792845 0.639094702 -0.048191158 0.949689129
0.027392500 0.760615666 -0.090461650 1.068046505
-0.015825334 0.898912737 0.030651395 0.680484755
-0.018126221 0.907656107 0.078791459 0.497552515
0.470018564 0.194974602 -1.628946163 2.473928619
0.276658551 0.330326609 -0.841116359 1.922447766
0.149778688 0.444518483 -0.526863807 1.639620477
0.102930404 0.496051596 -0.344570104 1.439097399
0.090208330 0.512590292 -0.248460412 1.314154804
0.514099177 -0.123245979 -0.167988797 1.193447381
0.467745233 -0.044444272 -0.123159929 1.117238304
0.312516205 0.250490878 -0.142276338 1.153559480
0.261870858 0.356846101 -0.000802278 0.856463968
0.157360695 0.597219472 -0.089399793 1.060238248
0.111030358 0.713045315 -0.044494676 0.947975455
0.074886960 0.814246827 -0.031010203 0.910218932
-0.024973953 1.133801752 0.016679766 0.757611027
-0.036324116 1.176932371 0.036694335 0.681555667
0.354742429 0.322270621 -1.622417070 2.493552614
0.280486660 0.374249659 -0.868403367 1.965743031
0.137981740 0.502504084 -0.529941194 1.661127083
0.101541615 0.542588221 -0.362288485 1.476709100
0.164525470 0.460709213 -0.243416669 1.322175744
0.740727308 -0.403593544 -0.176858562 1.222338583
0.619901044 -0.198188890 -0.146759503 1.171170182
0.475098065 0.076936768 -0.089477035 1.062333493
0.337900439 0.365051769 -0.099531984 1.083448887
0.254625617 0.556583854 -0.064359590 1.002552382
0.162003463 0.788139239 -0.052050559 0.971779804
0.121779413 0.900766579 -0.010275391 0.854809336
0.022170150 1.219516225 0.012771390 0.781059636
0.012259931 1.257175056 0.019372554 0.755975213
0.023560525 1.873248457 -1.771692739 2.626914971
-0.118996508 1.973038379 -1.000173748 2.086851686
-0.080215912 1.938135843 -0.589018324 1.716811815
-0.080820351 1.938800726 -0.417775959 1.528445210
-0.127398937 1.999352886 -0.295609463 1.369628771
-0.694939924 2.850664367 -0.213234672 1.246066583
-0.596713041 2.683678661 -0.151943917 1.141872297
-0.417483002 2.343141591 -0.154799278 1.147297484
-0.297738243 2.091677607 -0.034910134 0.895530292
-0.192379310 1.849352066 -0.102709507 1.051468848
-0.182485609 1.824617816 -0.031572387 0.873626046
-0.083352904 1.547046244 -0.016871538 0.832463670
-0.023450458 1.355358415 -0.025810206 0.861067409
0.098814076 0.890753192 0.170408870 0.115434929
-0.083240276 1.834996703 -1.834003439 2.648211474
-0.099949247 1.846692982 -0.990096986 2.057476967
-0.092065312 1.839597442 -0.570974810 1.680267019
-0.061945937 1.806466128 -0.388153334 1.479163391
-0.100936866 1.857154333 -0.289830496 1.351343707
-0.472401268 2.414350937 -0.184035555 1.192651295
-0.421996864 2.328663447 -0.187667973 1.198826406
-0.336020113 2.165307623 -0.122702464 1.075391939
-0.173563916 1.824149624 -0.100714838 1.029217928
-0.234431569 1.964145223 -0.071442706 0.961892026
-0.092632785 1.609648265 0.002260010 0.777635236
-0.032149248 1.440294362 -0.026183718 0.857277673
-0.035961077 1.452492217 -0.020830734 0.840148123
0.090092277 0.973489477 0.079782759 0.457816855
-0.207315100 1.789299315 -1.843725553 2.654550727
-0.127300628 1.733289186 -0.969654379 2.042700916
-0.076433402 1.687508684 -0.569649799 1.682696803
-0.070496823 1.680978447 -0.409511474 1.506544642
-0.054233061 1.659835558 -0.283606879 1.342868674
-0.305488037 2.036718021 -0.195171190 1.210215141
-0.299733984 2.026936132 -0.155921038 1.143489880
-0.210186318 1.856795568 -0.091460082 1.021014065
-0.169091780 1.770497042 -0.101968920 1.043082624
-0.110653612 1.636089259 -0.096774376 1.031135174
-0.061829895 1.514029965 -0.012122593 0.819505716
-0.022070999 1.402705058 -0.047908414 0.919706012
-0.032282278 1.435381152 0.008679729 0.738623952
0.074635302 1.029094355 0.065210764 0.523806024
-0.113605864 1.566882435 -2.098880535 2.832860354
-0.095427042 1.554157260 -0.929976161 2.014627306
-0.052980768 1.515955614 -0.583782653 1.703053156
-0.049080866 1.511665722 -0.412153153 1.514260702
-0.019359584 1.473028057 -0.271233852 1.331065617
-0.181264834 1.715885932 -0.250286102 1.299643993
-0.176728431 1.708174047 -0.149742716 1.128720233
-0.140070965 1.638524863 -0.095916127 1.026449713
-0.091131904 1.535752838 -0.138047603 1.114925809
-0.049722779 1.440511853 -0.050452340 0.913456708
-0.068786553 1.488171287 -0.041029062 0.889898515
-0.020219381 1.352183208 -0.034540883 0.871731614
0.006074509 1.268042760 0.006782215 0.739497698
0.033691527 1.163098091 0.003938750 0.750302865
0.024617912 1.298748850 -2.041544440 2.763825179
-0.016014577 1.327191592 -0.866116337 1.941025521
-0.016269084 1.327420648 -0.573298198 1.677489204
-0.005235674 1.315283897 -0.411528496 1.499542527
-0.020191069 1.334725909 -0.266327198 1.310780847
-0.065800532 1.403140104 -0.211953768 1.229220702
-0.086967976 1.439124760 -0.158100781 1.137670621
-0.047472732 1.364083798 -0.122002705 1.069084277
-0.047069181 1.363236340 -0.094434298 1.011190626
-0.040116301 1.347244716 -0.030814700 0.864865553
0.010015171 1.221916036 -0.051480739 0.916530649
0.005311071 1.235087518 -0.007194279 0.792528565
-0.009181898 1.281465019 -0.009151202 0.798790718
0.028955789 1.136541808 0.064842407 0.517615009
0.045586231 1.320929109 -2.078024869 2.815089824
0.002974272 1.350757480 -0.859146765 1.961875166
-0.000454187 1.353843093 -0.565578803 1.697664007
-0.009825233 1.364151243 -0.402519847 1.518299152
-0.003774761 1.356285630 -0.281294815 1.360706616
0.046341408 1.281111376 -0.196533454 1.233564575
0.103262104 1.184346191 -0.165149927 1.180212576
0.044956819 1.295126230 -0.103611089 1.063288786
0.044869770 1.295309034 -0.119715304 1.097107637
0.027731054 1.334728079 -0.028580122 0.887496723
-0.016113522 1.444339520 -0.016030274 0.856122103
0.005580782 1.383595471 -0.038850894 0.920019837
-0.007029972 1.423949881 -0.020330651 0.860755058
-0.049385580 1.584901193 0.080361520 0.478124813
0.154676447 1.108527537 -2.256153956 2.962514229
0.047711733 1.183402835 -0.958787856 2.054357974
0.013632175 1.214074436 -0.568232997 1.702858611
0.031601798 1.194307851 -0.398925089 1.516619908
0.016421672 1.214042014 -0.304625260 1.394030134
0.156596862 1.003779229 -0.193489744 1.227326860
0.167254269 0.985661635 -0.180756514 1.205680370
0.179957216 0.961526037 -0.122131451 1.094292751
0.057582841 1.218512212 -0.059188292 0.962112123
0.073905570 1.180969938 -0.097350157 1.049884410
0.024516984 1.304441403 -0.029578810 0.880456042
0.003962814 1.361993077 -0.013528910 0.835516324
0.014129085 1.329461010 -0.047500439 0.944225218
-0.023938419 1.474117522 0.046408850 0.587369925
0.117239363 1.021028575 -2.000543594 2.783497214
0.074456935 1.050976274 -0.966315923 2.059537857
0.042252531 1.079960237 -0.595809675 1.726082243
0.028486858 1.095102477 -0.419527144 1.532171454
0.032154314 1.090334785 -0.285135440 1.357462245
0.271205837 0.731757499 -0.234457795 1.281445777
0.299332249 0.683942599 -0.142843178 1.125700925
0.203061176 0.866857634 -0.116947931 1.076499956
0.149930680 0.978431672 -0.102828121 1.046848355
0.116779776 1.054678748 -0.011136827 0.835958385
0.071570090 1.167702964 -0.080228461 1.008687468
0.009697077 1.340947397 -0.091206410 1.039425725
0.018886728 1.311540514 0.057909597 0.562254496
-0.024951996 1.478127663 0.036764669 0.642605224
0.076937680 0.970889804 -1.827865352 2.658887381
0.075084572 0.972186980 -0.943920669 2.040126113
0.041714897 1.002219687 -0.598553276 1.729295469
0.025092372 1.020504464 -0.421109648 1.534107473
0.064244255 0.969607019 -0.276402765 1.345988532
0.455230962 0.383126958 -0.204420041 1.238014446
0.419010670 0.444701456 -0.198803019 1.228465509
0.296897994 0.676715537 -0.106333830 1.052774052
0.212749192 0.853428014 -0.080837886 0.999232572
0.186150030 0.914606086 -0.060621486 0.952734851
0.091935411 1.150142633 -0.039202577 0.899187580
0.070454461 1.210289290 0.009317247 0.763332076
-0.015434824 1.485135008 -0.001483162 0.797893386
-0.034665765 1.558212584 0.017995984 0.723872629
-0.073257093 1.005938353 -1.830303182 2.699897999
0.016017855 0.943445891 -0.992520511 2.113450140
0.062033817 0.902031526 -0.614738318 1.773446175
0.037382556 0.929147913 -0.432935512 1.573463084
0.127844482 0.811547414 -0.290661683 1.388507113
0.690781309 -0.032857827 -0.249724627 1.327101529
0.593377564 0.132728545 -0.156458672 1.168549402
0.452795787 0.399833919 -0.121508582 1.102144232
0.266952451 0.790104906 -0.132403640 1.125023852
0.221905655 0.893712534 -0.043415417 0.920350943
0.143352770 1.090094748 -0.044031150 0.921890276
0.084054748 1.256129206 -0.030779980 0.884787001
-0.002260208 1.532337071 0.046349573 0.637972428
-0.018915088 1.595625613 0.038349333 0.668373339
0.003839066 -0.001960960 -0.009823887 0.009949583
0.000635752 0.000281360 -0.002949136 0.005137257
0.000152071 0.000716672 -0.001385111 0.003729635
0.000118255 0.000753870 -0.000920110 0.003218133
0.000044360 0.000849934 -0.000586359 0.002784258
0.000062503 0.000822718 -0.000406678 0.002514736
0.000015466 0.000902682 -0.000241626 0.002234147
0.000039661 0.000856711 -0.000164653 0.002087898
0.000034490 0.000867570 -0.000027386 0.001799637
-0.000135958 0.001259601 -0.000071646 0.001901436
0.000089054 0.000697070 0.000074958 0.001534927
-0.000078529 0.001166302 -0.000025264 0.001815549
0.000118274 0.000536534 0.000192976 0.001117180
0.000097833 0.000614208 0.000251584 0.000894470
0.001684554 -0.000264348 -0.005699635 0.006840994
0.000231548 0.000752756 -0.002157579 0.004361555
-0.000007953 0.000968308 -0.001246362 0.003541459
-0.000017223 0.000978505 -0.000850837 0.003106382
0.000099634 0.000826591 -0.000502650 0.002653739
-0.000021914 0.001008913 -0.000355328 0.002432756
0.000074650 0.000844754 -0.000168246 0.002114716
-0.000029290 0.001042239 -0.000188482 0.002153166
-0.000018085 0.001018708 -0.000154576 0.002081962
0.000042156 0.000880156 -0.000000787 0.001728248
0.000005444 0.000971934 0.000050219 0.001600733
0.000020099 0.000930902 0.000123884 0.001394472
0.000129387 0.000581178 0.000253878 0.000978490
0.000114465 0.000637883 0.000346614 0.000626095
0.000510130 0.000676233 -0.003845734 0.005536704
0.000058830 0.000992143 -0.002041853 0.004273987
-0.000073362 0.001111115 -0.001194291 0.003511181
-0.000142074 0.001186699 -0.000817526 0.003096740
0.000045164 0.000943289 -0.000613518 0.002831529
0.000000063 0.001010941 -0.000353255 0.002441135
-0.000035336 0.001071119 -0.000244556 0.002256346
-0.000100894 0.001195680 -0.000177752 0.002129420
0.000049546 0.000879756 -0.000141085 0.002052419
0.000123201 0.000710350 0.000043714 0.001627381
-0.000026302 0.001084106 0.000059867 0.001586998
0.000049378 0.000872202 0.000113166 0.001437762
0.000022944 0.000956792 0.000145368 0.001334715
0.000117436 0.000597723 0.000872042 -0.001426647
-0.000226861 0.001282525 -0.004051891 0.005738166
-0.000079326 0.001179250 -0.002047886 0.004335363
-0.000153967 0.001246427 -0.001246115 0.003613769
-0.000087572 0.001173392 -0.000931763 0.003267981
-0.000045298 0.001118437 -0.000569597 0.002797165
0.000021257 0.001018603 -0.000427802 0.002584473
-0.000045478 0.001132054 -0.000218703 0.002229004
0.000028271 0.000991929 -0.000092445 0.001989116
-0.000091640 0.001243744 -0.000221066 0.002259218
0.000029078 0.000966092 -0.000034286 0.001829625
0.000060085 0.000888573 0.000046137 0.001628568
0.000081616 0.000828289 0.000077129 0.001541791
0.000015444 0.001040038 0.000191158 0.001176895
0.000198998 0.000342533 0.000380800 0.000456256
-0.000346252 0.001421732 -0.004324514 0.005976116
-0.000140287 0.001277557 -0.002183567 0.004477453
-0.000252253 0.001378326 -0.001318362 0.003698769
-0.000176947 0.001295490 -0.000889619 0.003227151
-0.000080017 0.001169480 -0.000649042 0.002914401
-0.000037984 0.001106431 -0.000394068 0.002531939
-0.000040493 0.001110696 -0.000191349 0.002187317
0.000062223 0.000915535 -0.000108248 0.002029426
0.000041163 0.000959762 -0.000120249 0.002054627
-0.000106312 0.001298954 -0.000056652 0.001908354
0.000078540 0.000836824 0.000010508 0.001740455
-0.000006926 0.001076128 0.000051717 0.001625068
0.000217840 0.000356880 0.000241310 0.001018372
-0.000133563 0.001692208 0.000391831 0.000446390
-0.000256776 0.001087388 -0.003913875 0.005609287
-0.000171152 0.001027452 -0.001884305 0.004188589
0.000010587 0.000863886 -0.001327817 0.003687749
-0.000022495 0.000900277 -0.000785076 0.003090734
0.000017107 0.000848794 -0.000640916 0.002903326
-0.000028192 0.000916743 -0.000357618 0.002478379
0.000104888 0.000690507 -0.000211591 0.002230133
0.000018754 0.000854161 -0.000155866 0.002124255
0.000051351 0.000785707 0.000002577 0.001791526
-0.000010654 0.000928320 -0.000142823 0.002125945
0.000082019 0.000696637 0.000028778 0.001696942
-0.000017380 0.000974955 0.000141853 0.001380332
0.000007012 0.000896898 0.000133491 0.001407092
0.000140940 0.000387971 0.000172162 0.001260142
-0.000111062 0.001037633 -0.003752514 0.005479815
-0.000133988 0.001053681 -0.001750945 0.004078717
0.000023411 0.000912022 -0.001209095 0.003591052
-0.000102075 0.001050056 -0.000886763 0.003236486
-0.000004001 0.000922561 -0.000615660 0.002884053
-0.000018785 0.000944736 -0.000422832 0.002594811
0.000023034 0.000873644 -0.000237820 0.002280290
0.000074302 0.000776234 -0.000162568 0.002137311
0.000102993 0.000715983 -0.000033486 0.001866240
-0.000060059 0.001091003 -0.000050201 0.001904684
0.000007192 0.000922877 -0.000067000 0.001946681
0.000019213 0.000889218 0.000196236 0.001209621
0.000145780 0.000484203 0.000217317 0.001142162
0.000371725 -0.000374388 0.000878500 -0.001370335
0.000151250 0.000838328 -0.004169577 0.005721191
0.000123344 0.000857861 -0.001732799 0.004015447
0.000054686 0.000919654 -0.001097184 0.003443393
0.000037998 0.000938011 -0.000825709 0.003144770
0.000048981 0.000923733 -0.000515209 0.002741120
0.000077211 0.000881388 -0.000343812 0.002484026
0.000012921 0.000990681 -0.000220764 0.002274843
0.000053069 0.000914399 -0.000138464 0.002118475
-0.000044341 0.001118960 -0.000083920 0.002003932
0.000126668 0.000725640 0.000076961 0.001633905
-0.000064512 0.001203589 -0.000025053 0.001888940
0.000012001 0.000989353 0.000109224 0.001512964
0.000135734 0.000593408 0.000281061 0.000963087
0.000049030 0.000922883 0.000395339 0.000528831
0.000400291 0.000689356 -0.006395922 0.007354939
0.000304122 0.000756674 -0.002014941 0.004288252
0.000149620 0.000895726 -0.001221156 0.003573845
-0.000012066 0.001073581 -0.000911530 0.003233257
0.000007735 0.001047840 -0.000524680 0.002730353
0.000011527 0.001042151 -0.000326694 0.002433373
-0.000002049 0.001065231 -0.000217221 0.002247268
0.000043146 0.000979361 -0.000103937 0.002032029
0.000092549 0.000875614 -0.000101654 0.002027235
0.000074843 0.000916338 0.000054200 0.001668771
0.000065205 0.000940434 0.000057647 0.001660153
-0.000035120 0.001221342 0.000098762 0.001545032
0.000015602 0.001059033 0.000232284 0.001117761
0.000194818 0.000378012 0.000453464 0.000277279
0.000847721 0.000409793 -0.011439265 0.011231490
0.000515797 0.000642140 -0.003096682 0.005391682
0.000156484 0.000965522 -0.001559840 0.004008525
-0.000046749 0.001189078 -0.001054474 0.003452622
0.000019383 0.001103107 -0.000672517 0.002956078
0.000075569 0.001018827 -0.000377656 0.002513786
0.000034901 0.001087962 -0.000236521 0.002273857
0.000042092 0.001074299 -0.000165677 0.002139254
-0.000077824 0.001326123 -0.000067910 0.001933942
0.000036132 0.001064025 0.000119864 0.001502062
0.000059765 0.001004942 -0.000065733 0.001966055
0.000069553 0.000977535 0.000076344 0.001568241
-0.000072771 0.001432974 0.000114783 0.001445235
0.000230664 0.000279918 0.000326115 0.000642173
0.001007008 -0.001605608 -0.009458816 0.010298735
0.000583921 -0.001309447 -0.003081707 0.005834758
0.000387222 -0.001132417 -0.001409741 0.004329989
0.000119831 -0.000838287 -0.000969083 0.003845266
0.000183505 -0.000921064 -0.000727966 0.003531813
0.000183187 -0.000920586 -0.000439323 0.003098849
0.000027658 -0.000656187 -0.000239674 0.002759444
0.000095257 -0.000784627 -0.000187797 0.002660878
0.000020566 -0.000627775 -0.000146098 0.002573310
0.000086840 -0.000780205 -0.000031188 0.002309017
0.000043131 -0.000670933 0.000034408 0.002145027
0.000076479 -0.000764305 0.000126098 0.001888296
0.000014270 -0.000565238 0.000181520 0.001710945
0.000228185 -0.001378116 0.000228757 0.001531447
0.000519912 -0.001222042 -0.005699238 0.007373790
0.000296227 -0.001065462 -0.002365624 0.005040260
0.000190514 -0.000970320 -0.001177567 0.003971009
-0.000027004 -0.000731051 -0.000836369 0.003595691
0.000187962 -0.001010507 -0.000577245 0.003258830
0.000094706 -0.000870623 -0.000404694 0.003000004
0.000044639 -0.000785508 -0.000176126 0.002611438
0.000199407 -0.001079568 -0.000254739 0.002760802
0.000062200 -0.000791434 -0.000002214 0.002230500
-0.000144671 -0.000315629 -0.000099285 0.002453763
0.000173132 -0.001110138 0.000088566 0.001984135
0.000181075 -0.001132377 0.000113093 0.001915459
0.000043713 -0.000692820 0.000386891 0.001039307
-0.000037036 -0.000385974 0.000436710 0.000849995
0.000419960 -0.001179836 -0.004123368 0.006194300
-0.000020843 -0.000871274 -0.002013424 0.004717340
0.000092039 -0.000972868 -0.001193648 0.003979541
0.000176313 -0.001065569 -0.000920851 0.003679465
0.000190812 -0.001084418 -0.000580514 0.003237027
0.000186048 -0.001077272 -0.000366814 0.002916476
0.000137003 -0.000993894 -0.000259313 0.002733724
0.000139617 -0.000998862 -0.000152385 0.002530562
0.000106100 -0.000928477 -0.000098111 0.002416587
-0.000039279 -0.000594105 0.000033785 0.002113225
0.000089980 -0.000917251 -0.000007590 0.002216661
0.000091283 -0.000920900 0.000101876 0.001910159
0.000004530 -0.000643291 0.000429913 0.000860438
0.000334470 -0.001897064 0.000510523 0.000554123
0.000160965 -0.001013254 -0.004016520 0.006100143
0.000050297 -0.000935786 -0.002058193 0.004729315
0.000006620 -0.000896477 -0.001227780 0.003981943
0.000172931 -0.001079419 -0.000964420 0.003692247
0.000128638 -0.001021839 -0.000663068 0.003300489
0.000137765 -0.001035529 -0.000414452 0.002927566
0.000177129 -0.001102448 -0.000314594 0.002757807
0.000156106 -0.001062503 -0.000139567 0.002425255
0.000049493 -0.000838617 -0.000092549 0.002326518
0.000141649 -0.001050575 -0.000040106 0.002205900
-0.000090915 -0.000469166 0.000010609 0.002079113
0.000270291 -0.001480542 0.000125201 0.001758253
0.000205958 -0.001274678 0.000478472 0.000627785
0.000499232 -0.002389118 0.000964973 -0.001220918
0.000215340 -0.001146617 -0.004090957 0.006158813
-0.000071232 -0.000946017 -0.002027719 0.004714546
-0.000060000 -0.000956125 -0.001230448 0.003997003
0.000161498 -0.001199774 -0.000977632 0.003718905
0.000134286 -0.001164398 -0.000698694 0.003356286
0.000185793 -0.001241658 -0.000520927 0.003089635
0.000169644 -0.001214204 -0.000216130 0.002571480
0.000056411 -0.000999061 -0.000149644 0.002445157
0.000073733 -0.001035439 -0.000187947 0.002525593
-0.000018351 -0.000823646 0.000133371 0.001786562
0.000171670 -0.001298697 -0.000089416 0.002343528
-0.000037424 -0.000713235 0.000092080 0.001835341
0.000214348 -0.001518906 0.000616053 0.000158626
0.000691980 -0.003333908 0.000829584 -0.000652790
0.000597939 -0.000965754 -0.003980627 0.006001762
-0.000210474 -0.000399865 -0.001764225 0.004450281
-0.000180065 -0.000427234 -0.000985970 0.003749852
-0.000030444 -0.000591816 -0.000836598 0.003585542
0.000192483 -0.000881623 -0.000619796 0.003303700
0.000063057 -0.000687483 -0.000398591 0.002971892
0.000110005 -0.000767294 -0.000286948 0.002782098
0.000111194 -0.000769553 -0.000109930 0.002445765
0.000068473 -0.000679841 -0.000048326 0.002316397
0.000148926 -0.000864882 -0.000001380 0.002208420
-0.000084140 -0.000282217 -0.000033577 0.002288912
0.000168241 -0.000988883 0.000141403 0.001798970
0.000125853 -0.000853241 0.000384489 0.001021094
0.000791370 -0.003382207 0.000849990 -0.000747808
0.000423284 -0.000911108 -0.003793024 0.005801239
-0.000178948 -0.000489545 -0.001703136 0.004338317
-0.000159720 -0.000506850 -0.000908808 0.003623422
0.000002227 -0.000684992 -0.000877127 0.003588573
0.000132318 -0.000854111 -0.000606441 0.003236681
0.000007102 -0.000666286 -0.000486532 0.003056818
0.000131429 -0.000877643 -0.000183437 0.002541556
-0.000072517 -0.000490146 -0.000202521 0.002577815
0.000179469 -0.001019315 0.000040249 0.002067998
-0.000018364 -0.000564300 -0.000386420 0.003049337
0.000195439 -0.001098807 0.000177856 0.001638647
0.000128164 -0.000910437 0.000010934 0.002106030
0.000231680 -0.001241688 0.000402649 0.000852542
0.000530162 -0.002375921 0.001067339 -0.001673279
0.000313338 -0.001001735 -0.004125529 0.005974244
-0.000072688 -0.000731517 -0.001766053 0.004322611
-0.000090705 -0.000715302 -0.000854658 0.003502355
-0.000019111 -0.000794055 -0.000822324 0.003466788
0.000077657 -0.000919853 -0.000670821 0.003269834
0.000012796 -0.000822562 -0.000521247 0.003045473
0.000086409 -0.000947704 -0.000202726 0.002503987
-0.000032691 -0.000721413 -0.000262868 0.002618257
0.000143124 -0.001090626 -0.000188657 0.002462413
0.000023566 -0.000815643 0.000059997 0.001890510
0.000176326 -0.001197542 0.000038038 0.001945406
0.000035261 -0.000802559 0.000136960 0.001668425
0.000168479 -0.001228859 0.000224244 0.001389116
0.000701939 -0.003256006 0.000891273 -0.001145591
0.000017202 -0.001008077 -0.005932197 0.007224943
-0.000004601 -0.000992815 -0.001946482 0.004434942
-0.000006686 -0.000990938 -0.000881069 0.003476071
0.000073991 -0.001079683 -0.000833788 0.003424061
0.000146460 -0.001173893 -0.000609489 0.003132472
-0.000008252 -0.000941825 -0.000470333 0.002923739
0.000086647 -0.001103154 -0.000317083 0.002663214
-0.000089717 -0.000768062 -0.000123486 0.002295380
0.000035136 -0.001030252 -0.000187415 0.002429630
0.000192342 -0.001391826 -0.000105172 0.002240471
0.000000584 -0.000912431 0.000070578 0.001801097
0.000233118 -0.001563526 0.000087360 0.001754106
0.000186224 -0.001413467 0.000117552 0.001657492
0.000204947 -0.001484614 0.000572178 -0.000070085
-0.000141934 -0.001010023 -0.010272820 0.010512666
-0.000100838 -0.001038790 -0.002848023 0.005315308
0.000092929 -0.001213180 -0.001179970 0.003814061
0.000064002 -0.001181360 -0.000859414 0.003461449
0.000189291 -0.001344236 -0.000653270 0.003193462
0.000025501 -0.001098551 -0.000418484 0.002841282
-0.000033986 -0.000997423 -0.000383943 0.002782562
0.000115674 -0.001281778 -0.000243973 0.002516620
0.000056408 -0.001157319 -0.000039089 0.002086363
0.000057396 -0.001159592 -0.000214631 0.002490111
0.000088314 -0.001236887 0.000081787 0.001749065
0.000051390 -0.001133499 0.000072790 0.001774256
0.000083389 -0.001235897 0.000168356 0.001468447
0.000015715 -0.000978734 0.000079608 0.001805688
0.132846542 0.590348210 -1.655274132 2.510430922
-0.128439672 0.773248557 -0.905764157 1.985773948
-0.105250751 0.752378528 -0.546951760 1.662842799
-0.079733162 0.724309180 -0.374467209 1.473109789
-0.160191915 0.828905555 -0.279832714 1.350084950
-0.740627321 1.699558664 -0.211799392 1.248034968
-0.575660822 1.419115608 -0.203713550 1.234289035
-0.410090757 1.104532488 -0.084282190 1.007369454
-0.408827565 1.101879785 -0.132943956 1.109559159
-0.217550867 0.661943388 -0.013754961 0.835424475
-0.098876298 0.365256967 -0.065797180 0.965530024
-0.080150375 0.312824382 -0.032592110 0.872555829
-0.033000260 0.161944012 -0.018048587 0.826016555
0.144695667 -0.513300501 0.174691613 0.093603803
-0.131979891 0.752940629 -1.719910009 2.525469116
-0.179097067 0.785922652 -0.846709063 1.914228465
-0.134348837 0.745649246 -0.546693672 1.644214619
-0.038049235 0.639719681 -0.368053449 1.447710370
-0.094457842 0.713050868 -0.258860526 1.305759576
-0.486767027 1.301514645 -0.194913996 1.209839781
-0.418674798 1.185757852 -0.162993430 1.155574816
-0.294491754 0.949810072 -0.082297057 1.002251709
-0.253544389 0.863820610 -0.147675539 1.139546515
-0.200716731 0.742316998 -0.054956363 0.926292416
-0.053082961 0.373232574 -0.005859932 0.803551338
-0.137829710 0.610523468 -0.017898227 0.837258565
0.044099994 0.028348406 -0.025150482 0.860465779
0.125058543 -0.279294077 0.074921925 0.480190636
-0.141174206 0.720328037 -1.727729543 2.531058303
-0.127969690 0.711084876 -0.835731675 1.906659807
-0.058127926 0.648227290 -0.524145240 1.626232022
-0.045809464 0.634676982 -0.354383417 1.439494013
-0.066109880 0.661067522 -0.286844602 1.351693557
-0.285376540 0.989967512 -0.179205196 1.190234448
-0.312336944 1.035800200 -0.139860859 1.123349073
-0.230989390 0.881239849 -0.157752093 1.157342418
-0.109948639 0.627054283 -0.042589893 0.915501808
-0.029259019 0.441468162 -0.011368093 0.843691670
-0.187974205 0.838256126 -0.107647198 1.084389431
0.030703388 0.225958876 -0.041575720 0.899389297
0.020247850 0.259416599 0.026129290 0.682733263
0.002235845 0.327862218 0.137151264 0.260849764
-0.068712239 0.627826335 -1.879193895 2.634503301
-0.067874197 0.627239706 -0.862658671 1.922928657
-0.014086362 0.578830656 -0.500514984 1.596999347
-0.039178147 0.606431620 -0.358053574 1.440291793
-0.025938445 0.589220008 -0.276819998 1.334688147
-0.147860313 0.772102810 -0.218208082 1.246770274
-0.130433934 0.742477964 -0.135498691 1.106164306
-0.201165897 0.876868693 -0.110446850 1.058565808
-0.054802136 0.569504809 -0.098976767 1.034478635
-0.058570043 0.578170995 -0.021884734 0.857166963
-0.048917142 0.554038743 -0.071313393 0.980738609
-0.040532266 0.530561090 -0.055821525 0.937361379
0.064343969 0.194957131 0.040332185 0.629669505
0.029920937 0.325764651 0.011330620 0.739875449
0.185043972 0.400191495 -1.865193359 2.600066896
0.051063302 0.493977962 -0.777988480 1.839023494
0.034038714 0.509300091 -0.514199015 1.601612982
0.012213592 0.533307726 -0.333671093 1.403032263
0.013802942 0.531241571 -0.271890993 1.322718136
-0.046309520 0.621410264 -0.201344740 1.216898757
-0.083662599 0.684910501 -0.146323793 1.123363144
-0.084362954 0.686241175 -0.112095515 1.058329417
-0.025585884 0.562809333 -0.045295943 0.918050322
-0.031306140 0.575965922 -0.126810044 1.105532749
-0.011666022 0.526865626 0.005202096 0.775502402
0.014209222 0.454414944 0.011608300 0.757565030
-0.033902829 0.608373512 0.003223817 0.784395375
0.005162396 0.459925658 -0.062037934 1.032390024
0.196992767 0.358059281 -1.715655429 2.506893448
0.070123677 0.446867643 -0.823186089 1.882164920
0.051995801 0.463182730 -0.515595552 1.605333444
0.038592531 0.477926328 -0.344849948 1.417513276
0.006198882 0.520038071 -0.243696810 1.286014202
0.080009978 0.409321426 -0.186947838 1.200890742
0.135091890 0.315682174 -0.177617137 1.185028550
0.054733475 0.468363160 -0.075705377 0.991396209
0.012077686 0.557940311 -0.044239451 0.925317768
0.061992988 0.443135120 -0.077614170 1.002079619
-0.019225283 0.646180796 -0.061921487 0.962847913
0.024727130 0.523114043 0.014212575 0.749672542
-0.030601228 0.700164792 0.054392823 0.621095746
-0.038584101 0.730499707 -0.034896435 0.960394925
0.339584818 0.243379329 -2.045164826 2.764058830
0.171355317 0.361139978 -0.896415168 1.959934083
0.073643309 0.449080783 -0.507722972 1.610111116
0.051510054 0.473427364 -0.382970112 1.472882967
0.031322233 0.499671530 -0.235238913 1.280832415
0.177478152 0.280437652 -0.169715841 1.182547807
0.200611425 0.241111087 -0.163047074 1.171210903
0.148954147 0.339259914 -0.064400458 0.983782334
0.075050277 0.494458035 -0.061536417 0.977767848
0.139368441 0.346526259 -0.006670354 0.851575907
-0.009494028 0.718682432 -0.097648914 1.079022307
0.065184518 0.509582507 -0.072461498 1.008497544
-0.003691217 0.729984862 0.087808385 0.495633911
-0.126523309 1.196746804 0.078263213 0.531905563
0.398742133 0.213061544 -1.708060009 2.518149010
0.191863936 0.357876280 -0.832141091 1.905005778
0.128343075 0.415045054 -0.526168221 1.629630202
0.063415192 0.486465726 -0.351238376 1.437207369
0.066176041 0.482876623 -0.223227388 1.270793090
0.326971930 0.091682789 -0.176135558 1.200155344
0.309516302 0.121357357 -0.151790137 1.158768128
0.166780114 0.392556111 -0.105144717 1.070141831
0.216905125 0.287293593 -0.060894475 0.977216327
0.185944990 0.358501903 -0.039410880 0.927804059
0.002110402 0.818088372 -0.094484106 1.065487124
0.084550659 0.587255658 0.017097886 0.753057552
-0.006217262 0.877713008 -0.039170788 0.933117312
-0.283978598 1.933206073 0.239344403 -0.125240399
0.427803721 0.222450154 -1.641842225 2.482616235
0.280663388 0.325448385 -0.838326862 1.920155491
0.156084560 0.437569328 -0.518367763 1.632192309
0.086097152 0.514555478 -0.342942301 1.439224297
0.110112998 0.483334879 -0.258592604 1.329569694
0.481327657 -0.073487110 -0.160181186 1.181952568
0.500553727 -0.106171430 -0.118560237 1.111196953
0.313654058 0.248937938 -0.141384950 1.154563907
0.251745820 0.378945232 -0.094931997 1.057012710
0.165385564 0.577573815 -0.016173120 0.875867298
0.158044522 0.595926421 -0.010434788 0.861521467
0.007211564 1.018258696 -0.072364790 1.034925469
0.016358299 0.988989145 0.016640129 0.750109723
0.086416309 0.722768709 -0.003380999 0.826190010
0.334629436 0.334824671 -1.623755790 2.497921515
0.288983303 0.366776964 -0.862538270 1.965069260
0.135070649 0.505298349 -0.557725297 1.690737591
0.118951840 0.523029039 -0.341079953 1.452427708
0.150401258 0.482144797 -0.236863735 1.316946630
0.741232457 -0.404102001 -0.174761373 1.223793086
0.668941081 -0.281206659 -0.176330272 1.226460215
0.420076401 0.191636227 -0.127663062 1.133992517
0.395104195 0.244077858 -0.043342699 0.956919763
0.244264544 0.591009047 -0.131719081 1.160185437
0.124354780 0.890783459 0.045107809 0.718118213
0.106373106 0.941132145 -0.137315658 1.228903911
0.049383251 1.123499684 0.076227697 0.545565165
-0.015196354 1.368902179 -0.017046780 0.900008175
0.025551917 1.878064930 -1.768077121 2.618621104
-0.119392283 1.979525868 -0.959727225 2.052776186
-0.098835206 1.961024499 -0.614742490 1.742289933
-0.087658198 1.948729790 -0.409805027 1.516858719
-0.115906569 1.985452670 -0.295844008 1.368709399
-0.732416336 2.910217321 -0.226150995 1.264169880
-0.577297417 2.646515152 -0.117907268 1.080155539
-0.415336042 2.338788543 -0.140150240 1.122417184
-0.300583172 2.097807526 -0.063655957 0.961779199
-0.203768562 1.875133929 -0.112197968 1.073425822
-0.187426835 1.834279612 -0.056238382 0.933526856
-0.100225782 1.590116668 -0.009139625 0.801650339
-0.010081531 1.301655060 -0.000102719 0.772732238
0.138344475 0.737636243 0.025800766 0.674298997
-0.123932369 1.863071445 -1.831683030 2.648133213
-0.082877879 1.834333303 -0.997011721 2.063863307
-0.100244856 1.849963582 -0.564639434 1.674728259
-0.080533056 1.828280602 -0.391899189 1.484713986
-0.072023255 1.817217861 -0.276047522 1.334106823
-0.459486733 2.398413077 -0.200818431 1.221263188
-0.488906678 2.448426984 -0.184572703 1.193645449
-0.322977420 2.133161399 -0.083381265 1.001381720
-0.193861677 1.862018350 -0.100153065 1.036602497
-0.161610207 1.787839972 -0.136508909 1.120220937
-0.069979838 1.558764048 -0.020635529 0.830537486
-0.115958127 1.687503255 -0.060759321 0.942884104
0.053963272 1.143754770 0.014048817 0.703498058
-0.063627515 1.590599757 0.012528376 0.709275735
-0.186689507 1.779051846 -1.821072806 2.639792795
-0.139250168 1.745844309 -0.976979791 2.048927694
-0.077261310 1.690054339 -0.545507539 1.660602678
-0.073875215 1.686329634 -0.433141148 1.536999645
-0.041704764 1.644508049 -0.282299153 1.340905059
-0.283029012 2.006494421 -0.201747667 1.220077830
-0.348318344 2.117486288 -0.185065336 1.191717865
-0.137640883 1.717199118 -0.062799178 0.959412169
-0.193375899 1.834242646 -0.079289656 0.994042170
-0.131844251 1.692719858 -0.093106903 1.025821839
-0.062925428 1.520422802 -0.044514743 0.904341437
-0.089752355 1.595538194 -0.049766886 0.919047439
0.013416809 1.265396866 -0.022980078 0.833329651
0.018122346 1.247515824 0.131306507 0.247040636
-0.116792924 1.569301609 -2.102973586 2.835656706
-0.100388533 1.557818535 -0.929394420 2.014151303
-0.021429653 1.486755545 -0.596337772 1.714400328
-0.040786281 1.508047836 -0.399809623 1.498219359
-0.045590390 1.514293178 -0.280490451 1.343104441
-0.196267916 1.740309466 -0.232827608 1.271610177
-0.179513757 1.711827396 -0.157310125 1.143230452
-0.148650461 1.653187134 -0.132153379 1.095432636
-0.057368265 1.461494531 -0.122542650 1.075250106
-0.034289948 1.408414403 0.017718072 0.752650450
-0.062786748 1.479656403 -0.030519570 0.873244556
-0.020569260 1.361447439 -0.063984677 0.966946854
0.033436820 1.188627979 -0.010481876 0.795737888
0.022875221 1.228762056 0.028182419 0.648813570
0.025504233 1.298434316 -2.034692886 2.762580575
-0.009189249 1.322719753 -0.895410233 1.965082732
-0.011777279 1.325048980 -0.565507873 1.668170615
-0.031675708 1.346937252 -0.397431397 1.483286487
-0.020241733 1.332073085 -0.268432732 1.315588229
-0.019599195 1.331109278 -0.241638662 1.275397125
-0.117403907 1.497377294 -0.154376383 1.127051246
-0.059947393 1.388209919 -0.077064065 0.980157843
-0.052291142 1.372131793 -0.150541031 1.134459465
-0.006358026 1.266485628 -0.041756620 0.884255325
-0.035823589 1.340149536 0.001732111 0.775533497
0.022566313 1.176657812 -0.100003159 1.060392249
-0.030058627 1.345057623 0.047985025 0.586830053
0.017610491 1.163914975 0.094388133 0.410498245
0.000571609 1.350731909 -2.036930444 2.783613981
0.019229056 1.337671697 -0.860295943 1.959969844
0.002484917 1.352741421 -0.555594431 1.685738491
-0.022925147 1.380692492 -0.406709757 1.521965346
0.021202559 1.323326476 -0.255983411 1.326021103
0.047053684 1.284549790 -0.223412758 1.277165124
0.077724485 1.232409426 -0.177534584 1.199172226
0.081316262 1.225585050 -0.106470623 1.064150701
0.058262334 1.273998295 -0.059995041 0.966551983
-0.086616257 1.607219048 -0.075675529 1.002617105
0.044149565 1.280304494 -0.055800685 0.952929996
0.001592934 1.399463059 -0.014756169 0.838005353
-0.009802581 1.435928708 -0.026558542 0.875772948
-0.024701060 1.492542927 -0.060409088 1.004405018
0.159964571 1.107957954 -2.275110619 2.975730129
0.059264306 1.178448139 -0.953942594 2.050912528
0.021036858 1.212852841 -0.565866693 1.701644226
-0.017074353 1.254775174 -0.424505028 1.546146391
0.028911822 1.194993149 -0.275074774 1.351887068
0.151869022 1.010557348 -0.226243084 1.278639534
0.160909353 0.995188786 -0.163353442 1.171727139
0.145351939 1.024747872 -0.070008363 0.994371490
0.092718579 1.135277923 -0.104169523 1.066109923
0.000795126 1.346701861 -0.047976959 0.936867030
0.068627209 1.177121652 -0.020349029 0.867797204
0.043780495 1.246692450 -0.151278639 1.234400105
-0.078089448 1.636676275 0.098290856 0.435777709
-0.038948657 1.487941272 0.133574613 0.301699436
0.101465589 1.034543094 -1.993526339 2.778122127
0.062559251 1.061777530 -0.973655043 2.064212232
0.038622012 1.083321044 -0.602347111 1.730035102
0.035973204 1.086234733 -0.413179843 1.521951103
0.038667908 1.082731618 -0.297873247 1.372052533
0.296553899 0.695902632 -0.194878234 1.217560013
0.298824417 0.692042751 -0.200522316 1.227154953
0.195456217 0.888442329 -0.095661615 1.027919623
0.162221155 0.958235957 -0.098480857 1.033840031
0.057963119 1.198029433 -0.023665423 0.861764536
0.069434654 1.169350596 -0.152957066 1.184993646
0.022017653 1.302118198 0.004590302 0.743861023
-0.038874156 1.496971986 0.086953455 0.480298928
0.003901273 1.334425359 0.092141783 0.460583283
0.044384601 0.995285450 -1.854426375 2.672663565
0.084874039 0.966942844 -0.931398924 2.026544360
0.016411539 1.028559093 -0.579463105 1.709802132
0.045620219 0.996429544 -0.429012333 1.544306278
0.060850963 0.976629577 -0.271749432 1.339864514
0.463422426 0.372772383 -0.243573429 1.297600510
0.431448376 0.427128271 -0.124569580 1.095293961
0.306511631 0.664508082 -0.126417622 1.098805242
0.269606049 0.742009800 -0.077509862 0.996098949
0.082150082 1.173158516 0.004067122 0.808471891
0.092568015 1.147113684 -0.109042940 1.091247046
0.041478862 1.290163308 -0.014790442 0.827340056
0.027747159 1.334104761 0.021665497 0.710681049
0.054104480 1.233946940 0.124180175 0.321125277
-0.117094524 1.036340479 -1.796437609 2.676362926
0.035364034 0.929619490 -0.979544579 2.104537814
0.054585027 0.912320597 -0.634207574 1.793734518
0.033825648 0.935155914 -0.421455653 1.559707400
0.114262375 0.830588173 -0.298825133 1.400287730
0.678408580 -0.015631135 -0.280655854 1.373033811
0.627383814 0.071110970 -0.169164599 1.183498672
0.420653970 0.463897668 -0.107915142 1.067124706
0.337344924 0.638846658 -0.095255948 1.040540400
0.246191562 0.848499385 -0.067806228 0.977406044
0.119939267 1.164130123 -0.065076560 0.970581875
0.102175450 1.213868810 -0.014439073 0.828796913
0.003662309 1.529110867 0.036408212 0.666085600
-0.017479063 1.609448078 0.096852115 0.436398772
