0.000578775 0.000408325 -0.009562220 0.009693608
0.000260971 0.000630788 -0.002858518 0.005001017
0.000118966 0.000758592 -0.001414372 0.003701286
0.000080189 0.000801247 -0.000868002 0.003100279
0.000087992 0.000791103 -0.000566932 0.002708888
-0.000046762 0.000993234 -0.000391296 0.002445433
0.000032450 0.000858574 -0.000201576 0.002122910
-0.000044711 0.001005179 -0.000175149 0.002072698
0.000149406 0.000597534 -0.000048325 0.001806367
0.000256313 0.000351647 -0.000051351 0.001813329
-0.000116976 0.001284871 0.000033185 0.001601988
-0.000166421 0.001423316 0.000029610 0.001611999
0.000031893 0.000788713 0.000024222 0.001629239
-0.000034453 0.001040827 0.000531564 -0.000298662
0.000284397 0.000743846 -0.005328628 0.006534460
0.000116981 0.000861036 -0.002186684 0.004335099
-0.000053607 0.001014566 -0.001206904 0.003453298
0.000035985 0.000916014 -0.000896917 0.003112312
0.000080304 0.000858400 -0.000527883 0.002632567
-0.000050135 0.001054059 -0.000308501 0.002303495
-0.000097351 0.001134326 -0.000199719 0.002118565
0.000049850 0.000854644 0.000012966 0.001714463
0.000105083 0.000738654 -0.000155128 0.002067461
0.000053502 0.000857291 -0.000153209 0.002063047
-0.000051077 0.001118739 0.000147271 0.001311848
-0.000018805 0.001028377 0.000005406 0.001709069
0.000082151 0.000705318 0.000052551 0.001558207
0.000098245 0.000644160 0.000288607 0.000661193
0.000280656 0.000822103 -0.003978843 0.005573932
0.000135489 0.000923720 -0.002039041 0.004216071
-0.000158865 0.001188639 -0.001154719 0.003420181
0.000027865 0.000983235 -0.000887694 0.003126454
-0.000021911 0.001047944 -0.000590634 0.002740276
-0.000059087 0.001103709 -0.000318231 0.002331670
-0.000105702 0.001182954 -0.000244398 0.002206156
0.000110418 0.000772326 -0.000133432 0.001995320
-0.000179090 0.001380293 -0.000086778 0.001897347
-0.000130179 0.001267797 -0.000034855 0.001777923
0.000263540 0.000283500 0.000063890 0.001531061
-0.000109108 0.001326914 0.000182939 0.001197723
0.000121581 0.000588709 0.000085227 0.001510402
0.000084662 0.000729002 0.000354087 0.000488736
0.000150929 0.000984267 -0.003894884 0.005572975
-0.000077284 0.001144016 -0.002103999 0.004319355
-0.000088348 0.001153973 -0.001244549 0.003545850
-0.000069244 0.001132960 -0.000887452 0.003153043
0.000022118 0.001014188 -0.000559394 0.002726568
0.000012147 0.001029144 -0.000384831 0.002464723
-0.000066271 0.001162455 -0.000336437 0.002382453
0.000085431 0.000874222 -0.000046695 0.001831944
-0.000176153 0.001423549 -0.000095761 0.001934983
0.000178933 0.000606850 -0.000167871 0.002100836
0.000043584 0.000945222 0.000003580 0.001672208
-0.000142757 0.001466978 -0.000003793 0.001692850
0.000187153 0.000411265 0.000283843 0.000772418
0.000073306 0.000843884 0.000191813 0.001122132
0.000427637 0.000829925 -0.004243127 0.005862067
-0.000056723 0.001168977 -0.002196937 0.004429734
-0.000223478 0.001319056 -0.001328421 0.003648070
-0.000051385 0.001129753 -0.000884625 0.003159895
-0.000105010 0.001199466 -0.000587228 0.002773278
-0.000028847 0.001085222 -0.000322743 0.002376551
-0.000109197 0.001221816 -0.000294282 0.002328167
0.000068430 0.000884325 -0.000214896 0.002177334
-0.000010037 0.001049105 -0.000202882 0.002152103
-0.000121248 0.001304890 0.000082469 0.001495797
0.000178109 0.000556498 0.000048892 0.001579740
-0.000014732 0.001096454 0.000093534 0.001454741
0.000119954 0.000665460 0.000017389 0.001698405
0.000138865 0.000593597 0.000428628 0.000135697
-0.000065874 0.000932407 -0.003902746 0.005540743
-0.000179223 0.001011751 -0.001905256 0.004142500
0.000027856 0.000825380 -0.001327633 0.003622639
0.000036452 0.000815925 -0.000817174 0.003061135
-0.000001078 0.000864714 -0.000581124 0.002754269
0.000032863 0.000813803 -0.000416546 0.002507403
0.000017136 0.000840538 -0.000181461 0.002107759
0.000031630 0.000812999 -0.000079241 0.001913540
-0.000037058 0.000957244 -0.000023363 0.001796196
0.000103526 0.000633901 -0.000086158 0.001940626
-0.000054284 0.001028425 -0.000082713 0.001932013
0.000218455 0.000264757 0.000063678 0.001522117
-0.000029970 0.001059717 0.000180955 0.001146831
0.000181814 0.000254939 0.000090596 0.001490196
-0.000158813 0.001044124 -0.003752780 0.005428385
-0.000051684 0.000969135 -0.001774047 0.004043273
0.000072152 0.000857682 -0.001194903 0.003522043
-0.000094404 0.001040894 -0.000961543 0.003265347
-0.000046252 0.000978296 -0.000563123 0.002747402
-0.000021101 0.000940570 -0.000398079 0.002499835
-0.000056917 0.001001456 -0.000290183 0.002316412
0.000006420 0.000881117 0.000024120 0.001719236
0.000195590 0.000483859 -0.000184362 0.002157049
0.000018741 0.000890612 -0.000066006 0.001884830
0.000104568 0.000676044 0.000113873 0.001435131
-0.000112004 0.001282446 -0.000075420 0.001965152
0.000127650 0.000515553 0.000017140 0.001668959
0.000128852 0.000510985 0.000747881 -0.001107855
-0.000067752 0.000995090 -0.004247470 0.005716507
0.000059926 0.000905715 -0.001707036 0.003938203
0.000104949 0.000865195 -0.001071319 0.003366057
-0.000076289 0.001064557 -0.000810139 0.003078760
0.000115745 0.000814912 -0.000569964 0.002766532
0.000108566 0.000825681 -0.000294776 0.002353750
0.000020310 0.000975715 -0.000193472 0.002181534
0.000040419 0.000937509 -0.000138306 0.002076718
0.000065307 0.000885243 -0.000130438 0.002060195
-0.000111422 0.001291721 0.000107266 0.001513477
0.000084138 0.000802821 0.000005349 0.001768269
-0.000001196 0.001041755 -0.000071589 0.001983695
0.000044022 0.000897059 0.000130362 0.001337450
0.000176071 0.000395273 0.000370774 0.000423884
-0.000199082 0.001144288 -0.006622849 0.007465155
0.000199137 0.000865535 -0.002036531 0.004254732
0.000081732 0.000971199 -0.001184371 0.003487788
-0.000015713 0.001078388 -0.000879868 0.003152835
0.000036972 0.001009898 -0.000561997 0.002739602
-0.000012618 0.001084283 -0.000281241 0.002318469
-0.000002640 0.001067320 -0.000169106 0.002127838
0.000154371 0.000768999 -0.000280787 0.002340033
-0.000012626 0.001119693 -0.000015149 0.001782192
-0.000053927 0.001214686 -0.000007877 0.001765467
0.000077835 0.000885280 0.000035728 0.001656455
0.000087654 0.000857787 0.000101261 0.001472964
-0.000010007 0.001170302 0.000088499 0.001513801
0.000046931 0.000953939 0.000371906 0.000436856
-0.000282933 0.001271379 -0.011764554 0.011419753
0.000266174 0.000887004 -0.003115301 0.005365276
0.000139050 0.001001416 -0.001557092 0.003962888
-0.000100330 0.001264734 -0.001073537 0.003430978
0.000044444 0.001076528 -0.000604601 0.002821360
-0.000024551 0.001180020 -0.000361568 0.002456812
0.000096051 0.000974997 -0.000303123 0.002357455
-0.000029529 0.001213598 -0.000103936 0.001978999
0.000170041 0.000794501 -0.000026013 0.001815362
-0.000164824 0.001564691 -0.000072686 0.001922709
0.000010691 0.001125904 0.000050532 0.001614664
0.000112149 0.000841821 0.000189749 0.001224856
-0.000073514 0.001435944 -0.000107048 0.002174607
-0.000047224 0.001336043 0.000325268 0.000531809
0.000722056 -0.001389970 -0.009290990 0.010097081
0.000543681 -0.001265107 -0.003022250 0.005708963
0.000386101 -0.001123285 -0.001398843 0.004247896
0.000152013 -0.000865789 -0.000994902 0.003803561
0.000123658 -0.000828927 -0.000644070 0.003347480
0.000094927 -0.000785831 -0.000402072 0.002984482
0.000075141 -0.000752195 -0.000177276 0.002602330
0.000068764 -0.000740078 -0.000174581 0.002597209
0.000011231 -0.000619260 -0.000225125 0.002703352
0.000046427 -0.000700210 0.000192377 0.001743096
0.000116144 -0.000874502 0.000132634 0.001892454
0.000043188 -0.000670226 -0.000143851 0.002666614
0.000094690 -0.000835030 0.000035078 0.002094039
0.000237650 -0.001378278 0.000414253 0.000653174
0.000417052 -0.001134769 -0.005589463 0.007220694
0.000241309 -0.001011749 -0.002330225 0.004939227
0.000204853 -0.000978939 -0.001127443 0.003856723
0.000060101 -0.000819711 -0.000860932 0.003563562
0.000112059 -0.000887257 -0.000516724 0.003116092
0.000103492 -0.000874407 -0.000383913 0.002916875
0.000064801 -0.000808632 -0.000164190 0.002543345
0.000051437 -0.000783240 -0.000176970 0.002567627
0.000125888 -0.000939587 -0.000070953 0.002344991
-0.000037850 -0.000562991 -0.000180752 0.002597530
0.000255889 -0.001297337 0.000225849 0.001581027
-0.000241794 0.000096176 0.000030375 0.002128354
0.000282241 -0.001580738 0.000024723 0.002146440
0.000091091 -0.000854367 0.000688169 -0.000374654
0.000407526 -0.001165681 -0.004133034 0.006146322
-0.000002464 -0.000878688 -0.002054654 0.004691456
0.000070239 -0.000944120 -0.001205329 0.003927064
0.000177417 -0.001062016 -0.000910923 0.003603218
0.000179211 -0.001064349 -0.000579064 0.003171800
0.000057170 -0.000881288 -0.000448046 0.002975274
0.000347689 -0.001375169 -0.000142987 0.002456673
0.000147769 -0.000995321 -0.000107701 0.002389629
-0.000048547 -0.000583058 -0.000211567 0.002607749
0.000325931 -0.001444357 0.000056920 0.001990228
-0.000163899 -0.000219782 -0.000135982 0.002472484
0.000093976 -0.000941831 0.000281478 0.001303596
0.000172664 -0.001193633 0.000338495 0.001121140
0.000133839 -0.001046099 0.000275820 0.001359305
0.000193223 -0.001024936 -0.004026327 0.006060259
0.000064124 -0.000934566 -0.002170504 0.004761183
-0.000020130 -0.000858738 -0.001216704 0.003902763
0.000137621 -0.001032263 -0.000940189 0.003598596
0.000119180 -0.001008291 -0.000691876 0.003275789
0.000198825 -0.001127758 -0.000406038 0.002847032
0.000183903 -0.001102390 -0.000094920 0.002318132
0.000095147 -0.000933755 -0.000244036 0.002601452
0.000163790 -0.001077904 -0.000251378 0.002616870
-0.000203759 -0.000232541 0.000116952 0.001769711
0.000070768 -0.000918859 -0.000062007 0.002217108
0.000251110 -0.001423817 0.000060007 0.001875469
0.000059418 -0.000810402 0.000149471 0.001589185
0.000361426 -0.001958032 0.000890014 -0.001224876
0.000229344 -0.001172224 -0.003986985 0.006046294
0.000018124 -0.001024370 -0.002088739 0.004717521
-0.000023115 -0.000987255 -0.001325077 0.004030226
0.000105715 -0.001128968 -0.000970257 0.003639923
0.000149731 -0.001186188 -0.000696173 0.003283614
0.000187278 -0.001242510 -0.000383115 0.002814027
0.000279435 -0.001399176 -0.000341602 0.002743456
-0.000079116 -0.000717928 -0.000239969 0.002550353
0.000171037 -0.001243251 -0.000074259 0.002202362
-0.000307205 -0.000143295 -0.000003329 0.002039224
0.000228305 -0.001482068 -0.000051671 0.002160076
0.000087693 -0.001088357 0.000182817 0.001503510
0.000334373 -0.001877733 0.000224604 0.001369792
0.000274132 -0.001648814 0.000033756 0.002095014
0.000571967 -0.000942846 -0.003953404 0.005907563
-0.000177531 -0.000418198 -0.001837859 0.004426681
-0.000148124 -0.000444665 -0.000978783 0.003653512
-0.000077515 -0.000522335 -0.000840490 0.003501390
0.000118758 -0.000777489 -0.000674318 0.003285367
0.000202574 -0.000903213 -0.000255012 0.002656408
0.000020245 -0.000593253 -0.000367483 0.002847608
0.000116512 -0.000776161 -0.000165687 0.002464196
-0.000017240 -0.000495281 0.000106769 0.001892038
0.000047038 -0.000643121 -0.000286034 0.002795485
0.000006583 -0.000541985 0.000182464 0.001624241
0.000335503 -0.001462958 -0.000139801 0.002526584
0.000046919 -0.000539490 0.000380572 0.000861388
0.000381038 -0.001809142 0.000714641 -0.000408071
0.000387620 -0.000890773 -0.003787873 0.005726203
-0.000129654 -0.000528681 -0.001843163 0.004364906
-0.000063521 -0.000588201 -0.000888151 0.003505395
-0.000060383 -0.000591653 -0.000848952 0.003462276
0.000045449 -0.000729234 -0.000547226 0.003070033
0.000102080 -0.000814181 -0.000454538 0.002931000
0.000057230 -0.000737935 -0.000226068 0.002542602
0.000085023 -0.000790742 -0.000124743 0.002350083
-0.000111152 -0.000378776 -0.000114234 0.002328014
0.000033062 -0.000710467 -0.000238324 0.002613423
0.000141342 -0.000981167 0.000030988 0.001940142
0.000352108 -0.001571312 0.000214518 0.001426257
-0.000040945 -0.000313544 0.000229626 0.001377912
0.000247726 -0.001410492 0.000471556 0.000458578
0.000326590 -0.001015900 -0.004134004 0.005915720
-0.000083744 -0.000728666 -0.001830729 0.004303428
-0.000082597 -0.000729698 -0.000877910 0.003445891
0.000075839 -0.000903978 -0.000809112 0.003370214
0.000052461 -0.000873587 -0.000685610 0.003209661
0.000064730 -0.000891989 -0.000480550 0.002902070
0.000096070 -0.000945268 -0.000182778 0.002395858
-0.000260546 -0.000267698 -0.000197694 0.002424199
0.000370980 -0.001593902 0.000056600 0.001890181
0.000045197 -0.000844601 -0.000247412 0.002589408
0.000125281 -0.001044812 0.000111416 0.001692338
0.000031010 -0.000780852 0.000080910 0.001777756
0.000201712 -0.001327097 0.000252567 0.001228453
0.000112736 -0.000988992 0.000424718 0.000574279
0.000099021 -0.001073007 -0.006125222 0.007299482
0.000031162 -0.001025506 -0.002042016 0.004441238
0.000013788 -0.001009870 -0.000976764 0.003482511
0.000085744 -0.001089021 -0.000758897 0.003242857
0.000163887 -0.001190607 -0.000544343 0.002963937
-0.000054592 -0.000862888 -0.000509211 0.002911239
0.000102740 -0.001130352 -0.000124231 0.002256774
0.000034220 -0.001000164 -0.000126746 0.002261552
0.000061438 -0.001057324 -0.000231284 0.002481082
-0.000067299 -0.000761229 0.000136053 0.001636207
0.000166759 -0.001346371 -0.000033169 0.002059262
0.000097693 -0.001152988 -0.000049742 0.002105665
0.000149986 -0.001320324 0.000197888 0.001313249
0.000365637 -0.002139799 0.000676012 -0.000503622
0.000126043 -0.001213596 -0.010557203 0.010651063
0.000012873 -0.001134377 -0.002911758 0.005299251
0.000108568 -0.001220502 -0.001222101 0.003778560
0.000052138 -0.001158429 -0.000895162 0.003418927
0.000142443 -0.001275826 -0.000530141 0.002944400
0.000014232 -0.001083510 -0.000442781 0.002813360
0.000173542 -0.001354336 -0.000214685 0.002425597
-0.000157096 -0.000726125 -0.000263952 0.002519204
-0.000038365 -0.000975459 -0.000257887 0.002506467
0.000453217 -0.002106098 0.000086846 0.001713581
-0.000105717 -0.000708763 0.000018092 0.001885467
0.000118399 -0.001336287 -0.000000479 0.001937466
0.000041499 -0.001090207 0.000201953 0.001289683
-0.000028264 -0.000825107 0.000392759 0.000564621
0.123548515 -0.407696757 -1.313200671 2.836020807
-0.102910704 -0.249175307 -0.661817829 2.380052825
-0.065376147 -0.282956407 -0.351540362 2.100803113
-0.148999595 -0.190970612 -0.300579179 2.044745809
-0.012695041 -0.368166526 -0.202774953 1.917600321
-0.889389154 0.946874643 -0.158966146 1.851887110
-0.523331054 0.324575857 -0.152954514 1.841667335
-0.447808068 0.181082185 0.044487135 1.466528208
-0.260128615 -0.213044649 0.109760735 1.329453653
-0.365008923 0.028180054 -0.366755637 2.425441285
-0.139806492 -0.534826024 -0.027199591 1.576551170
-0.147168005 -0.514213786 0.133039622 1.127881384
-0.045427091 -0.839784716 -0.174819060 2.113029180
0.060731251 -1.243186410 0.156085799 0.855590733
-0.137556650 -0.261445026 -1.312594492 2.816401044
-0.146649489 -0.255080040 -0.607181228 2.322611767
-0.070573224 -0.323548677 -0.369506390 2.108704419
-0.068630154 -0.325686054 -0.229162060 1.954325652
-0.142852630 -0.229196838 -0.125325292 1.819337860
-0.427072244 0.197132584 -0.211415836 1.948473676
-0.317395443 0.010682016 -0.041741744 1.660027710
-0.423513206 0.212305764 -0.178470675 1.919812677
-0.330566983 0.017118704 0.035761586 1.469924948
-0.171193738 -0.349439753 0.016884800 1.513341556
-0.064120502 -0.617122843 -0.024074320 1.615739355
-0.035670987 -0.696781482 -0.214437493 2.148756231
0.011657776 -0.848233527 0.320801786 0.435990513
0.301132369 -1.948236966 -0.020408036 1.732587818
-0.163439820 -0.283938075 -1.273685770 2.790401616
-0.057785663 -0.357895984 -0.593575275 2.314324277
-0.076252949 -0.341275427 -0.342310585 2.088186063
-0.016149437 -0.407389291 -0.202381087 1.934263612
-0.087951103 -0.314047130 -0.295028616 2.054705395
-0.209888915 -0.131140411 -0.042659034 1.676151022
-0.368013216 0.137670907 -0.077901510 1.736063233
-0.212513582 -0.157778392 0.007667544 1.573482032
-0.095479764 -0.403549400 -0.162461361 1.930752717
-0.333163063 0.143122176 -0.199547362 2.016050518
0.007082424 -0.707491540 0.038407252 1.421163981
0.023729497 -0.754103346 -0.095355190 1.795698813
-0.169129697 -0.136953915 -0.067213586 1.705645678
0.130328246 -1.274894082 0.255387739 0.479760661
-0.020049961 -0.428583547 -1.309087354 2.803818980
-0.035036357 -0.418093069 -0.611454881 2.315476257
-0.007866023 -0.442546370 -0.330390255 2.062518101
-0.044274048 -0.402497541 -0.210042671 1.930135755
0.061599151 -0.540132694 -0.184271292 1.896632963
-0.123934120 -0.261832788 -0.078105908 1.737384887
-0.184338308 -0.159145666 -0.212088303 1.965154966
-0.174076619 -0.178642874 -0.104691424 1.761100897
-0.184191719 -0.157401165 -0.045571912 1.636949929
-0.139325824 -0.260592722 0.018138285 1.490416478
-0.040682759 -0.507200384 -0.055075098 1.673449936
0.190790101 -1.155324382 -0.043614794 1.641361086
-0.123047451 -0.151044201 0.116968372 1.127494946
0.393238464 -2.112930651 -0.152032980 2.149700073
0.194511574 -0.628151259 -1.117610998 2.658165488
0.139975407 -0.589975942 -0.593248045 2.291111427
0.053364026 -0.512025701 -0.302345085 2.029298770
-0.036903186 -0.412731766 -0.233048880 1.953072943
0.054641651 -0.531740050 -0.203983139 1.915287481
-0.065884723 -0.350950488 -0.155920349 1.843193296
0.001865030 -0.466125072 -0.185343689 1.893212976
-0.188744434 -0.103967096 0.055258890 1.436068081
0.107464765 -0.726006384 0.048114050 1.451072245
-0.157929025 -0.115600680 -0.259904203 2.159514213
0.099625206 -0.759486258 -0.068567605 1.681172716
0.046549801 -0.610875126 0.082822124 1.257281482
-0.085164670 -0.189388814 -0.087404464 1.802006571
-0.015761034 -0.453122628 -0.043183717 1.633967735
0.292949992 -0.713884392 -1.157721350 2.687942420
0.149010876 -0.613127013 -0.588030850 2.289159077
0.059775845 -0.532815487 -0.339798250 2.065749743
0.013306593 -0.481699308 -0.226933441 1.941598450
0.100427097 -0.594955960 -0.205526303 1.913769172
0.031674050 -0.491826389 -0.065504893 1.703737057
0.141504309 -0.678537834 -0.140594890 1.831390056
-0.078562377 -0.260411136 -0.097399389 1.749318604
0.183876113 -0.811531941 -0.093788482 1.741735700
0.163886359 -0.765555508 0.030309551 1.456310231
-0.118125597 -0.060525619 -0.108431595 1.803163095
0.165619140 -0.855010868 -0.052538800 1.646663271
-0.082043720 -0.062489702 0.096553778 1.169567015
0.154398130 -0.960968723 0.106946534 1.130074542
0.469495384 -0.872645958 -1.382410609 2.862199109
0.244982257 -0.715486772 -0.597081220 2.312468547
0.097540147 -0.582788876 -0.350337541 2.090399241
0.072688039 -0.555451558 -0.265309309 1.996868185
0.037134579 -0.509232061 -0.144203271 1.839430340
0.229394530 -0.797621988 -0.083739738 1.748735040
0.209447965 -0.763712827 -0.140211036 1.844736251
0.112238865 -0.579015537 -0.099756753 1.767873114
0.227731412 -0.821549876 0.093178131 1.362709876
0.065533950 -0.448495721 -0.171383578 1.971201795
-0.052302389 -0.153904874 0.135662975 1.203585412
0.010871140 -0.330790750 -0.300399887 2.424561405
0.127806485 -0.704983862 0.058479517 1.276147293
-0.234228424 0.670748775 0.087628072 1.165382787
0.549262497 -0.909979032 -1.242806986 2.772633351
0.223151906 -0.681701622 -0.631747879 2.344891984
0.159214399 -0.624157868 -0.327026170 2.070642453
0.067743832 -0.523540242 -0.241913882 1.977018934
0.143857415 -0.622487896 -0.141403641 1.846355626
0.288164845 -0.838949041 -0.171745975 1.891869126
0.327494411 -0.905809304 -0.107485094 1.782625626
0.244439257 -0.748004515 -0.096683537 1.762102667
0.164207479 -0.579517788 -0.090520956 1.749161249
-0.054023476 -0.077586601 0.213869163 1.049063989
0.451488914 -1.341367578 -0.152767524 1.965655705
-0.080822184 0.149103472 -0.082663874 1.769365490
0.081245328 -0.369512576 0.065723469 1.294525984
-0.133754489 0.447486719 0.080255573 1.239303992
0.570677255 -0.913396823 -1.252090410 2.784946896
0.407151008 -0.798928452 -0.628044643 2.348114867
0.144919271 -0.562919895 -0.318457408 2.069486363
0.131080645 -0.547697405 -0.267421103 2.013346426
0.094179787 -0.499726292 -0.122920841 1.825496093
0.563846171 -1.204225868 -0.193800880 1.931816151
0.346318235 -0.834428366 -0.066189194 1.714876278
0.418338888 -0.971267606 -0.092879567 1.765587987
0.213102554 -0.540271325 -0.069946034 1.717427570
0.348894410 -0.852592587 -0.197256160 2.010240854
-0.170286269 0.445359111 0.031711266 1.437822290
0.166434429 -0.497458827 0.112574074 1.211406431
0.132374008 -0.388465479 -0.054249573 1.745242109
0.021682420 0.032162551 0.258810238 0.555614842
0.496162653 -0.815225959 -1.169404457 2.745556807
0.354774168 -0.716254021 -0.668579976 2.394979676
0.189375683 -0.567395389 -0.351659572 2.109751319
0.181523030 -0.558757470 -0.290812954 2.042820039
0.125022948 -0.485307366 -0.136545268 1.842272054
0.763472137 -1.442981149 -0.229955857 1.982387937
0.691667309 -1.320912939 0.082166224 1.451780385
0.317752575 -0.610474953 -0.184602803 1.958641531
0.455903414 -0.900591701 0.006912945 1.556458477
0.216193893 -0.349259814 -0.182542757 1.992206584
0.035452898 0.102592673 0.019428733 1.487277858
0.236591268 -0.460594753 -0.082008819 1.771302999
-0.039843774 0.423997395 0.086946104 1.230647237
0.249235384 -0.674503393 -0.149414697 2.128818270
0.155898938 0.786681349 -1.399308526 2.912374896
-0.085251932 0.955486956 -0.701505584 2.423912844
-0.068655892 0.940550520 -0.436224833 2.185160175
-0.071964290 0.944189757 -0.388013263 2.132127447
-0.159691236 1.058234784 -0.235726181 1.934154247
-0.671273608 1.825608341 -0.160452089 1.821243110
-0.582182020 1.674152637 -0.051285047 1.635659132
-0.364829730 1.261183292 -0.011244420 1.559581943
-0.333992014 1.196424091 0.046845663 1.437592773
-0.178063171 0.837787760 -0.042943348 1.644107495
-0.215672786 0.931811796 -0.248776316 2.158689916
-0.092252992 0.586236381 -0.115630003 1.785880245
0.007901690 0.265741394 0.125935098 1.012871911
0.002965592 0.284498564 -0.001569241 1.497388393
-0.047413412 0.807797880 -1.464827148 2.942016884
-0.059072677 0.815959366 -0.704715294 2.409938595
-0.057409392 0.814462410 -0.377501159 2.115445881
-0.112987499 0.875598329 -0.249649376 1.974808916
-0.042984773 0.784594789 -0.286214879 2.022344070
-0.441728725 1.382710716 -0.093541123 1.733333435
-0.428108428 1.359556211 -0.013720994 1.597639212
-0.253709347 1.028197961 -0.232579195 2.013469789
-0.286242596 1.096517780 -0.013270971 1.552922539
-0.170249749 0.829734239 -0.120099158 1.798627365
-0.100228306 0.654680630 0.018171472 1.452950788
-0.072328357 0.576560773 -0.025113815 1.574149591
-0.070041777 0.569243718 -0.043957638 1.634449824
0.055940900 0.090509554 0.036442729 1.328928434
-0.122475035 0.740011100 -1.389696681 2.888660234
-0.120944686 0.738939855 -0.704567474 2.409069798
-0.059137628 0.683313505 -0.386262444 2.122595278
-0.066970015 0.691929130 -0.241340485 1.963181120
0.020648534 0.578025021 -0.256818472 1.983302501
-0.300271738 1.059405428 -0.138430562 1.805720637
-0.286310567 1.035671437 -0.052557606 1.659736608
-0.126012609 0.731105321 -0.110549370 1.769920958
-0.467802622 1.448864315 0.003501176 1.530414822
0.025786602 0.313609124 -0.104513739 1.778849122
0.026978855 0.310628493 0.006749631 1.500690696
0.062942713 0.209929690 0.080864708 1.293168483
-0.043774950 0.551426216 -0.107358711 1.895483434
-0.087384587 0.717142836 -0.030052515 1.601719891
-0.079522138 0.540280702 -1.501751036 2.960167453
-0.019022227 0.497930766 -0.657907764 2.369477172
-0.017660703 0.496705394 -0.370019586 2.110377820
0.004487337 0.472342549 -0.310620777 2.045039128
-0.068985654 0.567857435 -0.147487486 1.832965858
-0.290405532 0.899987251 -0.188876941 1.895050041
-0.093283985 0.564880611 -0.114296716 1.768263653
-0.042143330 0.467713369 0.000008345 1.551084042
-0.021843309 0.425083326 -0.231147949 2.036512237
-0.163020155 0.749790065 0.084085444 1.311475446
-0.060221960 0.492794577 -0.224092440 2.081920157
0.019723023 0.268948629 -0.053215610 1.603465042
-0.073727282 0.567989609 0.129342497 1.019279090
-0.097748270 0.659269365 0.141488471 0.973124389
0.076750521 0.268502889 -1.272387580 2.782975473
0.006637276 0.317582160 -0.660591165 2.354717990
0.000630319 0.322988421 -0.347520030 2.072953976
0.071099724 0.245472074 -0.320021029 2.042705073
-0.018165405 0.361516737 -0.171487887 1.849611996
-0.049640077 0.408728746 -0.096955872 1.737813975
-0.090099605 0.477509945 -0.222729524 1.951629189
-0.006260874 0.318216358 0.178649489 1.189009072
-0.213448503 0.753310359 -0.239825192 2.067805863
-0.151552000 0.610948405 0.112107965 1.258359618
0.123016506 -0.075472861 -0.186082552 2.003835911
0.001796260 0.263943822 0.063957855 1.303722785
-0.027798270 0.358646319 -0.132564327 1.932593777
0.101882970 -0.134142387 0.052353892 1.229904553
0.123635091 0.285453033 -1.351900777 2.849977116
0.041344317 0.343056573 -0.666011612 2.369854708
-0.028045022 0.405506977 -0.347016371 2.082759000
0.042377278 0.328042445 -0.269897677 1.997928434
0.020966078 0.355877005 -0.205351661 1.914018617
0.080843847 0.266060351 -0.073403699 1.716096673
0.153901036 0.141863126 -0.155793484 1.856159312
-0.016826099 0.466244679 -0.103912987 1.757586369
0.072653723 0.278337060 -0.091769673 1.732085412
0.190236821 0.007895941 -0.106679176 1.766377266
-0.237144568 1.076349412 0.037262843 1.406522219
0.039854636 0.300751655 -0.103109752 1.799565480
0.079076799 0.175240731 -0.028808916 1.561802801
-0.017830135 0.543487075 -0.167146484 2.087485552
0.258619652 0.032338090 -1.429672922 2.924831254
0.076964800 0.159496484 -0.661393443 2.387035628
0.120857925 0.119992672 -0.413827201 2.164226016
-0.006579163 0.260173473 -0.253878327 1.988282250
0.054211455 0.181145673 -0.251623332 1.985350757
0.178223806 -0.004872854 -0.167790015 1.859600782
0.115993958 0.100917889 -0.069428707 1.692386554
0.306257715 -0.260583244 -0.125596568 1.799105488
0.043435384 0.291343625 -0.159942470 1.871231878
-0.048324454 0.502391250 0.141307678 1.178356553
-0.039250857 0.479707257 -0.196282100 2.022330998
0.114160600 0.050155185 -0.027461343 1.549632887
0.102897154 0.086198213 0.146369163 0.993375260
0.092747329 0.124767548 0.128608354 1.060866333
0.234805285 -0.076785340 -1.458155600 2.954858287
0.216278149 -0.063816345 -0.758827970 2.465328954
0.029492893 0.104290381 -0.428067940 2.167644935
0.055213367 0.075997859 -0.266228413 1.989621452
0.026132309 0.113803232 -0.114202472 1.791987736
0.310475603 -0.312711709 -0.174171287 1.881940958
0.356879809 -0.391598861 -0.121038599 1.791615387
0.124437108 0.050042265 -0.180167024 1.903959392
0.108999882 0.082460439 0.148041213 1.214722126
0.235566739 -0.208643326 -0.314870402 2.279418817
-0.004122854 0.390580656 0.144341412 1.131389282
0.167071332 -0.088763058 -0.105864678 1.831966324
-0.030385857 0.543099957 -0.106771605 1.834868490
-0.004389771 0.444314831 0.210816426 0.628033988
0.248833649 -0.158455733 -1.460784761 2.948964282
0.133052271 -0.077408770 -0.686827343 2.407194098
0.098269447 -0.046104229 -0.369086178 2.121227057
0.016887362 0.043416066 -0.301495898 2.046877748
0.170041245 -0.155683974 -0.147618020 1.846836514
0.465390087 -0.598707238 -0.185564116 1.903755658
0.340433019 -0.386280216 -0.137473990 1.822002441
0.242360321 -0.199942092 0.011582975 1.538794212
0.436704204 -0.608064227 -0.015704032 1.596096924
0.141044672 0.071952680 -0.336351911 2.333587029
0.111259836 0.146414772 0.129021824 1.170152692
-0.060244039 0.626625614 -0.130295424 1.896240976
0.136189383 -0.001961347 0.102175292 1.152334673
-0.120792135 0.974568411 -0.221388055 2.381875376
-0.000563338 -0.065146141 -1.433904256 2.953951878
0.111820760 -0.143815009 -0.701389951 2.441191873
0.082897710 -0.117784264 -0.443113937 2.208743467
0.054416816 -0.086455279 -0.285585029 2.035461664
0.204000564 -0.280914145 -0.173555571 1.889823375
0.715294757 -1.047855434 -0.236224476 1.983826732
0.630320536 -0.903399255 -0.051341075 1.669524942
0.350755728 -0.372226125 -0.182306832 1.918359876
0.382085500 -0.438018646 0.018340345 1.497000824
0.265903857 -0.170800870 -0.129668682 1.837421578
0.157450264 0.100333112 -0.127018710 1.830796650
0.133050499 0.168652451 0.225882774 0.842672510
0.025107567 0.514069841 -0.199905268 2.205194267
-0.014739484 0.665488633 -0.114708401 1.881446173
0.003209696 -0.001556770 -0.009445788 0.009608501
0.000797416 0.000131826 -0.002863967 0.005001226
0.000081896 0.000775794 -0.001398420 0.003682234
0.000158101 0.000691968 -0.000888191 0.003120982
0.000136033 0.000720657 -0.000582994 0.002724226
-0.000033491 0.000974943 -0.000338944 0.002358150
0.000031267 0.000864855 -0.000353377 0.002382686
0.000042663 0.000843202 -0.000013252 0.001736449
0.000039272 0.000850323 0.000008510 0.001690750
-0.000135332 0.001251912 -0.000029296 0.001777704
0.000254679 0.000276885 -0.000027022 0.001772017
-0.000248163 0.001684842 -0.000035270 0.001795114
0.000094651 0.000587839 0.000086927 0.001404083
0.000080581 0.000641303 0.000131682 0.001234014
0.001425663 -0.000090641 -0.005518756 0.006670898
0.000195295 0.000770616 -0.002196072 0.004345019
0.000047277 0.000903833 -0.001195158 0.003444197
-0.000023554 0.000981747 -0.000837427 0.003050693
0.000131833 0.000779744 -0.000495845 0.002606636
-0.000071536 0.001084797 -0.000357116 0.002398542
0.000010475 0.000945378 -0.000219851 0.002165193
0.000143285 0.000693040 -0.000130612 0.001995638
-0.000115250 0.001235962 -0.000076940 0.001882927
-0.000050438 0.001086896 -0.000123936 0.001991019
0.000107549 0.000691927 0.000053697 0.001546936
0.000060561 0.000823495 -0.000139881 0.002088954
0.000036266 0.000901240 0.000166860 0.001107383
0.000055223 0.000829200 0.000256831 0.000765491
0.000479402 0.000724208 -0.004113728 0.005664652
-0.000015862 0.001070893 -0.001999863 0.004184946
-0.000161777 0.001202216 -0.001205962 0.003470436
-0.000059915 0.001090168 -0.000833765 0.003061018
-0.000044627 0.001070293 -0.000584769 0.002737324
-0.000033583 0.001053728 -0.000313859 0.002330959
-0.000017694 0.001026716 -0.000322717 0.002346018
0.000012298 0.000969731 -0.000094153 0.001911747
0.000035006 0.000922044 -0.000191284 0.002115721
-0.000305432 0.001705051 0.000264400 0.001067648
0.000319932 0.000141641 -0.000087076 0.001946337
0.000074761 0.000828121 -0.000065079 0.001884748
0.000054701 0.000892313 0.000243658 0.000896789
0.000148060 0.000537550 0.000396100 0.000317509
-0.000193377 0.001294012 -0.003980407 0.005650671
-0.000235059 0.001323189 -0.002103924 0.004337133
-0.000150269 0.001246879 -0.001314204 0.003626385
-0.000096929 0.001188204 -0.000824123 0.003087296
-0.000047809 0.001124348 -0.000630332 0.002835367
0.000044067 0.000986534 -0.000507122 0.002650552
-0.000057207 0.001158701 -0.000182337 0.002098418
0.000038535 0.000976791 -0.000071188 0.001887235
-0.000083026 0.001232069 -0.000119729 0.001989171
-0.000043740 0.001141710 -0.000152963 0.002065608
0.000049341 0.000909008 -0.000081149 0.001886074
0.000288267 0.000240016 0.000277796 0.000881027
-0.000123741 0.001558442 -0.000010476 0.001803498
0.000115797 0.000648195 0.000302392 0.000614600
-0.000318476 0.001449962 -0.004232698 0.005881741
-0.000277924 0.001421575 -0.002270905 0.004508485
-0.000288730 0.001431300 -0.001348160 0.003678015
-0.000207567 0.001342022 -0.000950506 0.003240596
-0.000089872 0.001189018 -0.000564691 0.002739036
-0.000139537 0.001263515 -0.000418644 0.002519966
0.000045006 0.000949792 -0.000278294 0.002281371
-0.000107844 0.001240207 -0.000112532 0.001966423
0.000075218 0.000855778 -0.000226304 0.002205343
0.000150984 0.000681515 0.000086219 0.001486541
0.000009757 0.001034584 -0.000059531 0.001850916
-0.000033943 0.001156942 0.000017578 0.001635011
-0.000104524 0.001382804 0.000030384 0.001594031
0.000482635 -0.000848402 0.000529970 -0.000304394
-0.000335752 0.001143379 -0.003962021 0.005592724
-0.000150938 0.001014009 -0.001950535 0.004184684
-0.000038514 0.000912828 -0.001284122 0.003584912
-0.000063231 0.000940017 -0.000724849 0.002969711
0.000100916 0.000726626 -0.000754265 0.003007952
-0.000002881 0.000882320 -0.000423589 0.002511939
0.000129677 0.000656972 -0.000177941 0.002094337
-0.000039556 0.000978515 -0.000085156 0.001918045
-0.000051921 0.001004482 0.000143761 0.001437319
0.000014705 0.000851242 -0.000506763 0.002933525
-0.000128956 0.001210394 0.000101262 0.001413461
0.000216893 0.000242017 -0.000026989 0.001772565
0.000089967 0.000648179 0.000254762 0.000870961
0.000193093 0.000256301 0.000545693 -0.000234576
-0.000225876 0.001112326 -0.003858351 0.005508210
-0.000070341 0.001003452 -0.001771860 0.004047666
-0.000014708 0.000953382 -0.001206674 0.003538999
-0.000141226 0.001092552 -0.000925158 0.003229331
-0.000020298 0.000935346 -0.000760827 0.003015702
0.000016392 0.000880310 -0.000222584 0.002208337
0.000053822 0.000816679 -0.000304083 0.002346885
0.000193124 0.000552005 0.000026482 0.001718811
-0.000051251 0.001065194 -0.000273278 0.002348307
0.000060572 0.000808000 -0.000047056 0.001827998
-0.000167992 0.001379410 -0.000001080 0.001713057
0.000100712 0.000627039 -0.000039371 0.001820273
0.000007979 0.000923784 0.000267323 0.000838852
0.000090599 0.000609828 0.000585307 -0.000369488
0.000147488 0.000830717 -0.004330019 0.005776775
0.000124237 0.000846993 -0.001664469 0.003910890
0.000071564 0.000894399 -0.001122715 0.003423311
-0.000024233 0.000999775 -0.000888619 0.003165806
0.000023250 0.000938048 -0.000421576 0.002558649
0.000078916 0.000854548 -0.000463990 0.002622271
0.000041936 0.000917415 -0.000219313 0.002206320
0.000116784 0.000775203 -0.000117861 0.002013560
0.000074368 0.000864276 0.000020016 0.001724018
-0.000211555 0.001521900 0.000306790 0.001064438
0.000274521 0.000306711 -0.000194916 0.002318704
-0.000127317 0.001431857 0.000193131 0.001232172
0.000025594 0.000942543 -0.000198530 0.002485487
0.000056936 0.000823442 0.001055268 -0.002278942
0.000525848 0.000585201 -0.006531739 0.007406279
0.000377070 0.000689346 -0.002033891 0.004257785
0.000153283 0.000890754 -0.001234662 0.003538479
-0.000067152 0.001133233 -0.000957874 0.003234012
-0.000034046 0.001090194 -0.000427242 0.002544191
0.000100859 0.000887838 -0.000370022 0.002458360
0.000082387 0.000919240 -0.000198059 0.002166024
-0.000132553 0.001327627 -0.000205681 0.002180505
0.000197413 0.000634697 0.000165426 0.001401180
0.000204905 0.000617466 -0.000065812 0.001933028
0.000010799 0.001102730 -0.000022618 0.001825042
-0.000185071 0.001651167 -0.000009496 0.001788302
-0.000088420 0.001341884 0.000169000 0.001217113
0.000360153 -0.000362695 0.000821716 -0.001263207
0.001061669 0.000241822 -0.011630262 0.011324083
0.000516481 0.000623453 -0.003069469 0.005331529
0.000161764 0.000942698 -0.001665679 0.004068118
0.000067346 0.001046558 -0.001020914 0.003358876
0.000011584 0.001119049 -0.000612396 0.002827802
0.000083625 0.001010988 -0.000475491 0.002622445
-0.000026535 0.001198259 -0.000226236 0.002198711
-0.000003753 0.001154974 -0.000087324 0.001934779
0.000017119 0.001111141 -0.000031005 0.001816509
-0.000180890 0.001566564 -0.000019735 0.001790587
0.000097509 0.000870565 0.000028610 0.001669726
0.000083645 0.000909385 0.000201130 0.001186668
0.000032940 0.001071641 0.000036904 0.001712192
0.000048245 0.001013484 0.000532264 -0.000170174
0.000998197 -0.001600175 -0.009382329 0.010156411
0.000520086 -0.001265497 -0.003025087 0.005706342
0.000432312 -0.001186501 -0.001396244 0.004240383
0.000204000 -0.000935358 -0.001052402 0.003862156
0.000022652 -0.000699604 -0.000508295 0.003154817
0.000284463 -0.001092321 -0.000431613 0.003039795
-0.000018496 -0.000577291 -0.000290579 0.002800036
0.000202335 -0.000996870 -0.000125309 0.002486025
-0.000098765 -0.000364561 -0.000194216 0.002630727
0.000035957 -0.000674421 0.000425376 0.001205668
0.000210595 -0.001111017 -0.000120141 0.002569458
0.000001119 -0.000524483 -0.000045231 0.002359712
0.000068650 -0.000740581 0.000014888 0.002167329
0.000219504 -0.001313827 0.000329491 0.000971841
0.000573150 -0.001244420 -0.005608809 0.007235187
0.000254537 -0.001021391 -0.002366295 0.004965427
0.000146059 -0.000923761 -0.001095298 0.003821530
-0.000019707 -0.000741418 -0.000884919 0.003590113
0.000147913 -0.000959324 -0.000522325 0.003118741
0.000288357 -0.001169991 -0.000406770 0.002945409
-0.000101350 -0.000507488 -0.000265602 0.002705422
0.000293708 -0.001258098 -0.000003395 0.002207229
-0.000228946 -0.000160525 0.000001617 0.002196704
0.000094389 -0.000904196 -0.000026217 0.002260722
0.000112310 -0.000948998 -0.000081828 0.002399749
-0.000034915 -0.000536768 0.000213460 0.001572945
0.000088498 -0.000931689 0.000361813 0.001098214
0.000357131 -0.001952494 0.000756164 -0.000400320
0.000402123 -0.001171984 -0.004044924 0.006090066
0.000037633 -0.000916841 -0.001988647 0.004650673
0.000103599 -0.000976210 -0.001296388 0.004027639
0.000173297 -0.001052878 -0.000843064 0.003528983
0.000172170 -0.001051413 -0.000635759 0.003259487
-0.000006572 -0.000783300 -0.000333041 0.002805409
0.000300267 -0.001304926 -0.000129155 0.002458803
0.000181052 -0.001078418 -0.000290602 0.002765552
0.000158331 -0.001030703 0.000055691 0.002038338
-0.000104431 -0.000426350 -0.000250930 0.002743565
0.000022627 -0.000743996 -0.000112036 0.002396330
0.000315903 -0.001565168 0.000365509 0.001059206
0.000228341 -0.001284971 -0.000078842 0.002481126
-0.000294612 0.000702252 0.000497219 0.000292096
0.000161722 -0.001003755 -0.003865402 0.005951394
0.000104217 -0.000963501 -0.002187498 0.004776861
-0.000046641 -0.000827729 -0.001203707 0.003891449
0.000111135 -0.001001284 -0.000906615 0.003564648
0.000190801 -0.001104848 -0.000707707 0.003306068
0.000128592 -0.001011536 -0.000362835 0.002788760
0.000252562 -0.001222285 -0.000274025 0.002637783
-0.000080763 -0.000588967 -0.000249933 0.002592008
0.000260898 -0.001306456 -0.000035242 0.002141157
-0.000561460 0.000584970 -0.000129112 0.002357056
0.000272450 -0.001499806 0.000036454 0.001943142
0.000125082 -0.001087175 0.000216328 0.001439495
0.000141696 -0.001140341 0.000233095 0.001385840
0.000844928 -0.003812625 0.001632482 -0.003931829
0.000296364 -0.001203992 -0.004043529 0.006072485
-0.000070065 -0.000947492 -0.002008269 0.004647803
-0.000029724 -0.000983798 -0.001343977 0.004049940
0.000196026 -0.001232123 -0.001011135 0.003683813
0.000126570 -0.001141831 -0.000677134 0.003249612
0.000229131 -0.001295672 -0.000472509 0.002942674
-0.000002008 -0.000902736 -0.000179991 0.002445394
-0.000076528 -0.000761148 -0.000210255 0.002502896
0.000182354 -0.001304800 -0.000183788 0.002447315
0.000163688 -0.001261869 -0.000027611 0.002088109
0.000024666 -0.000914313 0.000049189 0.001896109
-0.000037561 -0.000740078 0.000216073 0.001428832
0.000272636 -0.001732706 -0.000023959 0.002196936
-0.000054099 -0.000491114 0.000547988 0.000023535
0.000549219 -0.000918835 -0.003913811 0.005879430
-0.000205948 -0.000390218 -0.001762508 0.004373518
-0.000123414 -0.000464499 -0.001135632 0.003809330
-0.000016068 -0.000582579 -0.000771187 0.003408439
0.000045359 -0.000662434 -0.000676368 0.003285175
0.000175083 -0.000857021 -0.000280687 0.002691653
0.000056355 -0.000655183 -0.000377711 0.002856594
-0.000239771 -0.000092544 0.000031467 0.002079156
0.000129227 -0.000867439 -0.000249590 0.002669375
0.000322596 -0.001312187 0.000401777 0.001171232
0.000043686 -0.000614913 -0.000169483 0.002599382
0.000113286 -0.000809793 0.000521102 0.000665745
0.000158064 -0.000953083 -0.000062719 0.002533970
0.000661987 -0.002867989 0.000762462 -0.000601715
0.000442085 -0.000908425 -0.003843124 0.005766266
-0.000300771 -0.000388425 -0.001794604 0.004332302
0.000065442 -0.000718017 -0.001050078 0.003662228
-0.000094619 -0.000541950 -0.000715099 0.003293751
0.000007101 -0.000674185 -0.000596358 0.003139389
0.000055175 -0.000746297 -0.000354765 0.002776999
0.000160867 -0.000925973 -0.000459989 0.002955879
-0.000132837 -0.000367936 -0.000076375 0.002227014
0.000337402 -0.001355438 -0.000070279 0.002214211
0.000240280 -0.001132056 -0.000226578 0.002573699
0.000103895 -0.000791094 0.000148078 0.001637059
-0.000091086 -0.000245147 0.000080459 0.001826393
0.000344535 -0.001639134 0.000176604 0.001518727
0.000343389 -0.001634780 0.000951854 -0.001427220
0.000341335 -0.001017635 -0.004234300 0.005968572
-0.000068611 -0.000730673 -0.001786917 0.004255404
-0.000074228 -0.000725618 -0.000855990 0.003417569
-0.000002684 -0.000804316 -0.000901210 0.003467311
0.000123894 -0.000968868 -0.000627519 0.003111513
-0.000035047 -0.000730456 -0.000431060 0.002816825
0.000151169 -0.001047023 -0.000130616 0.002306069
0.000059409 -0.000872678 -0.000410089 0.002837069
-0.000253890 -0.000214752 0.000233278 0.001485998
0.000035019 -0.000879241 -0.000310673 0.002737084
0.000236714 -0.001383479 0.000232748 0.001378531
-0.000009808 -0.000693217 -0.000216082 0.002635255
0.000182767 -0.001309459 0.000029999 0.001847798
0.000357549 -0.001973629 0.000489875 0.000100268
0.000143897 -0.001111415 -0.006189723 0.007329939
0.000086736 -0.001071402 -0.001946406 0.004359617
0.000028792 -0.001019252 -0.000925369 0.003440684
0.000058757 -0.001052213 -0.000856687 0.003365134
0.000166868 -0.001192757 -0.000620927 0.003058645
-0.000059143 -0.000853742 -0.000302039 0.002580315
0.000097728 -0.001120422 -0.000317368 0.002606373
-0.000147155 -0.000655144 -0.000244882 0.002468650
0.000476482 -0.001964782 0.000106349 0.001731065
-0.000257484 -0.000276660 -0.000558636 0.003260529
0.000319716 -0.001719660 0.000196214 0.001373405
-0.000005867 -0.000808026 0.000033756 0.001828288
-0.000096962 -0.000516522 0.000260162 0.001103790
0.000099464 -0.001262943 0.001026809 -0.001809472
0.000280578 -0.001332687 -0.010504245 0.010623197
0.000072458 -0.001187003 -0.002986725 0.005360933
0.000119710 -0.001229530 -0.001143898 0.003702389
-0.000021835 -0.001073830 -0.000916897 0.003452688
0.000228632 -0.001399438 -0.000514965 0.002930177
-0.000060369 -0.000965935 -0.000521245 0.002939596
0.000214363 -0.001432981 -0.000325377 0.002606622
0.000118240 -0.001250347 -0.000269671 0.002500779
-0.000110357 -0.000770293 -0.000068641 0.002078616
0.000191063 -0.001463558 -0.000043538 0.002020880
-0.000083504 -0.000777141 0.000008782 0.001890080
0.000077225 -0.001227183 0.000008719 0.001890257
0.000002790 -0.000988992 -0.000076020 0.002161421
-0.000134236 -0.000468290 0.000231868 0.000991445
0.244182065 -0.500128187 -1.284540968 2.829539457
-0.089075273 -0.266848055 -0.662307183 2.393975814
-0.040580174 -0.310493643 -0.384730605 2.144156901
-0.041087881 -0.309935165 -0.294207440 2.044581417
-0.172347534 -0.139297621 -0.323610825 2.082805816
-0.591206112 0.488990244 -0.087372044 1.728447644
-0.789629801 0.826310526 -0.066207671 1.692468210
-0.405502762 0.096469162 0.013613706 1.540807596
-0.402617657 0.090410440 -0.166690906 1.919447263
-0.114727887 -0.571736017 -0.094454862 1.753304366
-0.287969158 -0.138632839 0.118785718 1.220202915
-0.123126477 -0.600192337 -0.092899181 1.812920623
0.061257988 -1.190222635 -0.019726160 1.578766953
-0.240267231 -0.044426815 0.360352716 0.134467239
-0.082840179 -0.299104882 -1.304652769 2.816877166
-0.087579792 -0.295787153 -0.600213444 2.323769647
-0.111770752 -0.274015289 -0.365376385 2.112416299
-0.051913876 -0.339857855 -0.272368290 2.010107392
-0.076416266 -0.308004749 -0.206332158 1.924260423
-0.539977273 0.387336761 -0.043659796 1.680251881
-0.417543203 0.179198837 -0.244157402 2.021097820
-0.223121425 -0.190202537 0.041735783 1.477900776
-0.259576676 -0.113646513 0.078052860 1.401634918
-0.100558078 -0.479389280 -0.209284375 2.062510544
-0.037697560 -0.636540577 -0.110768097 1.816219851
-0.221867508 -0.120864729 0.305080043 0.651845077
0.013112130 -0.872799583 -0.104783591 1.963408727
-0.347677043 0.498199257 -0.041512998 1.722980477
-0.032073410 -0.367959245 -1.275895910 2.800081649
-0.075016771 -0.337898893 -0.572264229 2.307539480
-0.052545654 -0.358122898 -0.436031118 2.184929684
0.043636129 -0.463922862 -0.209299401 1.935524789
-0.112173680 -0.261370118 -0.185928300 1.905142360
-0.310907588 0.036730745 -0.168913563 1.879620253
-0.290282174 0.001667541 -0.027743588 1.639631290
0.049920398 -0.644717339 -0.034803165 1.653044485
-0.234380309 -0.047685882 -0.121227474 1.834535526
-0.024113053 -0.531300559 -0.170065124 1.946862119
-0.294468052 0.144586938 0.187231729 1.053619986
0.308595226 -1.543990212 -0.152337515 2.004413853
-0.433196196 0.829742375 0.254681946 0.701951561
0.392776528 -2.308953937 -0.093080854 2.023450183
0.013165326 -0.452691600 -1.304410178 2.810156682
0.017693491 -0.455861316 -0.583069359 2.305218118
-0.011340973 -0.429730299 -0.316109582 2.064954325
-0.031248789 -0.407831701 -0.300776470 2.048087901
0.075467360 -0.546562689 -0.098937726 1.785697544
-0.255601494 -0.049959408 -0.177966314 1.904240425
-0.006843361 -0.472848247 -0.135071326 1.831318944
-0.193587015 -0.118035309 0.045246498 1.488715083
-0.427714186 0.373631729 0.009618995 1.563532835
0.054259883 -0.734908608 -0.264094409 2.193073652
0.112434842 -0.880346005 -0.059377362 1.681281034
-0.279106729 0.215970376 -0.111951205 1.828487793
0.109612661 -1.027931692 0.249140898 0.672993045
0.055853132 -0.823645483 -0.072163795 1.893950863
0.255911366 -0.656762071 -1.088040536 2.639489504
0.102593905 -0.549439851 -0.595160162 2.294473249
0.032038681 -0.485940151 -0.275626117 2.006892615
0.116780889 -0.579156582 -0.268780089 1.999361985
-0.015420165 -0.407295218 -0.205215763 1.916728364
-0.088574865 -0.297563167 -0.065600260 1.707305110
0.153502430 -0.709094580 -0.077853827 1.728136173
-0.380791413 0.306063708 0.006307366 1.568229910
0.164641401 -0.839345148 -0.147104228 1.890394242
-0.041319569 -0.365634928 -0.252464949 2.132723896
-0.120281696 -0.168229612 -0.036509440 1.592835123
0.068485348 -0.696777325 0.121258468 1.151084987
-0.100481476 -0.156083478 -0.062975695 1.740634317
0.060910810 -0.769374158 -0.027767570 1.606843447
0.384680950 -0.760929745 -1.121102638 2.671036396
0.084986692 -0.551143768 -0.587686931 2.297645408
0.084638277 -0.550830195 -0.384583978 2.114852754
-0.002940298 -0.454493760 -0.181953376 1.891959087
0.127207905 -0.623686417 -0.097419000 1.782064403
0.035790644 -0.486560526 -0.192190363 1.924221447
0.034440619 -0.484265484 -0.059276244 1.698267439
0.150605494 -0.704978744 -0.090038809 1.756716310
0.092785932 -0.583557670 -0.153017008 1.888970522
0.055486845 -0.497769770 -0.105780934 1.780327555
-0.077569994 -0.165127674 0.163422849 1.107318098
0.162327623 -0.836840990 -0.105726396 1.860935970
-0.061481058 -0.120653198 0.333444728 0.455588354
0.103886953 -0.749051634 -0.295599419 2.845956080
0.433647062 -0.845890535 -1.249783710 2.777708150
0.289262103 -0.744821065 -0.601650512 2.324014920
0.080464910 -0.556903596 -0.312644765 2.063909754
0.028682957 -0.499943447 -0.361713300 2.117885144
0.042550703 -0.517971515 -0.126347512 1.811909630
0.172333080 -0.712645082 -0.119388075 1.801470475
0.291456684 -0.915155214 -0.107591787 1.781416785
0.124497309 -0.597932405 0.108320156 1.371184099
0.135656712 -0.621367150 -0.011129377 1.622028106
0.139855113 -0.631023473 -0.357938920 2.419690038
-0.002844036 -0.274275600 -0.065825791 1.689407216
-0.007151662 -0.262214249 0.077272039 1.288733299
0.036881224 -0.403119485 -0.103799519 1.868162292
-0.112235478 0.163523977 -0.052541796 1.673382947
0.586263572 -0.928577560 -1.264516191 2.793572106
0.258404330 -0.699076094 -0.638204851 2.355154176
0.222662634 -0.666908569 -0.315514132 2.064732536
0.014607167 -0.438047549 -0.274819234 2.019968148
0.111390922 -0.563866426 -0.144078697 1.850005456
0.318084879 -0.873907363 -0.062929377 1.728281475
0.426936153 -1.058954534 -0.120170755 1.825591822
0.215814116 -0.657822668 0.073845413 1.456961107
-0.055711554 -0.087618787 -0.201143574 2.034437954
0.408745460 -1.155869896 -0.039623966 1.662942863
-0.091158514 0.093890038 -0.246940096 2.181233186
0.157540627 -0.602467543 0.411004028 0.338989671
0.008805681 -0.126515711 -0.306850124 2.636122993
0.188026300 -0.807554053 -0.132063337 1.971933210
0.622620471 -0.931783441 -1.245384887 2.788323738
0.354782960 -0.744297187 -0.647342244 2.369693895
0.188223526 -0.594393700 -0.316033288 2.071515842
0.144701801 -0.546519802 -0.287455423 2.040080190
0.013715920 -0.376238162 -0.153022968 1.865318005
0.446545971 -1.025483240 -0.104361748 1.792326175
0.617093069 -1.315413313 -0.116253537 1.812542217
0.331733122 -0.773229422 0.139249613 1.327086238
0.354387613 -0.820803850 -0.112667653 1.856112473
0.074333421 -0.176679223 -0.204722236 2.067838010
-0.014406487 0.045170547 0.105995751 1.291043041
0.407530537 -1.136253099 -0.226767307 2.222779589
-0.165208344 0.696511346 0.348063167 0.383322045
0.002335254 0.059845682 -0.347633532 3.026969465
0.527499648 -0.823279248 -1.263537482 2.819761552
0.342444500 -0.693740646 -0.702940267 2.427343509
0.201479298 -0.566871968 -0.330113690 2.091799598
0.123550787 -0.481150604 -0.321197625 2.081991926
0.132865129 -0.493259248 -0.246596874 1.985010953
0.731362377 -1.391005120 -0.086114386 1.744287222
0.837929912 -1.572169934 0.054845234 1.504655862
0.417261915 -0.772900752 -0.124028369 1.844515703
0.183885836 -0.282811007 -0.158461891 1.916826094
0.537332764 -1.095738925 0.020295973 1.505683017
0.217880443 -0.297108121 0.023190184 1.498447488
-0.025086993 0.383200687 -0.012646016 1.598788848
0.233641950 -0.444731942 -0.103517787 1.889578519
0.092471061 0.091717428 0.028608890 1.387497152
0.193911504 0.786026561 -1.435478415 2.943039043
-0.181723844 1.048971301 -0.709670824 2.434973738
-0.063114449 0.942222848 -0.408881209 2.164263091
-0.018899150 0.893586018 -0.457422897 2.217658949
-0.144011046 1.056231477 -0.191341593 1.871753267
-0.551483798 1.667440605 -0.161549410 1.827064993
-0.902560974 2.264271821 0.025475034 1.509123428
-0.147486382 0.829630114 0.130971121 1.308680866
-0.337124834 1.227870845 -0.326777023 2.269951924
-0.309663937 1.164710784 0.112115714 1.260498650
-0.214518045 0.926846053 -0.027180517 1.608739228
-0.158646218 0.770404941 0.171510238 1.052405122
-0.199733309 0.901883634 -0.194215408 2.222727208
0.265531220 -0.866121556 0.253603772 0.521014347
-0.008429289 0.795125544 -1.552932355 2.992114590
-0.138501831 0.886176322 -0.631789603 2.347314675
0.000843704 0.760765344 -0.393546726 2.132896091
-0.102067030 0.873967154 -0.246598213 1.971252723
-0.021584327 0.769339643 -0.272827679 2.005351029
-0.464310237 1.433428509 -0.087947824 1.728031246
-0.729435943 1.884142221 -0.007210973 1.590778594
-0.000489801 0.499144569 -0.327739833 2.199783421
0.019548084 0.457065013 0.060314522 1.384869313
-0.564834043 1.801143876 -0.282202892 2.172659348
-0.072002124 0.569064080 -0.062686215 1.623867656
0.049142975 0.229857808 0.143004622 1.047933323
-0.108654914 0.734811058 0.268709305 0.645678331
0.222646198 -0.524133148 -0.152991572 2.248141644
-0.147490808 0.762248789 -1.409353698 2.907790166
-0.061441068 0.702013971 -0.701082987 2.412000677
-0.113532814 0.748896542 -0.429197447 2.167303698
-0.028382550 0.655231249 -0.182381338 1.895805971
-0.012545881 0.634643580 -0.238550845 1.968826328
-0.353895639 1.146668218 -0.041427602 1.673141465
-0.215613025 0.911587767 -0.112672488 1.794257774
-0.373098835 1.210810802 -0.230501973 2.018133791
-0.085431615 0.606709668 0.111650202 1.299614258
-0.213626572 0.901558063 -0.537583700 2.792852201
-0.130926391 0.694807611 -0.014034115 1.483978237
0.182421387 -0.182566155 0.131720273 1.075865959
-0.148829146 0.877435568 0.013300381 1.454809619
0.022706018 0.225601952 -0.383541011 2.962806889
-0.057640675 0.538389923 -1.498421520 2.966866896
-0.039948674 0.526005523 -0.725765868 2.426007948
-0.027095967 0.514438086 -0.388872531 2.122803953
-0.014402872 0.500475681 -0.229001127 1.946945405
-0.045448978 0.540835618 -0.181911544 1.885728950
-0.264605221 0.869569982 -0.047757018 1.684497161
0.012891595 0.397825382 -0.124223873 1.814490817
-0.179565166 0.763493224 -0.104940571 1.777852544
-0.103652304 0.604076219 -0.188559845 1.953453011
0.107542847 0.118327384 -0.057780133 1.652659680
-0.279514635 1.085971089 -0.123243749 1.816318720
0.045016472 0.177284005 0.203889262 0.900346306
0.102536446 -0.006779917 -0.063950430 1.757433331
0.274580659 -0.660547917 -0.168167512 2.153458238
0.047458562 0.290633781 -1.276364403 2.787862577
0.048715624 0.289753838 -0.638096967 2.341075380
0.038749417 0.298723424 -0.435318843 2.158575073
-0.024168798 0.367933462 -0.233362401 1.936422982
0.013387349 0.319110473 -0.228647535 1.930293657
-0.057312684 0.425160522 -0.075534564 1.700624201
-0.035101039 0.387400725 -0.248009055 1.993830843
0.060467444 0.205820610 0.198354196 1.145740677
-0.163505485 0.676163740 -0.021581049 1.607604670
0.055964278 0.171383295 -0.138401952 1.876292742
0.105659382 0.047145533 -0.053687104 1.664505622
-0.197354434 0.895584204 -0.179386096 2.016462794
-0.071158520 0.491757274 0.159406290 0.932327142
-0.017455370 0.287685308 0.024939330 1.443301584
0.114318735 0.303825941 -1.249869540 2.798220016
-0.043089392 0.414011629 -0.642753282 2.373238642
0.100257671 0.284999275 -0.490453722 2.236169042
-0.091684195 0.496135333 -0.187849470 1.903304357
0.087648907 0.263002308 -0.298606682 2.047288728
0.039478531 0.335257872 -0.031659000 1.646867204
0.146615707 0.153124668 -0.145548634 1.840479589
-0.010767434 0.452152632 -0.143705658 1.836977934
0.379894434 -0.368237254 -0.246286930 2.052398594
-0.191796823 0.946652611 0.318071766 0.754373621
0.146761461 0.100256901 -0.015618804 1.588600046
-0.158981568 0.956337368 -0.311608836 2.417372123
-0.229548401 1.182151237 0.285128996 0.507811030
0.446506169 -1.386856099 -0.043029788 1.754814394
0.286362114 0.022353797 -1.462110368 2.943851157
0.114526532 0.142638702 -0.679901879 2.396305224
0.018664818 0.228914243 -0.354542052 2.103481387
-0.049709099 0.304125553 -0.313194506 2.057999086
0.180850805 0.004397688 -0.208877871 1.922387466
0.124722391 0.088590309 -0.128784745 1.802247776
0.152546520 0.041289289 -0.289709672 2.075820159
0.163932352 0.019656208 0.196936797 1.151191880
0.057996051 0.242122431 -0.210214207 2.006208950
-0.145217742 0.709514144 -0.140751567 1.846444881
0.158962037 -0.050935302 -0.044483351 1.605774341
0.102107724 0.108256771 0.137695041 1.095674852
-0.101576414 0.760046022 0.067848574 1.319183550
0.140278273 -0.159001778 0.207760197 0.787519388
0.222489493 -0.064063099 -1.482318728 2.969591781
0.180950995 -0.034986151 -0.774115370 2.473849439
0.070754794 0.064190427 -0.303822683 2.050586032
0.033592221 0.105069258 -0.292689905 2.038339975
0.138680231 -0.031545150 -0.226207918 1.951913395
0.102625614 0.022536776 -0.112993690 1.782092054
0.517081058 -0.682037499 -0.110269228 1.777460469
0.217594731 -0.113013485 -0.120672031 1.797225793
0.202528637 -0.081374688 -0.036683670 1.620850243
-0.082959513 0.575248043 -0.118450494 1.808913935
0.271781925 -0.311605552 -0.090805704 1.739801960
-0.134394435 0.825688236 -0.023490185 1.551318509
-0.001145850 0.399292758 0.007749598 1.451351201
-0.022714549 0.481253814 -0.231645568 2.361052823
0.202935657 -0.123750507 -1.358642659 2.891291182
0.143797248 -0.082353621 -0.687816780 2.421713075
0.173468083 -0.109057372 -0.448027742 2.205902946
0.063473195 0.011937007 -0.250827164 1.988982305
0.085002573 -0.016051184 -0.154265725 1.863452439
0.401997135 -0.491543026 -0.251007616 2.008565277
0.528542439 -0.706670050 -0.058467409 1.681246915
0.183270192 -0.050652788 -0.134971190 1.826604097
0.429867255 -0.568506596 0.090141275 1.353867942
0.063801542 0.273444527 -0.356210385 2.380476739
0.242627004 -0.173619128 0.076873712 1.297766496
0.018000598 0.455334795 -0.192501797 2.052017909
-0.080109996 0.769288704 0.343006308 0.338391948
-0.043836425 0.631449134 0.011218787 1.599184511
0.085572214 -0.120188267 -1.493569702 2.995014831
0.129128646 -0.150677769 -0.741709515 2.468712710
0.112046242 -0.135303605 -0.386101511 2.148665515
0.097969016 -0.119818656 -0.325237629 2.081715243
0.131641951 -0.163593470 -0.203247618 1.923128234
0.596254940 -0.860512954 -0.090982892 1.754731146
0.735266993 -1.096833450 -0.308779589 2.124985540
0.279505651 -0.230886911 0.011408929 1.516627364
0.389996972 -0.462918675 -0.010743139 1.563146704
0.388335195 -0.459096588 0.048196900 1.427584617
0.269618673 -0.162305283 -0.104456362 1.809217773
0.107994501 0.290242392 0.268334682 0.765402867
0.018190943 0.577613781 -0.253593366 2.435572646
0.201265153 -0.118068210 0.027248861 1.368372197
