0.094942218 0.036304053 -0.048951850 -0.093394150 -0.018486415 0.038544917 -0.004310525 
-10.693171111 5.487668207 -3.020620143 -2.170634139 0.466055443 -0.039889290 10.894323530 
0.141814354 -0.243220415 -0.115630678 0.109347391 0.120178307 -0.019561323 0.001103043 
4.768400361 -1.346967061 1.219552354 0.307110702 -0.032009288 0.001007412 -3.992673788 
31.305139316 -14.783573746 7.879132013 5.583673810 -28.939006926 -1.121103293 0.088474664 
-6.216103981 3.638269644 -1.617335843 -1.497958904 0.315269369 -0.025272525 6.326506745 
0.020368938 0.496957131 0.296544085 -0.358216437 -0.546310424 0.100842097 -0.009691709 
-6.063306476 3.007326909 -1.866725564 -1.051127363 0.186009164 -0.012453452 6.722556483 
-0.076172694 0.938561825 0.447252225 -0.671972123 -0.788967693 0.181334264 -0.017012302 
-6.091614219 3.226313493 -1.789118131 -1.241294277 0.253962314 -0.020597990 6.583788625 
0.240717039 -0.250336940 0.015689747 0.183010292 -0.126791240 -0.067779774 0.008891590 
5.064514206 -2.317484405 0.880670622 0.985628955 -0.225243636 0.019898604 -3.476668539 
-6.234804991 3.062298484 -1.511914815 -1.207007850 5.656402154 0.253859762 -0.020769544 
4.908052608 -1.741811590 1.115716850 0.598277455 -0.117868884 0.009015760 -3.845355970 
4.340445990 -2.294764401 0.968710310 0.960050710 -3.783556660 -0.210086712 0.017699295 
-6.636432814 3.197086691 -2.127435200 -1.132487927 0.210637664 -0.015434300 7.429474180 
16.994853909 -8.374793414 4.110399724 3.337245564 -15.405281493 -0.711209887 0.059056409 
17.251924565 -7.639149308 4.042878550 2.752802852 -0.526720916 0.039949922 -14.986934219 
5.419409309 -1.961883319 1.525481901 0.439432315 -5.388650439 -0.022529908 -0.003517227 
7.925853500 -4.610567465 1.035766153 2.200303060 -0.536316316 0.049497951 -5.130852043 
-0.737342003 0.646786654 -0.128179752 -0.417827653 0.531494630 0.123183987 -0.012501214 
-8.048887154 3.605015924 -2.610612650 -1.138702266 0.181645748 -0.010726429 8.972958510 
-0.559447341 -0.323420662 -0.446828216 0.330400195 1.088974504 -0.105398996 0.011142775 
8.232404593 -4.189398840 1.500185127 1.846220586 -0.422762074 0.037012317 -6.058346493 
-10.652895361 4.803821963 -2.772886984 -1.734150974 10.034448474 0.335609439 -0.025842903 
-1.024350092 0.352737052 -0.729661482 0.091251725 -0.066404935 0.008336996 2.315094957 
1.663742637 -1.192813130 0.250676830 0.607396132 -1.199745032 -0.151986953 0.014418133 
-15.661394004 7.539521220 -4.234874981 -2.697127080 0.496466513 -0.035075313 15.536080628 
-8.821102872 3.986260518 -2.212040885 -1.375659866 8.182228420 0.243827602 -0.016740522 
7.021539236 -4.042353014 0.960755528 1.908519706 -0.448616756 0.039371847 -4.499382569 
3.895886205 -1.584486495 1.089348498 0.458418026 -3.804352149 -0.056068017 0.001261895 
6.770933218 -3.168380079 1.300275234 1.372641218 -0.321039945 0.029103009 -5.031784358 
4.034106120 -2.112016255 0.884202752 0.848767434 -3.489721179 -0.178507504 0.015312889 
-4.644231059 2.005619067 -1.744462860 -0.583783652 0.087909348 -0.005074302 5.833012565 
-4.407346497 1.919557956 -1.126085921 -0.617740456 4.137644552 0.088988020 -0.003006366 
12.471367910 -5.766191440 2.783266236 2.317665374 -0.504630497 0.043549881 -10.394791715 
10.634270230 -5.105448521 2.681461452 2.015078366 -9.826063651 -0.434750467 0.037255243 
12.506313946 -5.930797459 2.716973774 2.440417131 -0.541850604 0.047569438 -10.293854532 
-16.164119440 7.560663166 -4.154802605 -2.866999115 15.081242221 0.581501291 -0.046162551 
-16.460199352 7.873844730 -4.623625074 -2.879479216 0.548676952 -0.040119703 16.515343467 
-16.181030293 8.622005470 -3.784310961 -3.789097780 14.319765922 0.896546638 -0.083860852 
126.185252553 -55.513198050 33.175827017 20.004745779 -3.876697414 0.297042131 -118.854496985 
-16.063140426 7.518422340 -4.273989420 -3.008859078 15.198862666 0.667576364 -0.058731749 
126.463479859 -57.197263982 32.371585784 21.210699074 -4.239657594 0.336650187 -117.510916490 
-16.219053387 7.994229886 -4.020898928 -3.242882436 14.835248457 0.708007121 -0.060939653 
126.547005138 -55.650489178 33.042949406 19.846361525 -3.758157041 0.278106054 -118.867466364 
-16.234541870 7.851750120 -4.042740056 -3.088726331 14.894863883 0.648829711 -0.053067376 
47.520799232 -17.891482031 13.369256357 5.496534251 -0.900071937 0.057703851 -46.235932629 
-16.177032659 6.702832421 -4.531409569 -2.215169652 15.827313621 0.383671613 -0.025818122 
105.973169979 -45.831133846 27.807254871 16.100855116 -3.022034427 0.223680206 -99.788299524 
-33.562827558 16.342077839 -8.369053560 -6.591255348 30.822266111 1.455939328 -0.127757902 
85.674194441 -38.620314611 21.763440346 14.439532261 -2.920249695 0.233940745 -79.150126906 
-33.450800658 14.463705935 -9.231197041 -5.047986441 32.364830843 0.939818050 -0.067187191 
145.128274563 -63.279934471 38.352566685 22.425122377 -4.259182086 0.318078047 -137.219371468 
-33.496543545 14.470789104 -9.147686606 -5.086304608 32.304084961 0.973246953 -0.073983600 
145.100154608 -63.431090648 38.307531258 22.591722442 -4.327530254 0.329481532 -137.105769670 
-33.651837131 15.626906179 -8.612477276 -5.932304854 31.388731743 1.232733473 -0.103204344 
112.112555083 -47.780884786 30.034693323 16.684883666 -3.165821272 0.241237749 -106.656891464 
-33.812839286 16.076450850 -8.387933825 -6.168942449 31.067410926 1.264597983 -0.101457994 
112.043100352 -46.238944926 30.666182363 15.459989989 -2.784064893 0.201303917 -107.861839108 
7.491637472 -4.550406765 1.403195611 2.073884106 -6.009958577 -0.487609505 0.043185640 
112.161692566 -48.653457285 29.461102264 17.170972519 -3.246012550 0.242218394 -105.673487152 
-17.228707244 8.807427961 -4.072799255 -3.692029896 15.399226937 0.818710237 -0.068873318 
111.956823941 -50.633912560 28.608891570 18.959114794 -3.850319183 0.309372949 -103.893367921 
1.256239368 -0.214311902 0.385053052 -0.211347031 -1.340329766 0.119862447 -0.015468896 
149.977326302 -65.913226883 39.223856296 23.371897105 -4.396548136 0.323536261 -141.130821274 
-22.835682868 8.749310839 -6.711672419 -2.533639283 22.946294942 0.349400817 -0.014388342 
96.827408759 -39.878385044 26.358587615 13.277809719 -2.349095719 0.163333905 -92.948036549 
-22.978936254 10.349296605 -6.000878121 -3.712852264 21.656075036 0.698750908 -0.051510152 
157.190065926 -71.428810653 40.141722109 26.555334160 -5.347790401 0.430025441 -146.066493949 
-7.145548603 2.261696975 -2.288976498 -0.457179124 7.560493158 0.028387223 0.001485784 
138.804843521 -60.144727363 36.633443785 21.020495651 -3.908058523 0.285730846 -131.227846699 
-7.250226428 3.293916841 -1.803843256 -1.216792853 6.704271817 0.246473419 -0.020436016 
45.330755964 -15.788877922 13.528576479 4.408314202 -0.642431986 0.034809598 -45.483492149 
-39.667793003 16.918918529 -10.820243572 -5.770703305 38.297585040 1.054520634 -0.076687544 
89.360353949 -36.445749407 24.545274891 12.023981159 -2.105753650 0.144052479 -86.116112335 
-39.999243425 18.880263945 -10.000766259 -7.179356017 36.892356700 1.470763558 -0.119496477 
178.836195922 -79.661675209 46.446623107 28.789088144 -5.595935214 0.432389967 -167.741640136 
-27.329240820 11.332690470 -7.599667717 -3.769896139 26.667031477 0.683297976 -0.050154756 
59.302874103 -21.890303575 17.386386193 6.545691773 -1.028206846 0.061565627 -58.979720896 
-0.269413124 0.343172894 0.097399953 -0.192426331 -0.008729741 0.048080386 -0.004365718 
-1.436147523 0.154615855 -1.092051814 0.266224590 -0.118969871 0.013655793 3.135780928 
-7.832632021 3.594400876 -1.974471944 -1.330608466 7.291883152 0.264861788 -0.020930465 
-1.673834049 0.917010710 -0.787189174 -0.272297343 0.040280250 -0.002459053 2.692053156 
6.251827423 -2.102515047 2.006830677 0.497560171 -6.593038136 -0.058192988 0.002769644 
-12.543862452 6.338863232 -3.409085288 -2.452744739 0.502614689 -0.040383325 12.520955588 
6.614405252 -3.366840320 1.547444523 1.382023129 -5.900208561 -0.301840965 0.025957916 
-4.018387829 1.791814522 -1.457848512 -0.513445709 0.074871400 -0.004601771 5.043613354 
-15.569958154 7.216719183 -4.007210695 -2.666077343 14.539372404 0.512285568 -0.037210935 
11.725333309 -5.724591081 2.440467924 2.366918014 -0.516556691 0.043149179 -9.409674894 
-15.849377373 8.166863209 -3.653195648 -3.334975762 14.012083634 0.715080892 -0.059661190 
11.565314789 -5.281015626 2.602177727 2.123749978 -0.470711259 0.041840452 -9.640621044 
-15.831458441 8.286405356 -3.623998344 -3.460237764 13.934174532 0.764942284 -0.065692063 
3.073776326 -1.221814167 0.529589977 0.625010183 -0.188643324 0.021022890 -1.904309160 
7.377292701 -4.140555055 1.533753623 1.803392626 -6.204999776 -0.404308836 0.034460364 
-18.950498821 9.833209633 -4.885624034 -4.011038146 0.864942519 -0.072122159 18.145739695 
-2.309480119 0.730155582 -0.727003959 -0.145758974 2.440701038 0.003786398 0.000950479 
11.403827592 -6.244238698 1.902936269 2.726580983 -0.613885352 0.053287157 -8.312584792 
20.868351433 -9.287370328 5.544265816 3.302241275 -19.828620515 -0.635009017 0.049433691 
-3.013535901 1.549816605 -1.348348686 -0.578954380 0.111296552 -0.007609675 4.231868789 
3.292353082 -1.576530167 0.784745579 0.563378313 -2.970654241 -0.092147380 0.004777250 
-13.079866805 6.700186172 -3.569415411 -2.597473125 0.525161163 -0.041252090 13.019952030 
-13.255013615 6.424731346 -3.267279455 -2.509200753 12.122701972 0.523217000 -0.042662084 
4.078476451 -1.152757180 0.984178972 0.315653812 -0.048685427 0.002718943 -3.222036118 
18.345092707 -9.291975299 4.388487413 3.817966939 -16.494148528 -0.835129966 0.071163606 
-20.059260415 9.487231523 -5.542459830 -3.468226848 0.669360881 -0.050682289 19.916903259 
-6.412142691 2.540280682 -1.861723586 -0.814726732 6.406928177 0.147182097 -0.011826373 
3.719376930 -1.194882624 0.830461689 0.461953330 -0.114354119 0.010890661 -2.752572238 
-6.827675051 3.931608062 -1.349226153 -1.746552657 5.622493096 0.402769252 -0.035571787 
3.993844798 -1.961986770 0.519517302 0.883104331 -0.198630880 0.016208061 -2.301657605 
3.261159939 -1.427818052 0.871850915 0.476485471 -3.108527575 -0.075294637 0.004106659 
12.224117486 -5.961421813 2.597117804 2.536018996 -0.583082683 0.051752174 -9.910505269 
-16.514300828 7.524442556 -4.297283205 -2.733839307 15.532170311 0.521409023 -0.038350088 
-5.086594061 2.156314724 -1.931444069 -0.634257172 0.096931590 -0.006580290 6.362727338 
-16.753013804 8.052580420 -4.069609703 -3.042704260 15.245236241 0.601773611 -0.046161700 
1.932783823 -0.164795041 0.414958257 -0.033650915 0.004022779 0.001706793 -1.198304663 
12.150507973 -6.535705473 2.700963023 2.810692752 -10.544762566 -0.633801283 0.054592766 
10.928200778 -4.632676651 2.506525343 1.674259589 -0.326027106 0.025067031 -9.222922671 
2.151684978 -0.934736430 0.472177359 0.212605823 -1.903790166 0.001218497 -0.003968016 
-1.074170625 0.159101131 -0.964235703 0.215764205 -0.110115833 0.013876531 2.703318694 
30.805261813 -15.821877488 7.020679184 6.446682882 -27.167959965 -1.406649905 0.122348582 
73.577996243 -31.284832136 19.703051512 11.125680784 -2.146387066 0.162727647 -69.735997254 
30.781901595 -17.619438993 6.344213876 7.958976447 -25.779780228 -1.877441953 0.169411525 
94.093521059 -39.725928472 25.342747548 13.779957688 -2.579837553 0.191041425 -89.684228447 
-38.364212539 17.482283428 -9.997648477 -6.416815665 36.096624528 1.254450302 -0.094806671 
147.847397120 -64.876960956 38.854642134 23.110600528 -4.406940556 0.330883971 -139.409290855 
-2.947985086 -0.903720123 -1.972899056 1.048854092 5.002813296 -0.297057485 0.025695169 
104.246759374 -44.897506800 27.744811436 15.874839085 -3.016403441 0.226900718 -98.761924346 
-3.335835711 0.355116548 -1.307683652 0.398958433 4.017625526 -0.194161553 0.022238418 
126.615807041 -55.127754466 33.137939946 19.382075198 -3.634243742 0.269559340 -119.164093551 
-17.862211103 8.340313555 -4.440131193 -3.143037163 16.455700873 0.659399583 -0.057166527 
75.700237956 -30.820570311 20.623479930 10.197768088 -1.799133499 0.124219075 -72.580659230 
-46.627547663 21.675946466 -12.038254168 -8.261565063 43.629714941 1.708292371 -0.139583538 
149.303397391 -67.512442171 38.443906092 25.057570955 -5.036356149 0.403154062 -139.196278207 
-30.134563777 14.051122112 -7.755764399 -5.412158333 28.159217598 1.144009117 -0.096743816 
149.083732826 -63.885207502 40.043468795 22.248061729 -4.169476531 0.308792694 -142.149268360 
-30.007264241 12.459436173 -8.401813603 -4.189830097 29.357439676 0.780019609 -0.060468981 
149.071991876 -64.945278471 39.497479056 23.100064721 -4.425938522 0.335081182 -141.132800579 
-54.095731261 25.511658333 -13.784834430 -9.817079425 50.265216563 2.037466432 -0.166583405 
130.469429264 -55.721609354 35.097193779 19.501929158 -3.701069563 0.280189140 -124.446881057 
-15.408545305 6.279912457 -4.312363108 -2.023761152 15.089362931 0.349247277 -0.023768852 
172.580930668 -78.920551910 43.963015854 29.464441709 -5.927555718 0.473402386 -160.177453321 
-15.343188862 4.628094944 -5.087548650 -0.724569454 16.521607371 -0.067207999 0.022305707 
37.684244283 -13.490362589 10.690517119 3.819575675 -0.539736343 0.026043262 -36.775005745 
-15.596220470 8.788196652 -3.360760799 -4.058867802 13.283439347 0.995376970 -0.093488810 
107.693527739 -46.789649979 28.425219000 16.757978304 -3.255119321 0.249622845 -101.641699999 
-39.574423796 18.712261621 -10.040888965 -7.264146292 36.713693736 1.529674678 -0.127555502 
89.172756939 -39.677846730 22.954904461 14.630502019 -2.902406286 0.225357207 -82.989961609 
-55.998638675 25.626736084 -14.714504010 -9.592501374 52.845756057 1.934675182 -0.152038275 
26.356328433 -10.022592650 7.212124189 3.396921693 -0.634971258 0.045816351 -24.998021044 
-34.429871801 16.908255593 -8.465981911 -6.771934175 31.392599225 1.453658741 -0.122998389 
26.701875613 -8.153359176 8.091652216 1.835402940 -0.172238508 0.001632209 -26.913825901 
23.007745709 -11.816594028 5.502723591 4.855348628 -20.638007484 -1.060943949 0.091136141 
55.562707430 -21.764202438 15.452438144 7.073880779 -1.264419202 0.092063075 -53.726568616 
-27.645096086 11.770342404 -7.722212300 -4.086586777 26.932976968 0.756032909 -0.053151552 
95.731352769 -42.225981133 24.964162474 15.512676501 -3.117132839 0.250046856 -89.702208115 
-5.098556942 2.912857438 -1.141163369 -1.576206127 4.432717779 0.480279946 -0.054196880 
48.302658087 -18.532163746 13.763873897 6.184970369 -1.207923707 0.097952709 -47.197852704 
-41.247904176 18.644282206 -10.740808462 -6.779686524 38.838807815 1.314140414 -0.099034301 
87.012256252 -35.641375142 23.839942908 11.784087682 -2.030485674 0.131719628 -83.682472526 
