0.001852993 -0.000024500 -0.000386030 0.000258073 -0.000064911 0.000005640 -0.000759783 
0.149345372 -0.065106211 0.046023568 0.025798223 -0.006361107 0.000847608 -0.000046053 -0.148233045 
0.002759688 -0.001449583 0.000790427 -0.000239112 0.000036693 -0.000002154 -0.000932556 
0.073837733 -0.035115065 0.021099946 0.015086739 -0.003965182 0.000558026 -0.000031929 -0.069239743 
0.003273943 -0.001840215 0.001011553 -0.000331495 0.000058589 -0.000004143 -0.001136393 
0.003690933 0.000591993 0.002933566 -0.001202123 0.000633188 -0.000138335 0.000011072 -0.004270861 
0.005276025 -0.004408302 0.002932411 -0.001057240 0.000191050 -0.000013416 -0.001855863 
0.021840214 -0.012019693 0.006036458 0.006115248 -0.001878273 0.000308366 -0.000020417 -0.018095010 
0.007807132 -0.006424672 0.003931751 -0.001333512 0.000231876 -0.000015930 -0.003097933 
0.002692241 0.000074260 0.002437765 -0.000443027 0.000281217 -0.000068245 0.000005981 -0.002676188 
0.003105856 -0.002918082 0.002269810 -0.000911099 0.000178137 -0.000013267 -0.000855864 
0.071231263 -0.038366950 0.017563537 0.018298898 -0.005309453 0.000824998 -0.000052234 -0.061904744 
-0.003015884 0.004456641 -0.003292072 0.001294046 -0.000249156 0.000018497 0.001717493 
0.063953904 -0.030912434 0.016930698 0.012803275 -0.003085823 0.000375093 -0.000016848 -0.057731827 
-0.000587082 0.001604131 -0.001081670 0.000423182 -0.000085602 0.000006862 0.000684673 
0.087169674 -0.042343614 0.023361966 0.018257997 -0.004798647 0.000674185 -0.000038434 -0.079998252 
-0.005824726 0.007592635 -0.005335409 0.002012790 -0.000376045 0.000027221 0.002953228 
0.160733423 -0.077020787 0.044220178 0.033192095 -0.008884887 0.001289740 -0.000076931 -0.151162142 
-0.007956770 0.010067754 -0.007093378 0.002678433 -0.000500872 0.000036233 0.003901499 
0.249867715 -0.113921195 0.072952934 0.046911616 -0.012049775 0.001682637 -0.000096898 -0.242961898 
-0.003478000 0.004055135 -0.002983738 0.001132770 -0.000211289 0.000015384 0.000734080 
0.111848263 -0.044793248 0.036771102 0.016001559 -0.003414767 0.000371670 -0.000014922 -0.113942088 
-0.000334608 0.000049537 -0.000132780 0.000078578 -0.000018542 0.000001626 -0.000418672 
0.006222707 0.004527344 0.006631107 -0.004810827 0.002099358 -0.000426437 0.000033057 -0.011565872 
0.007076774 -0.008729884 0.006198315 -0.002301153 0.000419845 -0.000029555 -0.003507626 
0.052592327 -0.027718870 0.013551582 0.013378759 -0.003990435 0.000644861 -0.000042484 -0.045708025 
0.003976192 -0.005395776 0.003830569 -0.001398996 0.000248596 -0.000016827 -0.002124848 
0.004000639 0.000393764 0.002731308 -0.001204680 0.000724181 -0.000178512 0.000016114 -0.003812340 
0.006698189 -0.008821205 0.006472166 -0.002490439 0.000470382 -0.000034042 -0.003309876 
0.003635501 0.000171124 0.002479375 -0.000745444 0.000391113 -0.000076615 0.000005243 -0.003171700 
0.013120301 -0.014510995 0.009804956 -0.003545297 0.000638898 -0.000044715 -0.006058371 
0.005902820 0.002865283 0.004607778 -0.003711564 0.001740189 -0.000367233 0.000029310 -0.008405917 
0.007672950 -0.008734055 0.005878379 -0.002134078 0.000389536 -0.000027754 -0.003697120 
0.004209658 0.002144466 0.003653372 -0.002377703 0.001000669 -0.000189996 0.000013832 -0.005851381 
0.006329554 -0.007667226 0.005317338 -0.001985760 0.000371990 -0.000027127 -0.003147589 
0.006472825 0.004219823 0.005640061 -0.004913187 0.002161755 -0.000429770 0.000032234 -0.010627576 
0.000977353 -0.002316769 0.001772852 -0.000699968 0.000134275 -0.000009661 -0.000852732 
0.074210776 -0.028417550 0.024482598 0.009397274 -0.001755562 0.000145515 -0.000001976 -0.075567743 
0.000588880 -0.002079007 0.001687260 -0.000705269 0.000144224 -0.000011304 -0.000736127 
0.169655670 -0.072344823 0.053028912 0.028331921 -0.007034289 0.000963766 -0.000054912 -0.170010273 
-0.680245906 0.168990492 0.422279171 -0.552469183 0.178987968 -0.017737168 0.145080322 
2.815100278 0.716182147 1.399636090 -1.094203314 0.554258706 -0.124104847 0.010247420 -2.532017189 
-1.004684567 0.040220537 0.570426674 -0.540133696 0.158282625 -0.014740494 0.404012257 
1.629585673 0.318769807 0.871294861 -0.143697492 -0.010600132 0.016108736 -0.002102861 -0.944292199 
-2.175704180 1.478077301 -0.641618639 0.035767912 0.028595665 -0.004113617 0.866896743 
2.682679198 0.765471269 1.371012373 -1.058765530 0.532584011 -0.122741135 0.010593145 -2.438464373 
0.419168522 -1.359323481 1.322257214 -0.660226019 0.148357234 -0.011903586 -0.307259915 
1.358913810 0.365854644 0.821991544 -0.031175054 -0.106056824 0.043301763 -0.004778202 -0.719714559 
-1.283491720 1.276876950 -0.973297371 0.354680345 -0.061057332 0.003969582 0.223956192 
1.785121747 0.461018683 0.817631736 -0.461565165 0.182496793 -0.032490392 0.002123776 -1.029976124 
0.372252608 -0.330006655 -0.064747838 0.134647590 -0.043612845 0.004338957 -0.546626034 
1.526879929 -0.013613351 0.573502413 0.095046096 -0.071194776 0.018249359 -0.001467020 -0.405915577 
1.721271409 -1.546039960 0.659524164 -0.084415606 -0.009435655 0.001991185 -1.231022549 
2.745901315 1.133470371 1.620679013 -1.383383317 0.656391317 -0.142485436 0.011556403 -2.906904055 
2.697176716 -2.464791508 1.178837267 -0.207584808 0.001626476 0.001849549 -1.675527393 
-16.048283487 10.689805762 -3.014553436 -5.548221482 1.735703376 -0.287410230 0.019261737 14.192536631 
1.372526675 -0.639951919 -0.359347070 0.512722557 -0.163351666 0.016122126 -1.164909324 
1.577013790 0.277686507 0.776352752 -0.144351263 0.018404813 0.002022379 -0.000281904 -0.760524994 
1.791242917 -1.086646060 -0.215681554 0.603212789 -0.211131609 0.021727378 -1.291382685 
1.298360018 -0.503670717 0.254685308 0.567713051 -0.266549981 0.058117427 -0.004771790 0.348578148 
-0.125380269 1.045506539 -0.296336833 -0.239254462 0.113785107 -0.012630996 0.401485766 
51.701590053 -27.747988239 11.963101510 13.220431962 -3.811649647 0.581950975 -0.035861715 -44.126558876 
-0.764712281 1.391892868 -0.579513877 -0.039835030 0.055077958 -0.006889883 0.707654491 
2.242099627 0.620648351 1.289681077 -0.698687118 0.302362143 -0.060377141 0.004575282 -1.966737814 
1.409180649 -1.577429786 1.720524170 -0.948515903 0.233158387 -0.020533288 -0.188178051 
1.937199092 0.512608380 1.056630583 -0.551416165 0.234376864 -0.044509013 0.003091947 -1.414906209 
-2.083665860 2.746077863 -1.808281439 0.586308729 -0.090077460 0.005169494 1.128590881 
2.519879356 0.683393224 1.470103772 -0.790474850 0.345721996 -0.072338011 0.005955593 -2.428729080 
1.664835957 -1.693599929 1.451352524 -0.661511886 0.142361535 -0.011343748 -0.565201672 
2.192753640 0.434113926 1.016636015 -0.665792813 0.349994061 -0.081355363 0.006908118 -1.533468441 
2.841778085 -2.551651180 1.678554915 -0.567912510 0.093336888 -0.005890464 -1.112733508 
1.649743746 0.350377719 0.896019225 -0.232945646 0.054025540 -0.002453922 -0.000442128 -0.983720499 
2.408835585 -1.952617989 1.116664647 -0.296563743 0.032708507 -0.000848758 -1.071583421 
2.242073896 0.554665123 1.231441191 -0.621221321 0.255680821 -0.048912192 0.003710888 -1.871390052 
0.449114567 0.459735279 -0.892430636 0.593776751 -0.154992867 0.013862160 -0.340810377 
1.480421461 -0.062186186 0.701530954 0.118261236 -0.049398208 0.006051751 0.000020913 -0.459176086 
2.647741093 -2.163976837 0.923196363 -0.028378701 -0.051793594 0.007184225 -1.290871007 
1.909987069 0.488886055 1.123101569 -0.402632891 0.122324041 -0.013500825 0.000154983 -1.482156800 
1.852647106 -1.684936898 0.544301577 0.219123589 -0.121778680 0.013914810 -0.873017884 
1.769705894 0.303832538 0.924335503 -0.264637802 0.080351069 -0.008176965 -0.000051273 -1.044209151 
0.025334855 -0.021693537 0.013094619 -0.004396974 0.000751421 -0.000050701 -0.012167670 
0.154487068 -0.068564896 0.046874243 0.027724204 -0.007009910 0.000965989 -0.000055029 -0.152155963 
0.014785561 -0.013099737 0.008336812 -0.002934289 0.000523951 -0.000036792 -0.006619365 
0.069414801 -0.032377407 0.020446739 0.013876029 -0.003688355 0.000529296 -0.000030989 -0.065936337 
0.007659196 -0.006323166 0.003908948 -0.001341078 0.000236300 -0.000016470 -0.003081151 
0.004250463 0.000910736 0.003401897 -0.001593078 0.000813298 -0.000178480 0.000014550 -0.005370436 
0.003662820 -0.003104382 0.002165871 -0.000803968 0.000149728 -0.000010873 -0.000963778 
0.003010383 -0.000053313 0.002321125 -0.000488198 0.000323041 -0.000077148 0.000006527 -0.002743061 
0.000670392 0.000911137 -0.001315379 0.000755731 -0.000186722 0.000016626 0.000290099 
0.002770559 -0.000256306 0.002258806 -0.000307997 0.000292879 -0.000084473 0.000008243 -0.002368169 
0.001981962 -0.002087953 0.001864915 -0.000799327 0.000160832 -0.000012034 -0.000239650 
0.004807273 0.001162470 0.003503315 -0.002196101 0.001174966 -0.000269432 0.000022811 -0.005915413 
-0.000870640 0.001999851 -0.001606304 0.000705888 -0.000151232 0.000012303 0.000842633 
0.113216639 -0.059557289 0.027740753 0.027471841 -0.007707407 0.001153342 -0.000069850 -0.099924618 
-0.000329923 0.001945208 -0.001670160 0.000742768 -0.000157530 0.000012558 0.000421066 
0.071463636 -0.030816221 0.020742860 0.011063664 -0.002133539 0.000162436 0.000000451 -0.068192756 
-0.002982170 0.006210637 -0.005338751 0.002334708 -0.000490757 0.000039133 0.001270077 
0.171981089 -0.083594519 0.046461986 0.036267053 -0.009682229 0.001386208 -0.000080545 -0.160448403 
0.004292970 -0.001703778 0.000613574 -0.000122853 0.000012885 -0.000000524 -0.001985774 
0.262527927 -0.121716227 0.075383321 0.050933078 -0.013293075 0.001885234 -0.000110055 -0.253225069 
-0.000245778 0.000807913 -0.000846558 0.000375359 -0.000077223 0.000006087 -0.000770200 
0.117175972 -0.047835767 0.038041412 0.017590888 -0.003932783 0.000462350 -0.000021376 -0.118659591 
0.002856401 -0.003144572 0.001872694 -0.000575849 0.000082742 -0.000004100 -0.001869605 
0.005588640 0.004451073 0.006385595 -0.004476811 0.001881236 -0.000369068 0.000027950 -0.010782129 
0.006306507 -0.008067284 0.005982198 -0.002359917 0.000464173 -0.000035486 -0.003162084 
0.004379520 0.000593402 0.003008967 -0.001353792 0.000752867 -0.000174914 0.000014863 -0.004506109 
0.003640422 -0.005053675 0.003597741 -0.001299122 0.000221767 -0.000013779 -0.001971363 
0.003183420 0.000098617 0.002172747 -0.000726517 0.000490842 -0.000131101 0.000013018 -0.002425730 
0.007952897 -0.010293413 0.007606135 -0.002968392 0.000571247 -0.000042417 -0.003836819 
0.005930344 0.001309811 0.003793668 -0.002687553 0.001434653 -0.000322195 0.000026434 -0.006795926 
0.011656363 -0.012905872 0.008696331 -0.003138853 0.000563355 -0.000039027 -0.005417832 
0.006168221 0.003190986 0.004716765 -0.004247753 0.002025870 -0.000428527 0.000033841 -0.008796945 
0.008469666 -0.009491464 0.006267559 -0.002215820 0.000393050 -0.000027156 -0.004046644 
0.004620431 0.002472883 0.003927089 -0.002910315 0.001304907 -0.000267679 0.000021153 -0.006565848 
0.006830923 -0.008159668 0.005619869 -0.002073344 0.000379518 -0.000026757 -0.003370337 
0.008505176 0.004969416 0.006774792 -0.006335739 0.002944700 -0.000616631 0.000048310 -0.013742590 
-0.001643671 0.001068386 -0.000942954 0.000435076 -0.000093603 0.000007441 0.000182140 
0.115201178 -0.050633755 0.034030191 0.020012032 -0.004895582 0.000643600 -0.000033862 -0.111821555 
0.001988238 -0.003220542 0.002246509 -0.000826328 0.000151162 -0.000010863 -0.001440983 
0.110103028 -0.037630293 0.040098145 0.010657316 -0.001546050 0.000058277 0.000005246 -0.119209542 
1.931123563 -2.961933208 2.929653414 -1.631006337 0.406555743 -0.036121051 -0.974761930 
3.249461623 0.821453400 1.526925135 -1.445771638 0.774822433 -0.180338455 0.015431194 -3.006048829 
-1.577627896 0.908221420 -0.146085292 -0.258117406 0.110801224 -0.012343176 0.598583983 
2.315190762 0.596782882 1.197681335 -0.699268469 0.292436455 -0.052787519 0.003433242 -1.911640043 
-2.050805489 1.798815362 -1.196938053 0.379755063 -0.060559415 0.004044157 0.724197131 
31.906160811 -17.273207585 7.372585446 8.701568131 -2.716876197 0.457614810 -0.031362109 -26.669368433 
0.041817977 -0.834258274 0.923751384 -0.508683301 0.121276317 -0.010216405 -0.173411519 
38.081494798 -20.517312726 8.903969528 10.249601397 -3.169562981 0.525226602 -0.035215805 -32.293892215 
1.090220332 -1.542944134 1.175020224 -0.499691989 0.102604734 -0.007922126 -0.766969635 
1.440675553 -0.176703138 0.431652772 0.261498003 -0.142217822 0.032999076 -0.002740888 -0.119943263 
2.597684878 -2.774238233 1.668471338 -0.524894086 0.081151473 -0.004836862 -1.509937512 
0.482924401 -1.163114012 -0.225068181 1.687257142 -0.906911795 0.216883432 -0.018883855 1.652964316 
-0.453025951 1.154378965 -1.483972964 0.814786182 -0.193614192 0.016405550 -0.334985997 
2.697334684 0.478359067 1.228317350 -0.820925030 0.431288159 -0.098869591 0.008237407 -2.180629483 
2.065379003 -1.571980169 0.431791449 0.131705115 -0.076963869 0.008948477 -1.439340970 
1.344101652 -0.100315739 0.547609388 0.279601287 -0.169579616 0.042220314 -0.003819303 -0.197480445 
0.518704890 0.635047314 -1.496722762 1.022255057 -0.269390344 0.024222587 -0.845399325 
25.699862721 -14.402052687 5.764300668 7.600749505 -2.466055311 0.428132138 -0.030103766 -20.844837975 
2.365706264 -1.574649059 0.034163188 0.531103442 -0.196870572 0.020388210 -1.558306446 
2.144332846 0.269898233 0.897598580 -0.524615901 0.297943150 -0.071122689 0.006055626 -1.264344494 
2.315149505 -1.768627570 1.717521315 -0.973868316 0.239380962 -0.020569781 -0.612271848 
4.175497153 0.654061323 1.879692934 -1.659337119 0.954823357 -0.227472046 0.019434668 -4.050907287 
-0.342181691 0.871745409 -0.151535584 -0.230395517 0.096283055 -0.010177289 0.537885417 
54.604146652 -30.291310526 12.679813550 15.519092671 -4.962337715 0.854019541 -0.059477072 -46.607762660 
0.143086266 -0.042148118 0.546823955 -0.470276458 0.135458255 -0.012752008 0.340217490 
0.034690395 -0.901812875 -0.129118476 1.599708482 -0.882258078 0.208355676 -0.017849736 1.820447403 
0.013625955 0.315569825 -0.027319882 -0.093984342 0.034085682 -0.003166628 0.251034665 
0.441045643 -0.414144202 0.284511287 1.013841477 -0.598879215 0.146005289 -0.012702400 0.867515804 
-1.325034439 2.093583897 -1.616683146 0.654383038 -0.130467409 0.009965633 0.652642528 
23.438577904 -12.262833870 5.495954153 5.925857566 -1.731404745 0.267712630 -0.016666803 -19.396349499 
-0.423929877 1.631807745 -1.803736522 0.978737730 -0.241438593 0.021594306 0.221115723 
1.453272801 -0.462224727 0.364295123 0.471281676 -0.219198724 0.047742475 -0.003815962 0.091090680 
3.099389005 -2.509898160 1.347125371 -0.322453556 0.026820913 0.000226121 -1.398636197 
2.330074503 0.853039210 1.426416452 -0.884034050 0.351235837 -0.063995803 0.004573995 -2.273788992 
-0.114583525 1.161721880 -1.495803481 0.882035802 -0.221583617 0.019543549 -0.101487226 
1.362869165 0.293398484 0.885845044 -0.004687342 -0.090678357 0.034012758 -0.003672590 -0.735812182 
-0.462877744 1.414738620 -1.704219726 1.008842561 -0.254289348 0.022401165 0.033528024 
0.972228809 -0.403509896 0.310060126 0.680445596 -0.377887622 0.089407900 -0.007467037 0.489460124 
0.137742452 0.606470832 -1.288286501 0.970386078 -0.270142922 0.025147431 -0.214747009 
2.186940612 0.881139461 1.353617686 -0.944112364 0.397141342 -0.074399164 0.005106777 -2.047046240 
