0.031477190 -0.025714898 -0.049676302 0.957595171
0.049176912 -0.038104703 -0.048241022 0.956590475
0.010836948 -0.003598737 -0.035601846 0.945215217
-0.048237683 0.061383359 -0.034373415 0.943863943
0.000869666 -0.002456193 -0.060277865 0.977539726
-0.025860317 0.037638782 -0.077457410 1.003309043
-0.014210910 0.017834789 -0.079827039 1.007337414
0.046687272 -0.097871755 0.012490456 0.831934176
-0.007373321 0.015655485 -0.042378892 0.947159801
-0.022950099 0.051482074 -0.043036331 0.948671911
-0.002924594 0.001418312 -0.025233034 0.904163669
-0.011140871 0.024423888 0.064929112 0.651709663
0.007725192 -0.035947514 -0.038404868 0.982378405
-0.005313248 0.013598555 0.085333516 0.512172550
0.024811368 -0.015482636 -0.096291011 0.987362179
0.017824320 -0.010591702 -0.054946247 0.958420845
-0.082815409 0.079984052 -0.045158554 0.949611921
0.002812190 -0.014206310 -0.053123553 0.958373420
0.054324109 -0.081171802 -0.022647077 0.918754003
0.005568655 -0.008038621 -0.105610167 1.043198637
-0.011930163 0.021709371 0.006880167 0.851965065
-0.042472707 0.079740204 -0.095294748 1.046097401
-0.009366290 0.010216732 -0.080156605 1.014307302
0.072340791 -0.177709551 -0.093133427 1.044153992
-0.023751793 0.062521908 -0.059026688 0.958887144
-0.025825814 0.068329169 0.087064931 0.549830618
-0.013966584 0.030379632 -0.027660931 0.916953380
0.043565872 -0.188243700 0.025036411 0.716703485
-0.011014751 0.006286195 -0.088228291 0.980738374
0.031141325 -0.023223058 -0.049667957 0.953746141
-0.007241989 0.011321924 -0.032512240 0.938305996
-0.059908071 0.069254616 -0.044297592 0.951269884
0.039978508 -0.060597932 -0.054311739 0.964288275
-0.029728956 0.043963263 -0.066721423 0.982902801
-0.056761780 0.089919065 -0.057467839 0.967171707
0.018808485 -0.053664437 -0.115526062 1.077482329
0.020450540 -0.057112751 -0.116637321 1.079815974
-0.004066717 -0.000723062 -0.042597343 0.909524028
0.019533647 -0.059723971 -0.050081420 0.928234220
0.007378010 -0.025688189 0.085143874 0.549603404
-0.036804531 0.115695946 -0.086860174 1.100016364
0.047657224 -0.205258720 0.026221575 0.670305724
-0.029788063 0.018135306 -0.099480456 0.989338192
0.026335913 -0.021151477 -0.047021809 0.952617140
0.034119030 -0.028156282 -0.044565488 0.950406451
-0.076621419 0.093658215 -0.028701137 0.932955664
0.041026358 -0.059283890 -0.064123556 0.979004807
-0.008355385 0.014788724 -0.047599066 0.954218073
-0.015105159 0.026263342 -0.048477667 0.955711695
-0.001982396 0.001330093 -0.106320419 1.065612922
0.008204927 -0.020063286 -0.111764345 1.077045165
-0.023589667 0.053064279 -0.092658080 1.033100758
-0.031837045 0.073682725 -0.009610853 0.825482690
0.031820422 -0.104558179 0.019013877 0.745333447
-0.006236040 0.017222498 -0.058635185 0.993810448
0.086780533 -0.336240474 0.041482600 0.613362871
-0.018599842 0.015548557 -0.118682690 1.003159199
-0.004414186 0.005618597 -0.063031320 0.964203240
0.016451824 -0.013160811 -0.042666783 0.945875158
-0.054966834 0.065399715 -0.010129813 0.910084490
0.030000147 -0.045057356 -0.081820468 1.003282339
0.008482423 -0.012780771 -0.040350845 0.941077903
-0.019068139 0.034055185 -0.031507026 0.926043412
-0.011797611 0.020241183 -0.112489502 1.079910114
0.015095363 -0.036234059 -0.130804150 1.118370872
-0.028692611 0.064478278 -0.054463433 0.942787227
-0.009373291 0.016179979 -0.046469577 0.922802586
-0.013741559 0.028411128 0.013010052 0.756259629
0.016830031 -0.069417960 -0.058778236 0.985982153
-0.003978448 0.009654260 0.084416350 0.441842735
-0.004918109 0.006382208 -0.035722854 0.948254884
0.003641104 0.000390759 -0.026715399 0.941949666
0.024610322 -0.018481537 -0.087035874 0.996238092
-0.035520387 0.047662244 -0.028867434 0.932252807
-0.008328826 0.012313216 -0.072703642 0.989239875
-0.026734102 0.039921131 0.017592903 0.853795058
-0.039710228 0.061980546 -0.050891656 0.970218811
-0.002004090 -0.009661115 -0.071197774 1.008800434
0.049120011 -0.117021723 -0.072765631 1.012092934
-0.039672998 0.087202194 -0.116609009 1.112932702
-0.008231133 0.008597530 -0.031445826 0.900024744
0.008695750 -0.038797740 0.099477893 0.533438336
0.023525808 -0.086253926 -0.051386861 1.016205558
0.028691686 -0.105884264 0.020171554 0.744283583
0.025019662 -0.011783563 -0.058351461 0.964189025
-0.048701964 0.039821574 -0.039539340 0.951020540
0.030643163 -0.031589038 -0.079296808 0.986802261
-0.021422979 0.025683719 -0.022651561 0.924492488
0.002042672 -0.004821626 -0.059548006 0.972457864
-0.013544858 0.018559670 -0.033112756 0.932804990
0.014061576 -0.028371270 -0.045230107 0.953404486
0.030804053 -0.060181976 -0.084454149 1.027930166
-0.054514323 0.118986606 -0.065875336 0.988914659
0.044247573 -0.108165751 -0.078450721 1.017838044
-0.020276804 0.053145192 -0.024372144 0.882641603
-0.045978853 0.125110927 0.038100770 0.707717446
-0.004222018 -0.008510945 -0.144953453 1.293490967
0.079550981 -0.326848337 -0.018029587 0.811180282
0.036713288 -0.022826985 -0.040572884 0.952632607
-0.014430113 0.012973395 -0.043751004 0.954857291
-0.043005944 0.038691642 -0.051443565 0.961780595
0.030142262 -0.041771387 -0.085993440 0.999785459
-0.029173432 0.035339012 -0.065372869 0.972978718
-0.009508806 0.005842074 -0.109226678 1.038759431
0.039767717 -0.077928018 -0.100884176 1.024577177
0.003745048 -0.009484947 -0.089155765 1.002293198
0.006361853 -0.014980236 -0.051862883 0.923978149
-0.047943504 0.109922082 -0.055384623 0.932078150
-0.047440158 0.108663715 -0.086004152 1.008626972
-0.006989593 -0.004597864 -0.043204267 0.888787298
-0.029649537 0.067913959 -0.035767660 0.864990155
-0.004945724 -0.025960532 -0.016265661 0.790882561
0.049088413 -0.036186617 -0.033424201 0.948443026
0.028344117 -0.021665610 -0.052417222 0.961738141
0.026685649 -0.020172988 -0.028775626 0.940460705
-0.097876557 0.116845440 -0.085202784 1.002530581
-0.003390959 -0.005985833 -0.115334066 1.041701246
0.001449226 -0.013246110 -0.099814510 1.018421912
0.004998592 -0.019280031 -0.104874410 1.027023742
0.003752868 -0.016913157 -0.110887925 1.038449420
0.016105290 -0.042853241 -0.050376046 0.911374479
-0.059517503 0.131079179 -0.050820696 0.912397176
-0.102871474 0.239464107 -0.016639235 0.826943523
-0.022564534 0.014604679 0.092261263 0.522022134
0.033090045 -0.163489979 -0.123648365 1.212932953
0.024342401 -0.130248930 0.072780777 0.466502221
0.052877684 -0.044375709 0.077185933 0.878330258
0.081729426 -0.064571928 -0.040779712 0.960906209
-0.027474217 0.033711348 -0.088298002 1.003672668
-0.053106123 0.061906446 -0.011963849 0.919705098
0.004594630 -0.013104531 -0.117014917 1.056271481
-0.006106597 0.002947310 -0.094046272 1.021818515
-0.034879743 0.051861659 -0.026682923 0.907300818
-0.069561188 0.117756404 -0.040082648 0.932760295
-0.051346176 0.079504881 -0.026950234 0.905182226
-0.063093569 0.106523884 -0.008364914 0.862435992
0.023058247 -0.108855655 -0.044454343 0.952659565
-0.006016603 -0.027446077 0.017934884 0.777969731
-0.011494354 -0.009917274 0.036552256 0.718394140
0.004437333 -0.070457685 0.060870577 0.625984524
0.037948419 -0.022293684 0.008518398 0.947558790
0.005076432 0.000716706 -0.033290984 0.976825357
-0.006939476 0.011531024 -0.004627405 0.951028137
-0.005327259 0.009757585 -0.080745547 1.034758095
-0.000167546 0.003049958 -0.079032462 1.032531084
0.008481571 -0.009923718 -0.030014210 0.959003706
-0.033008779 0.060609880 0.004512967 0.900307503
-0.014293971 0.025051745 -0.015714770 0.938740204
0.030498595 -0.069012638 -0.057790266 1.027098740
0.006603400 -0.014053691 -0.066831394 1.047893335
0.027199482 -0.065543897 -0.013592444 0.914795960
-0.011195496 0.041962039 -0.069476797 1.071272145
-0.001029788 0.009431772 0.024800404 0.769585099
0.008637585 -0.027304243 0.053692389 0.659795558
0.027248973 -0.013213760 -0.060015622 0.989716263
-0.014738121 0.016177205 -0.057285729 0.987805338
-0.056174637 0.053470068 0.015295442 0.922482286
0.002854589 -0.011462081 -0.114026408 1.064736324
0.014349854 -0.026405927 -0.051126468 0.982966405
0.034045766 -0.055949793 -0.011124012 0.922962721
0.023535481 -0.038082309 -0.057150742 1.001208164
-0.013291394 0.031888752 0.008490089 0.876490587
-0.059082061 0.128049149 0.015366968 0.862049142
0.024510541 -0.064213830 -0.140783753 1.221195793
-0.063941041 0.156915124 -0.032564208 0.950646930
0.031153063 -0.109348364 0.078714769 0.639065799
0.046222137 -0.157569399 -0.020242833 0.955730132
0.064079118 -0.225425928 0.048691037 0.693781427
0.000831843 0.004283161 -0.050758126 0.982867779
-0.018715152 0.017966058 -0.045071247 0.978886963
-0.047658056 0.044014671 -0.070294423 1.001587821
0.039501641 -0.051860998 0.033461762 0.887456016
0.000817711 -0.001571891 -0.094735600 1.054112579
-0.001370473 0.001710386 -0.024369651 0.948563656
0.007609493 -0.013555557 -0.057715794 1.005252101
0.035402282 -0.066361855 -0.042832509 0.976973860
-0.035861577 0.083292241 0.026461178 0.831457124
-0.013118514 0.030983197 -0.103149091 1.129560737
-0.007970310 0.018112687 0.010114115 0.846402721
-0.004882318 0.009466309 0.033334337 0.781386101
0.008726538 -0.034082029 -0.066748868 1.101652361
0.101241983 -0.385640715 0.076025058 0.559111447
-0.012301015 0.010904403 -0.056453351 0.985812666
-0.001590087 0.003406753 -0.053290132 0.983598413
-0.062640556 0.058352175 -0.038959673 0.970701000
0.028578647 -0.041988951 -0.017004913 0.946550764
-0.023648400 0.025906208 -0.076500159 1.023894581
-0.012176458 0.008698294 -0.084465722 1.035842925
0.042566839 -0.084365313 -0.057407042 0.989843168
-0.010206681 0.015904373 0.027096579 0.829286289
0.022272364 -0.052301618 0.016534325 0.851467023
0.033425402 -0.077953605 -0.022836322 0.942019509
-0.078174815 0.201046937 -0.069930763 1.059755611
0.021179386 -0.077144819 0.041472604 0.747826189
0.016486681 -0.062128165 -0.060918738 1.075478488
0.102113740 -0.387510983 0.103028870 0.452477586
-0.015632247 0.009920561 -0.057483021 0.983043762
0.000430829 -0.001323592 -0.055991117 0.981999429
-0.015997317 0.013461739 0.009550152 0.923012289
0.012482337 -0.017865881 -0.115230423 1.060270924
0.022048746 -0.030302212 -0.015158054 0.930176849
-0.016274415 0.027182530 -0.060797617 0.998636194
-0.049697329 0.084001484 -0.009980801 0.912247605
0.027180834 -0.062067023 -0.059968553 1.007224331
0.029732021 -0.067424517 0.012990829 0.854009636
-0.029012736 0.067688421 -0.043539096 0.984028462
0.022762248 -0.061749036 -0.056769857 1.017105364
0.005929633 -0.014617716 -0.001627057 0.862705528
0.029568477 -0.090262020 -0.082301610 1.120864099
0.077882505 -0.273855321 0.081202989 0.499546633
-0.027710000 0.016968498 -0.036808553 0.965676339
0.008414931 -0.008318953 -0.027437510 0.959116609
0.049561406 -0.045350780 0.018469687 0.917800133
-0.036849080 0.049700756 -0.082818299 1.029216920
-0.016549709 0.023311575 -0.019313688 0.946660929
-0.030166819 0.043737240 -0.030125372 0.962878455
-0.007658110 0.005472434 0.003262163 0.906119643
-0.029142840 0.046293421 -0.041391566 0.990961728
0.073427656 -0.169104610 -0.085038522 1.082620332
-0.019740172 0.045181389 -0.000840723 0.888965398
0.042955457 -0.111557684 -0.044857469 0.999007263
0.024823068 -0.060786995 0.029601895 0.790521047
-0.037666654 0.139180117 -0.025357608 0.966391458
0.093487077 -0.359204054 0.145873511 0.315713216
-0.020932943 0.009863950 -0.015622676 0.954148382
0.031215628 -0.026640048 -0.027098359 0.962181360
-0.007999958 0.008653978 -0.021976525 0.957571710
-0.039926038 0.043772667 -0.093244050 1.035965988
0.012395745 -0.024245648 -0.034255079 0.959280330
-0.067767110 0.095998633 -0.101810669 1.060613715
0.001811041 -0.022284227 0.046541707 0.808414667
0.026794384 -0.069752577 0.030349802 0.839179287
0.055388627 -0.129800486 -0.034291438 0.974925885
-0.015188799 0.032527591 -0.057767616 1.028921093
0.055484301 -0.144155158 -0.081564598 1.088413549
-0.023090262 0.075853613 -0.016325708 0.905744660
-0.042135348 0.136797889 -0.091235950 1.145457438
0.061524451 -0.257109342 0.032911154 0.673698449
-0.037656930 0.028032093 -0.041108730 0.966557266
-0.050140671 0.036770711 -0.028214456 0.957531274
-0.052926258 0.039277739 -0.004868506 0.936519920
0.062904355 -0.088135937 -0.048031824 0.983999570
-0.007687565 0.003633556 -0.073917491 1.017650935
-0.006454776 0.001784372 -0.070415122 1.012397383
-0.021394084 0.027181197 0.033785415 0.835256465
-0.053656782 0.088480321 -0.078328280 1.048272482
0.074035852 -0.179674198 0.036653868 0.806809984
0.016960554 -0.048401014 -0.034748010 0.971034297
0.043064301 -0.113660382 -0.029208466 0.957185439
-0.026272102 0.080481542 -0.010567305 0.904990189
-0.007146692 0.019280229 -0.016288363 0.923297573
0.101196743 -0.392424818 0.146822268 0.303477187
-0.015962656 0.012289370 -0.036862793 0.959818692
-0.009788650 0.007967566 -0.013583005 0.943522841
-0.024864614 0.021535933 -0.028949373 0.957352572
0.006707572 -0.013193472 -0.052096862 0.982814811
0.020410802 -0.031007671 -0.056144284 0.988076458
-0.032890245 0.048943899 -0.012047586 0.921931411
-0.042685802 0.065596348 -0.025732824 0.945196318
-0.003267574 -0.009298284 -0.017024881 0.928651225
-0.028352526 0.043380111 -0.028518730 0.952788306
0.013397482 -0.052644904 -0.004081427 0.896582512
0.014420846 -0.055203315 -0.047439146 1.004976808
0.027940746 -0.093059035 0.127305358 0.515692206
0.006517301 -0.024504007 -0.072507770 1.155094227
0.100564000 -0.381881459 0.152992541 0.298193055
-0.004566429 0.005767171 0.025320949 0.921489983
-0.046403076 0.035052823 -0.033574702 0.962716938
-0.019786488 0.011097895 -0.040802350 0.969221821
0.006595689 -0.017922501 -0.043883935 0.972611565
-0.004542022 -0.003443477 -0.021624858 0.943674765
-0.002191150 -0.006969784 -0.062287435 1.004668631
-0.008514932 0.003780645 -0.019974418 0.932736499
-0.013596839 0.013436270 -0.064661824 1.017642570
-0.012245781 0.010599046 0.016197260 0.847838501
0.073043994 -0.185567431 0.024882251 0.827863023
0.019595925 -0.051947259 -0.076673440 1.081752251
-0.002610279 0.010230111 0.031398825 0.779149912
-0.030023032 0.097950921 -0.031001076 0.978829600
0.036132736 -0.153440993 0.089177718 0.522150188
0.026461183 -0.023847564 -0.043702426 1.001160593
-0.033245831 0.017947346 0.235260739 0.805886381
0.050884454 -0.057769909 -0.004260539 1.021455525
-0.010914019 0.010208413 -0.019263036 1.037958272
-0.013312794 0.013326821 0.025703305 0.979502031
-0.054859154 0.075646361 -0.045928348 1.086949511
0.049449775 -0.101678824 -0.021125086 1.044783964
0.019405994 -0.044595641 -0.019019253 1.040782881
-0.015977380 0.029709440 0.025442833 0.947412506
-0.009613074 0.015071538 -0.006813405 1.021601852
0.000542309 -0.010316921 -0.112812537 1.286599681
-0.090720732 0.245219590 -0.022034342 1.032420739
-0.091155037 0.246609366 0.032731002 0.857171636
0.037006170 -0.240403214 -0.065617714 1.230896753
0.005449355 -0.012187432 -0.129705079 1.053702537
-0.003321534 -0.006047809 0.303474683 0.750476709
-0.030827385 0.018707455 -0.033192627 1.053477279
0.051142126 -0.071459008 -0.030598651 1.050623907
-0.029177771 0.032956853 0.028090470 0.974328051
-0.002037985 -0.007752825 -0.076538306 1.131271216
-0.014526463 0.013477588 0.011375551 0.981817655
-0.006461411 -0.001846010 0.006253126 0.991550263
0.019702176 -0.056789540 -0.018321271 1.043156494
0.010483714 -0.035587079 0.016400810 0.963295708
-0.027009883 0.058146915 -0.110078074 1.279492919
-0.024446439 0.050969270 -0.017349567 1.019853103
-0.021893050 0.042798427 0.125466009 0.562843253
-0.087860837 0.293476014 -0.072213714 1.314026190
-0.002821379 -0.004205930 -0.149044105 1.059505795
0.012692102 -0.015065366 0.323532839 0.728701939
0.006355403 -0.009362337 -0.026981228 1.044164592
-0.039207010 0.040756318 -0.009937886 1.025416915
0.026752928 -0.044991599 -0.023488993 1.043033353
-0.018977542 0.023604106 -0.011305806 1.024758573
-0.020962281 0.026978164 0.002813340 1.000756023
0.022316918 -0.055252314 -0.014414196 1.033488343
-0.018401100 0.030255520 -0.046558965 1.100992354
0.033587803 -0.089318954 0.003368854 0.986158373
-0.063752087 0.154030772 -0.085227503 1.207649265
-0.003188699 -0.015546713 -0.063703045 1.147380783
-0.062393652 0.173909141 0.180297721 0.366578320
-0.002449043 -0.053880371 -0.125571869 1.528882749
-0.017395881 0.005540515 -0.090679830 1.019677135
-0.009972156 0.000343907 0.317685921 0.733821114
0.000956501 -0.009491883 -0.017980333 1.035920735
0.007018671 -0.016160271 -0.006469490 1.023258808
0.042150008 -0.061831008 -0.064526185 1.098732508
-0.042862782 0.065688177 0.012654063 0.982962136
0.008146964 -0.021028392 -0.012346511 1.025463112
-0.041572248 0.073438108 0.017326480 0.969084430
0.020394819 -0.056692725 -0.081990342 1.177649747
-0.019031558 0.033987940 0.005013345 0.977541271
-0.007767387 0.005827511 -0.053188611 1.123046161
-0.004878066 -0.002262586 -0.059855864 1.141714470
0.004536324 -0.032388636 0.061705718 0.752717401
-0.019292013 0.058159044 -0.103972411 1.382294286
0.002339765 0.000529358 -0.051729682 0.995307507
-0.043789060 0.032819536 0.354976973 0.710612853
0.013266889 -0.018530818 -0.033009640 1.059800796
-0.007788197 0.004629778 -0.019889481 1.045368620
0.019790245 -0.031222195 -0.015597340 1.039788837
-0.005673859 0.006973961 -0.028887384 1.059723903
-0.020545468 0.032255696 0.010546450 0.992686384
-0.008292278 0.008974636 -0.014579301 1.040425310
0.007458709 -0.024102436 -0.041142096 1.096207177
-0.013205336 0.023424868 -0.043214251 1.100973133
0.031123476 -0.087397163 -0.056284675 1.133649193
0.003285542 -0.009450949 -0.016454305 1.022124159
-0.038629658 0.124677694 0.092631792 0.673048643
0.004572564 -0.039490747 -0.216011790 1.845894241
0.022156413 -0.013032129 -0.064148311 1.001850786
-0.015091719 0.013041563 0.342595002 0.717130472
-0.002092740 0.001342482 -0.014495846 1.038512226
0.011032119 -0.013094863 -0.020925410 1.045584747
-0.011076390 0.015646198 -0.013639328 1.036112840
0.012372956 -0.019527821 -0.009840128 1.030414041
-0.001650722 0.004312432 -0.030580174 1.065672120
0.015192877 -0.027690407 0.032429707 0.945953348
-0.001511539 0.007388865 -0.021412367 1.059021699
0.014569777 -0.029598160 -0.063301608 1.155366949
0.021067948 -0.045843588 -0.035899089 1.086860651
0.010461844 -0.016146498 -0.052683788 1.133857809
0.009652663 -0.013557118 0.087289427 0.685943515
0.036847782 -0.116898569 -0.079797660 1.320874437
0.022431748 -0.016605079 0.105563408 0.864754078
-0.004862102 0.002500616 0.435153272 0.634041177
0.004359452 -0.005798783 -0.007550119 1.032474218
0.000393763 -0.001436525 -0.022780903 1.049228082
-0.001723526 0.001315950 0.010022519 1.006583635
-0.025212730 0.036549757 -0.047138322 1.092324896
0.036925003 -0.069084393 -0.023131379 1.051513091
0.022082883 -0.040884364 0.006555917 0.995107229
-0.014617479 0.036186392 -0.041578998 1.096190547
-0.020769284 0.050335542 -0.056880103 1.131383087
0.009176017 -0.024527710 -0.033848490 1.073804054
0.024746685 -0.068125578 -0.043223788 1.100054889
0.014683004 -0.035921800 0.006925067 0.939578549
0.022039778 -0.063877540 0.015253575 0.907930222
0.043964081 -0.032032210 -0.109731264 1.030018363
-0.019300045 0.012252677 0.334419926 0.719112535
-0.008427981 0.002467819 -0.013214943 1.031983909
0.025329533 -0.034665447 0.002120138 1.015115320
-0.014118048 0.016616406 -0.004477500 1.023692249
0.026715948 -0.044634587 0.011794564 0.999284152
0.000197474 0.000446820 -0.062259458 1.125175994
-0.021564887 0.041795305 0.001123548 1.004748284
-0.008656455 0.014687599 -0.039677610 1.090430713
0.041442833 -0.100540761 -0.033954672 1.077267954
0.017631346 -0.041012044 -0.053650547 1.126507641
0.007793494 -0.013466058 -0.088609287 1.224392112
0.012965291 -0.030015810 0.036342547 0.824546237
0.018654774 -0.051635844 -0.059271086 1.187878038
0.038164687 -0.025181250 -0.120501823 1.039175305
-0.023231682 0.017796207 0.323607643 0.728298684
-0.032644181 0.026267457 -0.017254348 1.035074468
0.042254694 -0.056121308 0.004015566 1.011677562
-0.029635830 0.037336370 -0.004567503 1.022835551
0.031714669 -0.054689378 -0.023502106 1.051237456
0.014829795 -0.025985093 -0.007150772 1.023440187
-0.014082459 0.028948189 -0.028257380 1.063542742
0.006307946 -0.013871658 -0.029616945 1.066397828
0.003080330 -0.006448142 -0.056954013 1.129273083
0.013692923 -0.032979624 -0.021114551 1.039674430
0.002781662 -0.002428094 -0.064081683 1.159982397
0.044531271 -0.136026846 0.146550559 0.485959210
0.054649579 -0.174476414 -0.171364109 1.694034935
-0.012934050 0.007487366 -0.054311458 1.007781954
0.050226070 -0.036724718 0.289516168 0.767102620
-0.043814210 0.047911532 -0.045686353 1.068784882
-0.050224768 0.054963146 -0.003363491 1.022229732
-0.013786025 0.007592782 -0.022549028 1.047170929
0.099236443 -0.161940921 -0.078349393 1.130871477
-0.040113646 0.074954238 0.002135933 0.994046418
0.013598695 -0.027099209 0.074152973 0.857214045
-0.040465840 0.086436310 -0.093592681 1.209479902
-0.064252253 0.141145058 -0.071251971 1.158096271
0.065426133 -0.183050906 -0.007361175 0.998369279
0.064377306 -0.180114190 -0.025749647 1.049857002
-0.033847504 0.134205206 0.074659598 0.728547412
0.055805996 -0.206478092 -0.067587573 1.269086656
0.059760248 -0.042462355 -0.086705690 1.041919353
-0.029528701 0.020039909 0.197652590 0.842868561
-0.074339249 0.060369401 0.007398127 1.014097573
0.023075267 -0.046786568 -0.049623269 1.076821109
0.130129565 -0.185957151 -0.188452855 1.257299564
-0.214574249 0.331098569 0.145909453 0.755756103
0.039749588 -0.101251965 -0.042638794 1.076288132
-0.010701431 -0.005395030 0.000368059 0.994575113
-0.002071121 -0.023518680 -0.043350150 1.086383347
0.037535578 -0.114614087 -0.075792950 1.161001786
-0.069472323 0.152905666 0.026677255 0.904826273
-0.005588893 -0.025967934 -0.200007510 1.539543605
0.060038044 -0.235974135 0.138833744 0.455251577
0.004018533 -0.023099998 0.051925036 0.785504660
-0.004781788 -0.006213246 -0.086701518 1.034215691
-0.044791124 0.021793289 0.213748527 0.823900663
-0.009350104 -0.010103628 -0.035796753 1.048491410
0.029869616 -0.053245322 -0.031109463 1.043335391
-0.009448102 -0.002132289 0.022304053 0.973897823
-0.020019733 0.013725157 -0.076574069 1.122215005
-0.007435263 -0.007668443 -0.010128323 1.009257234
-0.011523342 0.000098907 -0.007516446 1.004294669
0.004039955 -0.032584016 -0.041699698 1.076079493
-0.005819833 -0.009906502 0.043941726 0.879104223
-0.041946881 0.080411117 -0.150304063 1.364718696
0.050164640 -0.177501138 -0.052960204 1.092155896
-0.031231880 0.082967729 0.192424686 0.306924236
-0.010479447 0.004108487 -0.076326136 1.328177347
0.018558294 -0.020241900 -0.100539631 1.039366040
-0.055034667 0.031273171 0.230716481 0.807486766
-0.009840315 -0.009401745 -0.023142690 1.035960013
0.026330147 -0.049189254 -0.028583418 1.041944814
-0.011390603 -0.000152280 0.034613005 0.959789467
0.015407592 -0.040349573 -0.069743676 1.116324489
-0.018766510 0.017746403 -0.026533613 1.042867380
-0.000484251 -0.016989890 0.015937394 0.962172468
0.007344352 -0.033429955 -0.075128061 1.153409913
-0.008662322 0.003385395 -0.029011958 1.047342879
-0.031578757 0.060676482 -0.131353757 1.303197376
0.044907409 -0.153484780 0.046967704 0.803897295
-0.060508332 0.183845598 0.092589473 0.657907633
-0.024036482 0.045252571 -0.110436610 1.429406737
-0.024512773 0.009011754 -0.011830033 0.970624477
-0.021633768 0.006996451 0.314389486 0.742270818
0.004951459 -0.016930253 -0.083295683 1.100187461
0.001427457 -0.013053851 -0.039656176 1.052184002
-0.001541027 -0.009194822 0.018360014 0.976762957
-0.000594752 -0.010614234 -0.046063651 1.073398454
-0.033377393 0.045116257 0.007410052 0.982493157
0.018331904 -0.053131406 -0.024647423 1.043402360
-0.004365480 -0.005466901 -0.031011097 1.056766074
-0.004924716 -0.004180658 -0.019331570 1.029903162
-0.066137809 0.148852073 -0.048189767 1.102048655
-0.015289025 0.006475482 -0.050710130 1.109105670
0.010153268 -0.074939858 0.065908244 0.735926870
0.012616157 -0.084298837 -0.048661309 1.171291166
-0.006362434 0.004437313 -0.021125377 0.976987452
-0.025363229 0.017737870 0.303571838 0.749699405
-0.004909182 -0.000670772 -0.068399294 1.084473415
0.014426910 -0.021940474 -0.019937761 1.031165727
0.013765024 -0.021080021 -0.020174975 1.031474106
-0.006852432 0.009846163 -0.018087025 1.028342181
-0.010293724 0.015696358 -0.021145947 1.033542349
0.003935271 -0.011338732 -0.007327202 1.007286732
-0.000533390 -0.001954543 -0.026411706 1.047364189
-0.029290708 0.064187287 -0.050770032 1.103388339
0.013022177 -0.041594925 -0.079389823 1.174937816
-0.003274415 0.004035531 -0.062595740 1.127914384
-0.002428824 0.001329640 0.084432476 0.657424085
0.011173416 -0.050358873 -0.053427819 1.181293199
0.009834330 -0.003579905 0.045519772 0.922018258
-0.029163926 0.023718874 0.373597167 0.692364086
0.001641375 -0.004005897 -0.083756427 1.103982309
0.006975568 -0.009873509 -0.030852567 1.045788063
0.000132988 -0.000978156 -0.013650652 1.023425574
0.012997616 -0.020275097 -0.015293952 1.025890524
0.004370290 -0.005608643 -0.031756770 1.053877315
-0.013285421 0.027937208 -0.016779012 1.025419574
0.007042419 -0.014751253 0.011646745 0.965725488
0.022204329 -0.049623645 -0.062999710 1.137412332
-0.014293201 0.041620178 -0.059473524 1.128596866
0.014020900 -0.037659302 -0.025387102 1.033154887
0.015279762 -0.041687660 0.108575143 0.604475696
0.016395560 -0.045927694 -0.086501842 1.345768229
-0.004861084 0.001988487 0.110145218 0.873621043
-0.027989639 0.018178475 0.376222752 0.687366772
-0.008669002 0.000789903 -0.073092562 1.091750545
-0.000264854 -0.008454660 -0.021693118 1.035211155
-0.003304341 -0.004503328 -0.043115606 1.063060387
-0.001575979 -0.007095871 0.010753271 0.982257072
0.011257820 -0.028913329 -0.009682480 1.016997850
0.009869839 -0.026276166 -0.070950414 1.133406924
0.005550225 -0.017204977 0.006420015 0.970929030
-0.027088468 0.057864014 -0.059783146 1.123196298
0.034206370 -0.095373079 -0.033938493 1.058584664
0.016761883 -0.046528518 -0.044673522 1.088642744
0.011050354 -0.028251622 0.097300128 0.634327059
0.015045497 -0.043433168 -0.060485158 1.233911138
0.001794885 -0.008254215 -0.034441354 0.979034723
-0.001480517 -0.005961435 0.351452848 0.708908786
0.003810769 -0.010723591 -0.076332074 1.093915206
0.008306106 -0.015668462 -0.013058190 1.024313932
-0.045592925 0.054400276 -0.016191598 1.028387362
0.066101156 -0.113140847 -0.009756682 1.018734988
0.013440720 -0.023618103 -0.049547869 1.086380008
-0.021036440 0.041888501 0.004511775 0.983666685
-0.001601126 0.001074343 -0.054546284 1.107688603
0.007798590 -0.020545004 -0.017124410 1.021618296
0.020696604 -0.052790037 -0.041717099 1.083100018
0.001897447 -0.000152400 -0.077324491 1.182800714
0.058782190 -0.182183580 0.165981279 0.404222237
0.033589743 -0.086452283 -0.093480429 1.390176715
-0.050212877 0.029474923 -0.065027777 1.003520282
-0.012830548 0.003307293 0.331911166 0.725663026
-0.020612823 0.010311340 -0.068560822 1.086087807
0.010219863 -0.023604614 -0.028144727 1.041630101
-0.027137420 0.024959852 -0.035005502 1.050549107
0.094695206 -0.157789088 0.042899539 0.933691547
-0.007377287 0.015734155 -0.039381399 1.073569145
-0.004606785 0.010470201 -0.025333175 1.046877520
0.024781111 -0.051244378 -0.038348725 1.074210174
-0.028810553 0.072016448 -0.050179648 1.101421296
0.017489310 -0.043733210 -0.078559133 1.172370008
0.025020481 -0.064820490 0.008560268 0.928435689
0.056217629 -0.164651364 0.108990885 0.607057709
0.043511542 -0.116368234 -0.123541139 1.490679390
-0.056072880 0.029646553 -0.052368048 1.003070833
0.021789122 -0.024856847 0.255231574 0.787751101
-0.029371006 0.021187266 -0.045228590 1.058165241
0.003323091 -0.014776241 -0.006824734 1.015921000
-0.007533853 -0.000662214 -0.003513693 1.011616646
0.024473361 -0.048673035 -0.018090005 1.033481115
0.002026077 -0.010512651 -0.051798839 1.090786133
0.022469562 -0.049355273 0.013379757 0.966946802
-0.006229331 0.010912400 0.015743073 0.961983839
-0.015174878 0.031487157 -0.049340713 1.111676544
0.034889907 -0.093674806 -0.065494389 1.152060733
0.066787145 -0.182987069 -0.062431380 1.143484309
0.001382816 0.026306787 0.002276302 0.936419724
0.051616703 -0.164581984 0.010896847 0.903661651
-0.066154789 0.065543691 0.063054267 0.877547054
-0.129729822 0.110046213 -0.029795768 0.942542077
0.068205476 -0.068095551 -0.042314817 0.953809221
0.007017013 -0.000788240 -0.056910237 0.969864184
-0.033233866 0.051537900 -0.032313458 0.937888372
-0.038423664 0.059322598 -0.080078523 1.009535969
-0.050494908 0.079843713 -0.050186533 0.958719584
-0.063193361 0.103970773 -0.073764947 1.003518570
0.131741047 -0.305391465 -0.016068514 0.882356068
-0.005001727 0.009116910 -0.060346708 0.984195912
0.052813743 -0.135421766 0.014813942 0.796294286
-0.004420405 0.024833846 0.113281730 0.520584485
-0.016398739 0.063164516 -0.055681973 1.061268341
0.076388287 -0.289426178 0.078738187 0.550471739
-0.036206737 0.035801811 -0.005789101 0.923182637
-0.042250572 0.040032496 -0.043520334 0.949594499
-0.069965169 0.064975632 -0.033386938 0.940474443
0.056551618 -0.074192836 -0.051076728 0.959933213
0.039001372 -0.051377518 -0.020596976 0.920309536
-0.034822028 0.059357582 -0.121543080 1.071728693
-0.089576359 0.152439948 0.003144742 0.859759388
0.006733837 -0.030549423 -0.109572748 1.073922617
0.032508724 -0.084676683 -0.101481652 1.056931316
0.012099684 -0.037735892 -0.037399521 0.909542419
0.082353978 -0.213371627 0.003998082 0.806048412
-0.075202902 0.227787629 0.078276526 0.598068770
-0.004716464 0.002231024 -0.124269545 1.246216207
0.028978548 -0.125810018 0.025184007 0.678292717
-0.036500076 0.021569874 -0.133528419 1.010906313
0.035748243 -0.029003948 -0.036695304 0.943123133
-0.007135203 0.009591152 -0.041379323 0.947338750
-0.026901549 0.031334132 -0.040358021 0.946215319
-0.002037117 -0.000989627 -0.055552112 0.965967635
0.002166758 -0.007295439 -0.086761394 1.012781559
-0.068174656 0.112284968 -0.027657161 0.912304360
0.033631919 -0.081147523 -0.105040409 1.059332529
0.023756140 -0.060408389 -0.108873520 1.067382062
0.041264523 -0.100677669 -0.102318203 1.052304833
-0.066702418 0.169239685 -0.007739068 0.815856996
-0.084322089 0.218574762 -0.022050584 0.855929240
0.032471802 -0.155165695 -0.032805607 0.890345314
0.066080558 -0.282878967 0.100822902 0.382556987
-0.021206722 0.008245752 -0.059491996 0.960743191
0.037507643 -0.032854303 -0.036643150 0.944748999
0.031762967 -0.027684095 -0.043101598 0.950561603
-0.074261230 0.088942525 -0.029766272 0.935892743
0.050386591 -0.073099636 -0.085801760 1.008738875
-0.002477725 0.006196837 -0.028237396 0.922392328
-0.049919543 0.086847931 -0.058442375 0.973740795
0.049185494 -0.101451638 -0.094790791 1.042802783
-0.140806415 0.297531353 -0.121937663 1.099811213
0.050086777 -0.141522979 -0.089830437 1.025964594
0.037367971 -0.109725964 -0.036051676 0.891517693
-0.011569026 0.027297624 0.036720774 0.687754836
-0.008094764 0.016179985 -0.053982048 0.978003870
-0.020690674 0.064044445 -0.006225184 0.796527789
0.004389317 -0.007087483 -0.092443829 0.982174161
0.011186114 -0.011845242 -0.049858692 0.952364565
0.039455664 -0.037287836 -0.041474690 0.944818964
-0.057309763 0.069154136 -0.001552106 0.900904120
0.018857986 -0.029863934 -0.110758219 1.042872061
0.006243782 -0.010942627 -0.038149944 0.933959649
-0.035165153 0.059452563 -0.032079529 0.923639944
-0.005004471 0.002147268 -0.121563418 1.093659332
0.005756801 -0.020451403 -0.069225414 0.983749527
-0.107065144 0.239039066 -0.049623835 0.938665897
0.069858607 -0.203270312 -0.030808851 0.891628437
-0.050835949 0.134674440 -0.042070587 0.923161298
0.027803795 -0.116972746 -0.033201978 0.894781747
-0.027578291 0.093479180 0.001604259 0.762518048
0.087209696 -0.066270334 -0.285235362 1.118468621
0.005489954 -0.009066515 0.001760125 0.917571783
0.047941539 -0.047272941 -0.093074121 1.002922602
-0.038390767 0.047692598 -0.043943838 0.948879290
-0.028809502 0.035236954 -0.054059016 0.962029021
-0.007868761 0.003825842 -0.001155436 0.882673651
-0.004807205 -0.001378804 -0.036693825 0.943088913
-0.010091023 0.008660452 -0.096709763 1.057119194
0.024387672 -0.063744806 -0.062589034 0.985465668
-0.010060032 0.015484913 -0.078784805 1.022715939
0.042991108 -0.117142938 -0.033583845 0.909713540
-0.047972903 0.137556289 0.117575200 0.486468220
-0.009160885 0.013357828 -0.115390438 1.231958275
0.086202114 -0.349021564 0.011989102 0.747916026
0.035927755 -0.026345693 -0.057831410 0.963622691
-0.052546956 0.035586604 -0.044506493 0.954295249
0.060103302 -0.065798626 -0.074065012 0.980897916
-0.042008395 0.046524243 -0.032561731 0.935244306
0.005125228 -0.014749464 -0.069167597 0.982831930
0.013433673 -0.027212132 -0.019625123 0.908518218
-0.020629731 0.030695657 -0.037117614 0.938255454
0.048044900 -0.099786141 -0.100762284 1.059180326
0.094853398 -0.198083983 -0.040179779 0.931957072
-0.173648377 0.419470088 -0.000172555 0.839940458
0.045957425 -0.129544418 -0.111014066 1.117044235
0.024599405 -0.069741963 0.092137136 0.548220879
0.002086140 0.002300488 -0.137825829 1.284102377
0.016099968 -0.050952058 0.035712498 0.624656745
-0.017854246 0.017499842 -0.048114362 0.956964107
-0.025302973 0.022713951 -0.043872001 0.953994454
-0.055963841 0.050308732 -0.040073981 0.950576236
0.029830357 -0.044064888 -0.094803308 1.010778496
-0.016576676 0.016264252 -0.066230877 0.973634339
-0.010212099 0.006717386 -0.137020913 1.079819392
-0.003067354 -0.005428681 -0.077089993 0.977936825
0.037721400 -0.082927311 -0.039978042 0.907424119
-0.028482501 0.056100874 -0.083837191 0.999528328
-0.005179419 0.002503786 -0.029231303 0.873934788
0.013737997 -0.044789755 -0.089867129 1.025524354
-0.046164860 0.122938242 -0.037332615 0.878427717
0.022202782 -0.095838214 -0.053737867 0.930924525
0.003129762 -0.023360740 0.031285064 0.607837388
-0.063564465 0.058163157 -0.026507975 0.943378270
-0.043011292 0.043775936 -0.047744217 0.958243640
0.009720207 -0.003682411 -0.025357598 0.938095683
-0.082604076 0.097874302 -0.098051166 1.018058609
0.006521743 -0.017989259 -0.099948323 1.020524913
-0.014758102 0.013930509 -0.115948888 1.044525761
0.015934544 -0.038246990 -0.085956783 0.993539181
0.004184795 -0.015922467 -0.116241020 1.051079230
-0.043876484 0.085006214 -0.073443932 0.961205349
-0.059774606 0.121571894 -0.027684563 0.855958803
-0.086200245 0.187635990 0.049026815 0.664180359
0.033287296 -0.146929117 0.176743525 0.306573577
0.000389467 -0.041656063 -0.201122097 1.515743586
0.098243110 -0.413499904 0.193499487 0.016181583
-0.091864686 0.085602896 0.051245692 0.894634066
-0.036170760 0.046617148 -0.030374529 0.951768220
-0.030148232 0.041196873 -0.084997693 1.000929067
-0.057733446 0.071540610 -0.030241023 0.940696729
0.001639266 -0.005643913 -0.117590995 1.054251688
-0.039627673 0.056256495 -0.094491221 1.019602027
-0.059067148 0.089303604 0.044531540 0.783263326
-0.033825546 0.041344560 -0.052368064 0.967372571
-0.100341387 0.181027821 -0.036822847 0.934727617
0.025820521 -0.109144562 -0.031731419 0.923017334
-0.003580017 -0.035643217 -0.121008574 1.146210222
-0.031923355 0.043718129 0.052615541 0.660062708
0.052441243 -0.226248589 0.021794839 0.758688954
0.018606748 -0.097677511 0.123804666 0.371051617
0.006089169 0.005031501 -0.001632273 0.952692419
-0.012710270 0.018191108 -0.034114124 0.975429715
-0.001272466 0.007897085 -0.000828504 0.945472657
-0.021879612 0.030564946 -0.078097014 1.030468020
0.021982329 -0.026455575 -0.083117465 1.036994606
0.000328591 0.006025031 -0.011449453 0.929492589
-0.010690970 0.024758286 0.008417669 0.895718480
-0.026410177 0.054624779 -0.025376091 0.959926622
-0.048085781 0.100143545 -0.080107729 1.074863058
0.045988901 -0.116228220 -0.007216333 0.907212849
0.051793263 -0.130739124 -0.036760574 0.981073454
0.026471297 -0.059837619 -0.032547854 0.969277835
0.024336993 -0.053007848 -0.035008794 0.977152844
0.025286876 -0.056617403 0.042153525 0.683936037
0.005317491 0.004383596 -0.075148945 0.997783067
-0.027093930 0.027071590 -0.044051113 0.976014586
-0.049355937 0.047107396 0.010026095 0.927345099
-0.032175968 0.028209430 -0.120326324 1.070732763
0.028439684 -0.050590914 -0.031867020 0.955735672
0.060998927 -0.099429780 -0.027739995 0.949545135
0.007845795 -0.009069452 -0.020633943 0.937464847
-0.000867984 0.007486727 0.035790218 0.830258942
-0.040360363 0.090420719 -0.046727646 1.003546449
-0.061240233 0.138444419 -0.159253440 1.262355769
0.000066757 -0.014823056 -0.048720646 0.986023783
-0.035124923 0.083713646 0.113046440 0.533075950
0.091160417 -0.320399446 -0.084604336 1.165558445
0.010752986 -0.014851213 0.144003042 0.296850417
-0.006332978 0.009916701 -0.056181851 0.985883685
-0.022558886 0.021274837 -0.045748356 0.978580238
-0.041242925 0.038090471 -0.059267566 0.990747527
0.030615492 -0.040953789 0.027669678 0.895116556
-0.012210182 0.014719585 -0.081658940 1.037243754
0.018043588 -0.030661070 -0.073415620 1.024878774
0.026744124 -0.045451981 -0.020737655 0.935326232
0.001942695 0.001670732 -0.072033431 1.032788205
-0.004043853 0.014242483 0.000024438 0.881466687
-0.048957327 0.117543472 -0.011587140 0.908173316
0.045214445 -0.117885960 0.008166831 0.858788388
0.019192768 -0.045025264 -0.098653561 1.157885481
0.018694602 -0.043431135 0.010359289 0.809044355
0.022982956 -0.059726879 0.291573125 -0.259568207
0.003060661 0.003086076 -0.076190834 0.997253778
-0.021927598 0.020577857 -0.034750404 0.968245478
-0.036019076 0.033260187 -0.042744567 0.975440224
0.005885062 -0.012834366 -0.011912291 0.941524719
-0.031114607 0.035265202 -0.087853947 1.040248869
-0.034794687 0.040785323 -0.073405189 1.018575731
0.077245447 -0.149682911 -0.046490745 0.972821177
0.006245447 -0.014782914 0.068201745 0.754905447
-0.035530803 0.072947208 -0.088523009 1.084027416
0.093878816 -0.224694909 0.019006129 0.836710405
-0.087356134 0.228392466 -0.128419618 1.205274772
0.025411750 -0.087357603 0.053522127 0.695837894
-0.009415587 0.024089877 -0.064258784 1.072736816
0.072934638 -0.288840974 0.219459696 -0.005393395
-0.007669656 0.003226633 -0.052762035 0.980893077
0.006642344 -0.006791767 -0.081948047 1.001323285
-0.001910152 0.000905480 0.029169612 0.901317395
-0.001969381 0.000970631 -0.118707163 1.063981851
0.004327377 -0.007215153 -0.026836687 0.944550236
-0.000102998 -0.000569591 -0.067133589 1.004995590
-0.025125351 0.041968410 -0.009699467 0.907357580
-0.015753776 0.024162419 -0.022360989 0.931414470
0.022562958 -0.056302720 -0.043128123 0.975025449
0.038855297 -0.093775099 -0.031135373 0.947442126
0.032065966 -0.076801771 -0.055912742 1.009385548
-0.035488321 0.112350229 -0.013982501 0.891980876
0.038389648 -0.124059275 -0.066700588 1.060678758
0.116991065 -0.422744658 0.032031911 0.685495267
-0.043083024 0.031771566 -0.058647994 0.979611220
-0.008880270 0.007829639 -0.025759639 0.956589372
0.051245346 -0.046283414 0.021671052 0.913901751
-0.029818980 0.042887347 -0.084284872 1.030453270
-0.015704672 0.024538747 -0.024106795 0.952221772
-0.038418046 0.058608807 -0.005146264 0.923780976
-0.015395992 0.019471315 0.027863095 0.867665064
-0.013970067 0.016762057 -0.081529944 1.075511837
0.029643758 -0.074826971 -0.109374199 1.133984769
0.080605926 -0.192039956 -0.030553930 0.952698153
-0.019886560 0.059191259 0.007789335 0.856839991
0.013441930 -0.034128510 -0.000165403 0.879113257
0.033168418 -0.097253272 -0.074711553 1.117660942
0.027590868 -0.076058585 -0.082712476 1.148064449
-0.026719952 0.015660949 -0.013769866 0.953048289
0.013873918 -0.012754760 -0.027929546 0.962960065
0.007601918 -0.007109961 -0.010428724 0.947209326
-0.036442453 0.041338849 -0.107570627 1.054065421
0.014954113 -0.025476684 -0.042644133 0.969660982
-0.109677005 0.161469992 -0.060375616 0.996258207
0.054663691 -0.117909198 0.059694371 0.792139223
-0.018851959 0.021770535 -0.063631557 1.026458484
0.058084768 -0.139796586 -0.028117292 0.951878531
0.002704262 -0.012421424 -0.052689599 1.008394836
-0.022986597 0.051805724 -0.089291944 1.099900698
0.028540457 -0.092470026 -0.050086963 0.990126753
-0.004115855 0.012030177 0.045165327 0.685319418
0.055993179 -0.216384150 0.094842022 0.496547980
-0.019354354 0.013197974 -0.045979026 0.968391479
-0.047366970 0.032806805 -0.028715731 0.956307174
-0.047970407 0.033349899 0.003436803 0.927369893
0.068343451 -0.094595348 -0.056319555 0.993101889
-0.017655823 0.017203704 -0.082080047 1.026590527
0.020380548 -0.039850853 -0.069831593 1.008217846
-0.010028432 0.011844414 0.062058292 0.784005035
-0.035053807 0.059392627 -0.031034063 0.960880509
0.038587332 -0.095253759 -0.044443895 0.989041153
-0.012539452 0.022337843 0.003778934 0.878128650
0.044943267 -0.121368956 -0.035338407 0.975922003
0.011673542 -0.028213727 -0.042238225 0.995241493
-0.013170365 0.051286779 0.036872532 0.742087066
0.141208904 -0.535354438 0.211782841 0.077427901
0.041658494 -0.034245914 -0.041930380 0.964081974
0.015157773 -0.015695409 -0.025756063 0.952759952
-0.034428225 0.028931988 -0.019888873 0.947479482
0.012449294 -0.022633284 -0.060604236 0.992266382
0.041618043 -0.060552656 -0.055790232 0.986008177
-0.073147232 0.111595256 -0.002682208 0.906346141
0.020598679 -0.047772797 -0.029180954 0.951394011
-0.035179256 0.058205278 -0.009429756 0.913866735
0.040807656 -0.101367230 -0.077239555 1.056267305
0.016177770 -0.044718494 0.004960893 0.867206278
0.000790749 -0.006250941 -0.076892189 1.071838986
0.040060240 -0.116205513 0.168923695 0.383554520
-0.004403714 0.026079142 -0.096935049 1.234302515
0.113643234 -0.422499257 0.132162281 0.363732672
0.054554435 -0.046859800 0.034726860 0.915854095
-0.001949193 -0.007307261 -0.052950981 0.977228583
-0.003190319 -0.006190248 -0.038793972 0.964487275
-0.014451976 0.006197575 -0.043435112 0.969592530
0.026368043 -0.046868448 -0.023186797 0.943269721
-0.009754919 0.007315996 -0.052302169 0.986942779
-0.003386155 -0.003510904 0.016271478 0.870367576
0.005568533 -0.020524811 -0.098526215 1.088483190
-0.016591661 0.026011595 0.066345020 0.742253611
-0.014370108 0.020902023 -0.102854943 1.131413518
0.066039543 -0.180122105 -0.014275116 0.909963951
-0.003316731 0.014075458 0.046025206 0.741123054
-0.028311828 0.094059770 -0.015133125 0.936829714
-0.016221143 0.048115169 0.006000772 0.856520905
0.044186364 -0.025430677 -0.101715332 1.031573179
-0.071996944 0.055897637 0.285121219 0.760787598
0.077865799 -0.078978828 0.003120302 1.014588416
0.020923575 -0.016342380 -0.054110308 1.077542089
-0.040762785 0.063849885 0.018686648 0.982906050
-0.067360183 0.103745981 0.008029936 0.998891118
0.052791811 -0.100512414 -0.066093528 1.124901010
-0.010422684 0.019595126 0.036634518 0.929717725
0.049669298 -0.106598030 -0.056109713 1.124480601
-0.083920924 0.200659473 -0.003579556 1.003661243
0.054441137 -0.145245680 -0.120383918 1.295672147
-0.053921338 0.158169247 0.103946005 0.667548373
-0.068838286 0.205903480 0.001052618 0.996807217
-0.102373163 0.333336010 -0.032512771 1.124355695
-0.006420464 0.001614581 -0.092104083 1.024023238
-0.012512982 0.005879344 0.295526403 0.752681902
-0.004821472 -0.001043015 -0.008487699 1.026294587
0.025307385 -0.034184758 -0.039495840 1.060403542
0.001985104 -0.003865795 -0.031712048 1.050284613
-0.015436943 0.022267276 -0.014516708 1.024491603
-0.020930716 0.031606691 -0.005042853 1.008386049
0.040735874 -0.085559829 0.013199155 0.973726234
-0.081532826 0.171204429 -0.019291933 1.041957516
0.046218567 -0.122623768 -0.032714598 1.072829644
-0.065715243 0.157210756 -0.103129761 1.248867553
-0.025482186 0.044558198 0.130142240 0.595705960
-0.012331768 0.002476862 -0.025416716 1.093494628
-0.010301727 -0.005237293 -0.007630438 1.025906773
-0.001684739 -0.000194730 -0.078428392 1.012273850
-0.005199736 0.002265768 0.305354613 0.743625751
0.022254003 -0.022442597 -0.028126233 1.043758505
-0.020637112 0.024737631 -0.005159380 1.018494966
0.083254594 -0.110321582 -0.098308301 1.139588559
-0.070295020 0.120002839 0.022560949 0.958284684
-0.049287675 0.084290352 0.033554447 0.939595737
0.036114702 -0.077974163 -0.035344971 1.070504629
-0.003541313 0.005303464 0.040017357 0.912243748
-0.052074625 0.116930081 -0.079971831 1.188218874
0.045603210 -0.127264506 -0.007951062 1.008166952
0.045321627 -0.126476075 -0.067866875 1.175931226
-0.052336183 0.186028923 0.196824204 0.328919758
-0.146183324 0.542648055 -0.003004372 1.088268340
-0.004312024 0.002580863 -0.040196779 0.972577275
-0.017656701 0.011922137 0.377964400 0.679864455
0.000872637 -0.004754267 0.003885030 1.016535879
0.005043888 -0.009342643 -0.030487191 1.054345322
0.041924958 -0.057288032 -0.018155570 1.038314217
-0.034978950 0.058067830 0.009273288 0.997170928
-0.047842518 0.079935896 -0.021400459 1.049316301
0.021462034 -0.051742751 -0.063871168 1.130010647
0.028487815 -0.066496890 0.084484199 0.818464389
0.029046265 -0.067781326 -0.145531858 1.347501310
-0.048286601 0.125550840 0.000881553 0.981467783
-0.002437189 -0.002827512 0.034295610 0.887908424
-0.031106967 0.088915780 0.131180009 0.577878343
-0.026816737 0.072612903 -0.132353314 1.579304957
0.002706836 0.003010215 0.019804240 0.940661251
-0.027394770 0.024081339 0.368439279 0.696616728
0.003527017 -0.003748269 -0.030806653 1.055938058
0.010615831 -0.011545964 -0.006012919 1.028664949
0.014948534 -0.017178478 -0.020720358 1.047784619
-0.017070778 0.030850490 -0.006927846 1.027095852
-0.030402666 0.053514699 0.003114940 1.010023115
0.085148779 -0.166033043 -0.055667778 1.121710277
-0.070832283 0.161527173 -0.002614855 1.010299145
0.055093233 -0.128101510 0.003566741 0.996081474
-0.081882751 0.214338451 0.003965696 0.995084085
-0.010132266 0.013437096 -0.065756424 1.190306020
-0.015507141 0.030636698 0.042393612 0.844225900
0.062675547 -0.266457514 -0.148050868 1.567914915
0.037500452 -0.018572190 -0.057885054 0.993830981
-0.032775181 0.030620752 0.349138400 0.708914568
0.027320260 -0.023465143 -0.009391902 1.031591830
-0.028111573 0.037509875 -0.008502606 1.030613605
0.033297716 -0.042322198 -0.034610621 1.064554023
0.017178986 -0.018144103 0.010116694 0.997463051
0.021772178 -0.025952530 -0.006948712 1.026474242
-0.029997021 0.072408948 -0.021781333 1.054656222
-0.054768467 0.124428981 -0.000404715 1.009765327
0.049133310 -0.114545101 -0.065600856 1.159716448
0.015304821 -0.029973877 -0.068047256 1.165832447
0.037310673 -0.091590264 -0.041912486 1.092655092
-0.003180778 0.037982381 0.137194516 0.519512676
-0.026693445 0.127330514 -0.142575958 1.582640465
0.025710046 -0.015274187 0.040344300 0.910513430
-0.020833937 0.017306601 0.416660334 0.647092211
0.014637669 -0.014617844 0.013093349 1.010302487
0.004663692 -0.003646469 -0.034875286 1.063067987
-0.000910450 0.003599916 0.008612273 1.006534162
0.032107672 -0.045927268 -0.006899832 1.029802320
-0.013264259 0.031205018 -0.046687143 1.097440750
-0.015308336 0.035088764 -0.037766709 1.080491925
0.062504079 -0.128317301 -0.011299846 1.024911516
0.016001641 -0.021361695 -0.134115187 1.307386795
-0.032197664 0.099136568 0.022064252 0.916938197
0.027676660 -0.068511539 -0.020296718 1.035548911
0.039419591 -0.106088917 0.018336776 0.911921729
-0.053498988 0.247001677 -0.047953057 1.163823092
0.040581235 -0.026931685 -0.111213929 1.029021445
-0.019146983 0.014878067 0.352225623 0.704613765
-0.003411024 0.000715704 -0.014436838 1.034609970
0.032941359 -0.039271918 -0.003247262 1.022301437
-0.018239662 0.027263406 0.009400842 1.005858902
0.004332373 -0.006594646 -0.058602677 1.107864180
0.035413364 -0.059432332 -0.011368994 1.027566917
0.008631072 -0.008545978 0.012056236 0.983058981
0.007636769 -0.006457941 -0.050189483 1.113774985
-0.036482978 0.095017475 -0.014215108 1.031033925
0.024483576 -0.057398911 -0.071653536 1.174629995
0.029949508 -0.072703521 -0.072571618 1.177200623
0.062967459 -0.178360964 0.158703750 0.437119435
-0.147881368 0.622864567 -0.066730459 1.293769416
0.051890200 -0.032388624 -0.108653611 1.031334135
-0.020217470 0.018086744 0.331918617 0.722933581
-0.024100197 0.021581199 -0.037637344 1.055533937
0.020564228 -0.027549670 0.001235605 1.012773692
-0.014748567 0.018356962 -0.009385941 1.026581701
0.065902213 -0.102619208 -0.036978713 1.067970859
0.011049187 -0.009369062 0.066485429 0.892081813
-0.027715495 0.064283832 -0.098551249 1.205651497
0.088125186 -0.178981585 0.040867021 0.912873143
-0.078195203 0.203555301 -0.097081340 1.230154367
0.038239236 -0.087530796 -0.053948769 1.122322938
0.037345421 -0.085028115 0.007255821 0.950950091
0.013181824 -0.007704603 0.071506015 0.745349467
0.018672357 -0.028568631 -0.071675037 1.289437456
-0.009510098 0.005566768 -0.081174080 1.023054036
0.051432903 -0.037093332 0.299464482 0.756607047
-0.027639899 0.034072188 -0.048658240 1.069917488
-0.053604332 0.062633065 -0.002819301 1.019494654
-0.002894159 -0.003290158 -0.031955235 1.057371367
0.062113832 -0.100802144 -0.108545993 1.172257504
-0.034079006 0.062725686 0.052692313 0.898152376
0.042666216 -0.083090234 0.048081892 0.906912176
-0.095646533 0.207366525 -0.015137192 1.039672246
0.109852228 -0.265280616 -0.106159125 1.249022689
-0.031931031 0.089177531 -0.022097233 1.038867959
0.050126643 -0.140583951 0.023663038 0.910739200
0.007848753 -0.005294702 0.123120765 0.592474472
0.013160795 -0.025480460 -0.102048299 1.448116902
0.060017922 -0.045590484 -0.070108477 1.034738453
-0.090432083 0.059724517 0.190823984 0.852085734
-0.018346976 -0.005152077 0.000792742 1.023113847
0.036557106 -0.065546569 -0.073549178 1.104889960
0.082143621 -0.124809036 -0.175523716 1.237456855
-0.145659703 0.216895950 0.158677659 0.736154792
-0.020756664 0.004560778 -0.044522599 1.081595241
0.045817827 -0.121930754 -0.070172573 1.130330191
-0.082284733 0.147084610 -0.004748403 0.992939440
0.043216319 -0.141567802 -0.030022554 1.051069987
0.006013216 -0.048560044 0.025721395 0.911710113
0.004362775 -0.043938811 -0.077568125 1.200920765
-0.022293454 0.041361123 -0.011954508 0.990957187
0.012472063 -0.090747840 -0.033283459 1.072007200
0.025947082 -0.028033056 -0.105619437 1.045440379
-0.063187903 0.034361432 0.223837806 0.814820313
-0.007355435 -0.015887787 -0.042546977 1.054566612
0.048188813 -0.076986461 -0.033312452 1.044408633
-0.020357892 0.012124251 0.041615357 0.947002485
-0.018248190 0.008959699 -0.081796627 1.132120461
-0.029346311 0.027826504 0.016259259 0.965425451
0.017144770 -0.060506548 -0.035487724 1.063744717
0.092838014 -0.219462354 -0.045290281 1.084330085
-0.081776354 0.182150685 0.087800303 0.778221749
-0.081764895 0.182122037 -0.003940265 1.007573169
0.064442883 -0.227259733 -0.122787327 1.340344937
0.015126444 -0.069447128 0.161318407 0.431206574
-0.064121645 0.231695606 -0.186525818 1.753014613
-0.002736040 -0.010882760 -0.083850031 1.032105150
-0.039011321 0.014509937 0.288946050 0.771147898
-0.013649684 -0.008315537 -0.096499301 1.118048705
0.030447647 -0.056822601 -0.038315071 1.054046051
-0.018677865 0.007040562 0.054635989 0.933209677
-0.028218155 0.021350996 -0.067272766 1.116072809
0.025568520 -0.070086354 0.005999806 0.991509434
0.018870567 -0.057360243 -0.117763323 1.226659375
-0.033911719 0.053482553 0.062182531 0.848773099
0.018168795 -0.066302628 -0.053651916 1.115192322
-0.011684605 0.008330872 -0.122136692 1.286404261
0.007649006 -0.045803238 0.092850901 0.684439010
-0.031908622 0.080781175 0.019463502 0.919278690
-0.078309653 0.257105092 -0.145386094 1.545707147
-0.030709983 0.011481869 -0.019078256 0.974110365
-0.036276115 0.015378161 0.330255647 0.729576637
0.008328327 -0.024765835 -0.081011038 1.099716644
-0.014889977 0.000774299 -0.026762495 1.040043246
0.006870831 -0.027514750 0.004127621 0.999886097
-0.000123130 -0.017023808 -0.036309949 1.060542451
-0.047060221 0.062769249 -0.004272164 1.006078216
0.013284790 -0.051886272 0.006800296 0.985040541
0.026780798 -0.080227887 -0.098618842 1.206420720
-0.042269965 0.078588865 0.007236598 0.962953214
0.018652463 -0.073717205 -0.041365630 1.084458785
0.009727699 -0.048727867 -0.067645146 1.158041429
-0.035376064 0.095604177 0.140699568 0.491338334
-0.018073056 0.029852748 -0.125880621 1.504343040
-0.004118942 0.002611211 0.017823280 0.950396388
-0.046234407 0.032092036 0.292460638 0.758150241
0.025247911 -0.032242049 -0.054250347 1.070190119
-0.010937636 0.007562053 -0.050275940 1.065818271
0.007329838 -0.016185661 0.000082254 1.000352621
-0.014104404 0.015965702 -0.009062288 1.014069435
0.007265648 -0.020363388 -0.010894839 1.017184771
-0.015202983 0.022327010 -0.014455920 1.023950825
0.022359208 -0.056553587 -0.006059109 1.006317522
-0.034739118 0.074772559 -0.087198296 1.192937650
0.008500536 -0.033326576 -0.022341414 1.030795444
-0.005585445 0.006114172 -0.012490448 1.003212741
-0.025366620 0.069413932 0.062166164 0.764311577
0.026217570 -0.126605986 -0.210654078 1.801028483
0.020342440 -0.014822141 0.019894840 0.941317081
-0.009088567 0.005779564 0.369652532 0.696486700
-0.013618612 0.009856604 -0.082401018 1.103334884
0.007917269 -0.013832865 -0.022954353 1.037943552
0.001375273 -0.005328271 -0.015230771 1.027902896
-0.004299025 0.003183176 -0.055121170 1.087738494
0.003684153 -0.010388226 0.059601090 0.892710647
-0.004806427 0.005743876 -0.081743031 1.161264473
0.049110930 -0.107482570 -0.026018315 1.044242575
-0.037268678 0.091190524 -0.040732612 1.078085458
0.020074612 -0.052167699 -0.043630210 1.085329451
0.001480035 -0.000102886 -0.026265227 1.036707502
0.026079080 -0.078819829 0.055796513 0.774109929
-0.075155792 0.305872679 -0.069451634 1.250052882
-0.006414540 -0.000210774 0.134597131 0.856971588
-0.060082056 0.037356486 0.374439679 0.689081807
0.005084666 -0.021293563 -0.060340748 1.080384180
0.039141164 -0.058755711 -0.046149509 1.064773817
-0.038005770 0.041535300 -0.025997752 1.038576534
0.025515127 -0.053746045 0.022664065 0.965583809
0.048009687 -0.091986799 -0.052067060 1.092626725
-0.065990617 0.124613776 -0.073293474 1.132956911
-0.005924495 -0.001525074 -0.021092291 1.023334431
0.119761172 -0.290602103 0.015477534 0.939223835
0.003593257 -0.000182316 -0.054226725 1.113484484
-0.046795030 0.140904885 0.037547341 0.856517103
0.018082920 -0.066704558 0.120548824 0.590912354
0.026863211 -0.100069663 -0.099721706 1.427940357
0.010467722 -0.018431063 -0.034696462 0.979038359
-0.012008087 -0.002697997 0.348207077 0.711005886
0.027613875 -0.038357763 -0.054126369 1.073105978
-0.001749248 -0.006058326 -0.011370186 1.026074176
-0.043537183 0.048265987 -0.037923446 1.060593413
0.065226644 -0.114879753 0.025987023 0.964727709
-0.004250751 0.003231822 -0.025863061 1.052872854
-0.024079172 0.040905822 -0.040701344 1.081065592
0.034745536 -0.082626059 -0.060662613 1.122984254
0.008719746 -0.022766745 0.056097196 0.854436699
-0.031773839 0.078467219 -0.081692550 1.198911064
-0.001081642 -0.007470931 -0.057305233 1.130626578
0.043895916 -0.151399120 0.132333359 0.523783074
-0.034400674 0.146127917 -0.143300527 1.571191828
0.034248663 -0.032595925 -0.107299096 1.038179103
-0.014548228 0.001561898 0.306469518 0.748541078
-0.025398162 0.011326838 -0.073032958 1.090093297
0.016764758 -0.035052374 0.003120304 1.006324707
-0.026214624 0.020820820 -0.060480223 1.089005389
0.087811570 -0.150218471 0.046111334 0.929118054
0.001203289 -0.002984390 -0.081094830 1.145368540
-0.048912156 0.092234956 0.031169366 0.932066569
0.035608217 -0.085257821 -0.025775724 1.051651254
0.074636941 -0.175023882 -0.072805268 1.159819202
-0.036469709 0.102742740 -0.143754704 1.337192791
-0.005963701 0.017325921 0.087394395 0.689975324
0.022222071 -0.072868553 0.129246732 0.556047845
0.134330829 -0.498881828 -0.116685934 1.490591964
-0.028558310 0.005535311 -0.048619214 1.004773648
0.018877956 -0.027670075 0.239704862 0.802946799
-0.023193084 0.010193860 -0.061735496 1.074243114
0.011677760 -0.028164069 -0.004641415 1.011439623
0.038000504 -0.062383634 0.006039737 0.997554126
0.007273073 -0.016292489 -0.021662111 1.039106898
-0.018753956 0.027953463 0.024270424 0.961021586
0.001040972 -0.009656901 -0.051192660 1.104401443
-0.090125694 0.181793089 -0.073718113 1.151704893
0.017424035 -0.065571283 -0.018471475 1.024637629
0.011713699 -0.051295442 0.022527579 0.922139993
0.026674695 -0.093186230 -0.169943829 1.461059926
0.021555924 -0.076806162 0.100072837 0.597006583
0.162855970 -0.613746332 -0.075834994 1.265456332
