0.001515956 -0.000267213 -0.009756206 0.009799277
0.000436695 0.000488270 -0.002825101 0.004947504
0.000230216 0.000674101 -0.001437873 0.003698999
-0.000260929 0.001214361 -0.000743522 0.002935212
0.000259988 0.000537169 -0.000462472 0.002569847
-0.000364518 0.001473927 -0.000343730 0.002391734
0.000642949 -0.000238767 -0.000286721 0.002294818
-0.000235030 0.001429395 -0.000057624 0.001859535
0.000342996 0.000215540 -0.000412456 0.002604682
-0.000769594 0.002774497 0.000890820 -0.000392853
-0.000123481 0.001159214 -0.000137883 0.002178905
-0.000265162 0.001555919 -0.000258615 0.002516954
0.000887626 -0.002133001 0.000198411 0.001054470
-0.000504514 0.003157130 0.001045077 -0.002162857
0.000583705 0.000517557 -0.005537825 0.006628106
0.000195511 0.000789292 -0.001996253 0.004149006
0.000083964 0.000889685 -0.001344500 0.003562428
-0.000387571 0.001408374 -0.000636624 0.002783765
0.000291091 0.000526112 -0.000638196 0.002785808
-0.000097676 0.001109263 0.000031824 0.001780777
-0.000208047 0.001296894 -0.000293711 0.002334188
0.000345821 0.000244544 -0.000381975 0.002501888
0.000290126 0.000361505 -0.000052634 0.001810274
-0.000888830 0.003073102 0.000148528 0.001347601
0.000115579 0.000562081 -0.000019470 0.001767597
0.000544577 -0.000639114 0.000608917 0.000008112
0.000252928 0.000294162 -0.000189906 0.002564345
0.000431084 -0.000382828 0.000778822 -0.001116822
0.000125619 0.000941022 -0.004113415 0.005639524
0.000135858 0.000933855 -0.002133557 0.004253624
-0.000157909 0.001198245 -0.001415112 0.003607023
-0.000028193 0.001055557 -0.000275617 0.002353579
0.000047210 0.000957533 -0.000692750 0.002895852
-0.000103921 0.001184230 -0.000571336 0.002713731
-0.000149619 0.001261917 -0.000364711 0.002362469
-0.000324279 0.001593771 0.000011862 0.001646980
0.000241165 0.000406339 0.000243277 0.001161009
0.000656361 -0.000548612 0.000005134 0.001708737
-0.000241962 0.001697194 -0.000024152 0.001781952
-0.000133737 0.001394166 -0.000233395 0.002367832
0.000255894 0.000147347 0.000015347 0.001571857
0.000694912 -0.001520921 0.001201085 -0.002933944
-0.000002132 0.001111374 -0.004117661 0.005701968
-0.000072625 0.001160719 -0.002122542 0.004305385
-0.000211801 0.001285978 -0.001239226 0.003510400
-0.000073863 0.001134246 -0.000894314 0.003130997
-0.000103850 0.001173229 -0.000586190 0.002730436
0.000369149 0.000463730 -0.000408253 0.002463531
-0.000278153 0.001564143 0.000382289 0.001119608
0.000088192 0.000868089 -0.000684944 0.003147351
0.000107096 0.000828389 0.000079226 0.001542595
-0.000007365 0.001091650 -0.000303711 0.002423350
0.000227868 0.000503568 -0.000218970 0.002211497
-0.000373530 0.002187481 -0.000418395 0.002769886
0.000756614 -0.001428978 0.000520601 -0.000234899
0.000199257 0.000688977 0.001579579 -0.004259016
0.000290786 0.000971341 -0.004162189 0.005796748
-0.000294918 0.001381334 -0.002070721 0.004332721
-0.000163561 0.001263112 -0.001519856 0.003836942
-0.000098874 0.001191956 -0.000864156 0.003115672
-0.000086489 0.001175856 -0.000601410 0.002774102
-0.000322639 0.001530081 -0.000431773 0.002519647
0.000231700 0.000587704 -0.000249724 0.002210163
0.000925407 -0.000730339 -0.000220327 0.002154308
-0.000828157 0.002952147 -0.000181165 0.002072068
-0.000708886 0.002677824 -0.000690980 0.003244643
0.000229443 0.000332000 0.000466215 0.000351655
0.000894956 -0.001531438 0.000574794 0.000047634
-0.000230235 0.002069174 0.000224645 0.001168112
-0.000330101 0.002448666 0.000223040 0.001174210
-0.000168432 0.000990396 -0.003806574 0.005440424
-0.000181101 0.000999264 -0.002155739 0.004284840
0.000177734 0.000676313 -0.000995744 0.003240844
0.000032134 0.000836473 -0.000806660 0.003032851
0.000036421 0.000830900 -0.000658248 0.002839916
0.000073298 0.000775584 -0.000122450 0.002036219
-0.000036101 0.000961562 -0.000423886 0.002548660
0.000055630 0.000787274 0.000011321 0.001721768
-0.000231223 0.001389664 -0.000442027 0.002673797
0.000161231 0.000487020 0.000787534 -0.000154192
-0.000003405 0.000898611 -0.000803028 0.003822214
-0.000272714 0.001652677 0.000552060 0.000027966
0.000691753 -0.001433619 0.000132040 0.001372032
0.000097137 0.000825923 0.001328791 -0.003175624
-0.000135312 0.001029965 -0.003889876 0.005481216
-0.000205373 0.001079007 -0.001592358 0.003872953
0.000264044 0.000656533 -0.001451694 0.003746355
-0.000243728 0.001215082 -0.000706789 0.002926960
0.000187948 0.000653902 -0.000670682 0.002880021
0.000006180 0.000926556 -0.000065000 0.001971498
-0.000297294 0.001442461 -0.000355190 0.002464820
0.000655128 -0.000367142 -0.000232513 0.002231735
-0.000138670 0.001299834 -0.000117109 0.001989385
-0.000254218 0.001565595 -0.000346415 0.002516789
-0.000086028 0.001145119 0.000223554 0.001091868
0.000135755 0.000524127 -0.000138079 0.002104439
0.000172871 0.000405356 0.000405337 0.000365507
0.000626994 -0.001320310 0.001266295 -0.002906130
0.000036949 0.000936230 -0.003998815 0.005529526
-0.000006188 0.000966426 -0.001926725 0.004079062
0.000093872 0.000876372 -0.001078990 0.003316101
-0.000000199 0.000979850 -0.000563351 0.002748898
-0.000142028 0.001164228 -0.000396829 0.002532420
0.000477766 0.000234537 -0.000430148 0.002582397
0.000078976 0.000912480 -0.000212125 0.002211759
-0.000833078 0.002645383 -0.000220366 0.002227417
0.001063551 -0.001337538 -0.000220145 0.002226952
-0.000928226 0.003243548 0.000335987 0.000947848
0.000326970 0.000105559 0.000023098 0.001730071
-0.000221184 0.001640391 -0.000958681 0.004479051
0.000135531 0.000498901 0.001152499 -0.002276722
0.000901180 -0.002410563 0.000895880 -0.001301571
-0.000223281 0.001159391 -0.006763805 0.007510928
0.000192069 0.000868646 -0.001950590 0.004141678
0.000131112 0.000923508 -0.001101835 0.003377798
-0.000093474 0.001170552 -0.000940514 0.003200345
0.000365937 0.000573318 -0.000544360 0.002685345
-0.000043359 0.001187262 -0.000461958 0.002561742
-0.000493129 0.001951871 -0.000025301 0.001819424
0.000558705 -0.000046614 0.000020159 0.001733051
-0.000447457 0.002066326 -0.000362997 0.002537678
0.000328120 0.000282500 0.000400987 0.000780515
-0.000036179 0.001193247 -0.000395296 0.002771222
0.000267852 0.000341962 0.000866811 -0.000762677
-0.000202001 0.001845490 -0.000256803 0.002832888
0.000128018 0.000591416 0.000825280 -0.001279027
-0.000358108 0.001301333 -0.011652694 0.011337592
0.000412271 0.000762068 -0.003289773 0.005483547
0.000170692 0.000979489 -0.001413021 0.003794471
-0.000109783 0.001288011 -0.001155824 0.003511554
-0.000132010 0.001316906 -0.000582762 0.002766573
0.000248024 0.000746855 -0.000254842 0.002274694
0.000030001 0.001117495 -0.000566716 0.002804880
-0.000195188 0.001545354 -0.000193914 0.002096555
-0.000180601 0.001514721 0.000082445 0.001516203
0.000388932 0.000204795 0.000513461 0.000524864
0.000496970 -0.000065299 -0.000098999 0.002056016
-0.000676546 0.003220544 -0.000366879 0.002806079
0.000166412 0.000523080 0.000553019 -0.000137594
0.000070192 0.000888713 0.001102663 -0.002226241
0.000822744 -0.001437126 -0.009401083 0.010159511
0.000468706 -0.001189299 -0.003091338 0.005742690
0.000411453 -0.001137772 -0.001598354 0.004399005
-0.000118640 -0.000554669 -0.000588048 0.003287668
0.000632153 -0.001530700 -0.001127285 0.003988677
0.000044025 -0.000648509 -0.000160701 0.002538800
-0.000187956 -0.000254142 -0.000159914 0.002537462
0.000164653 -0.000924098 -0.000029549 0.002289768
0.000725907 -0.002102732 -0.000424433 0.003119025
-0.001019948 0.001912736 0.000401038 0.001220442
0.000381675 -0.001591322 0.000004695 0.002211300
-0.000121008 -0.000183809 0.000648443 0.000408806
0.000310140 -0.001563483 -0.000268094 0.003341722
-0.000414882 0.001191600 0.002096292 -0.005642943
0.000392474 -0.001111877 -0.005655091 0.007228342
0.000229724 -0.000997952 -0.002259715 0.004851579
0.000239209 -0.001006489 -0.001425233 0.004100545
-0.000051679 -0.000686512 -0.000505237 0.003088550
0.000314703 -0.001162809 -0.000754193 0.003412193
-0.000109494 -0.000526513 -0.000243633 0.002646352
0.000505961 -0.001572787 -0.000401945 0.002915483
-0.000370950 0.000093345 0.000136370 0.001892684
0.000337965 -0.001395378 0.000347273 0.001449789
-0.000230811 -0.000087191 -0.000679790 0.003812032
0.000289298 -0.001387465 0.000249796 0.001488067
0.000253246 -0.001286518 -0.000102411 0.002474246
-0.000231451 0.000264512 0.000327994 0.001096953
0.000985258 -0.004358984 0.000544605 0.000273829
0.000485641 -0.001224369 -0.004074455 0.006073954
-0.000023219 -0.000868167 -0.002043750 0.004652461
0.000012359 -0.000900187 -0.001167401 0.003863746
0.000211761 -0.001119530 -0.000936375 0.003609618
-0.000107076 -0.000705041 -0.000382021 0.002888958
0.000463968 -0.001561608 -0.000522040 0.003098986
0.000100554 -0.000943803 -0.000388975 0.002872776
0.000379367 -0.001473547 0.000335317 0.001496621
-0.000125318 -0.000413709 -0.000236443 0.002697316
0.001097528 -0.003226256 0.000315448 0.001427967
-0.000869921 0.001692367 -0.000129211 0.002539615
0.000015395 -0.000786518 0.000279899 0.001394107
0.000547176 -0.002488217 0.000035698 0.002175551
0.000470741 -0.002197765 0.000837012 -0.000869444
0.000270630 -0.001062735 -0.003940439 0.005947344
-0.000048309 -0.000839478 -0.002047813 0.004622506
0.000100074 -0.000973022 -0.001277007 0.003928781
-0.000070256 -0.000785659 -0.000742715 0.003341059
0.000169721 -0.001097628 -0.000619826 0.003181304
0.000400129 -0.001443241 -0.000142228 0.002464907
-0.000074380 -0.000636576 -0.000563330 0.003180781
-0.000405297 -0.000007833 -0.000264738 0.002613455
0.000994261 -0.002946906 0.000080480 0.001888497
0.000367306 -0.001504908 0.000885274 0.000037471
-0.000501199 0.000666353 -0.000819098 0.004298400
0.000096741 -0.001007879 0.000375257 0.000954207
0.000511977 -0.002336634 0.000304987 0.001179072
0.000646597 -0.002848189 0.001021484 -0.001543616
0.000105125 -0.001108709 -0.003967374 0.005998540
-0.000051236 -0.000999256 -0.002302762 0.004833311
0.000208863 -0.001233345 -0.001217831 0.003856874
0.000227966 -0.001254359 -0.000989378 0.003605576
-0.000293613 -0.000576306 -0.000756192 0.003302433
0.000269319 -0.001420704 -0.000270655 0.002574128
0.000320533 -0.001507768 -0.000439295 0.002860815
0.000612533 -0.002062568 0.000116325 0.001805139
-0.000184562 -0.000388669 -0.000160834 0.002387171
0.000895141 -0.002871985 0.000428629 0.001031406
-0.000512903 0.000648125 -0.000104330 0.002363805
-0.000303483 0.000061748 0.000008614 0.002047561
0.000140171 -0.001357943 -0.000072047 0.002305676
0.001265644 -0.005634740 0.002460127 -0.007316582
0.000609202 -0.000955543 -0.003944986 0.005859736
-0.000313715 -0.000309501 -0.001789434 0.004350849
-0.000178075 -0.000431577 -0.000897009 0.003547667
0.000093145 -0.000729919 -0.000756727 0.003393356
0.000140741 -0.000791793 -0.000837178 0.003497944
0.000143530 -0.000795978 -0.000106979 0.002402644
-0.000154817 -0.000288787 -0.000595411 0.003232979
0.000016802 -0.000614863 0.000012094 0.002078719
0.000135046 -0.000863175 0.000690950 0.000653121
0.000004318 -0.000562501 0.000131153 0.001940654
0.000507166 -0.001819620 -0.000664732 0.003930369
-0.000040908 -0.000285015 0.000276721 0.001294298
0.000261118 -0.001251495 0.000041078 0.002048357
0.000686468 -0.002867826 0.001643518 -0.004040913
0.000518970 -0.000963091 -0.003802148 0.005711193
-0.000263854 -0.000415114 -0.001880890 0.004366312
-0.000076247 -0.000583961 -0.000845162 0.003434158
-0.000118086 -0.000537938 -0.000763556 0.003344390
0.000548230 -0.001404148 -0.000786208 0.003373839
-0.000218071 -0.000254696 -0.000559823 0.003034260
-0.000255743 -0.000190654 -0.000022607 0.002120993
0.000598552 -0.001813815 -0.000089320 0.002247748
0.000235688 -0.001051800 0.000079233 0.001893786
-0.000550250 0.000755857 -0.000098565 0.002302724
0.000430655 -0.001696407 0.000449339 0.000932962
-0.000041155 -0.000375339 0.000131821 0.001822014
0.000210651 -0.001181117 -0.000909038 0.005152763
0.001530613 -0.006196972 0.001828346 -0.005249298
0.000204378 -0.000941362 -0.004123486 0.005862175
-0.000087056 -0.000737358 -0.001609984 0.004102724
0.000014289 -0.000828568 -0.000908898 0.003471746
0.000073157 -0.000893323 -0.000776833 0.003326474
-0.000066870 -0.000711287 -0.000737478 0.003275313
0.000078511 -0.000929360 -0.000422750 0.002803222
-0.000057780 -0.000697665 -0.000124075 0.002295474
0.000186818 -0.001162401 -0.000186195 0.002413501
-0.000391991 0.000053099 -0.000381199 0.002823010
0.000963170 -0.003063772 0.000259892 0.001348501
-0.000396074 0.000334337 -0.000142423 0.002354289
-0.000122789 -0.000430861 0.000044722 0.001830283
0.000551634 -0.002589012 -0.000029464 0.002067678
0.001976485 -0.008003448 0.001823763 -0.004974584
0.000027255 -0.001012423 -0.006088012 0.007219897
-0.000057617 -0.000953013 -0.001938236 0.004315054
0.000223329 -0.001205865 -0.000862572 0.003346957
-0.000083386 -0.000868478 -0.000721821 0.003192130
0.000034876 -0.001022219 -0.000734865 0.003209087
0.000043329 -0.001034898 -0.000362521 0.002650571
0.000218548 -0.001332771 -0.000336813 0.002606868
-0.000033161 -0.000854523 -0.000020665 0.002006187
0.000215623 -0.001376969 -0.000395538 0.002793420
0.000675915 -0.002435641 -0.000228170 0.002408474
-0.000805898 0.001268892 0.000330772 0.001011120
0.000703698 -0.002957979 0.000762344 -0.000197282
-0.000391437 0.000546455 0.000102368 0.001914640
0.001019526 -0.004815207 0.001288873 -0.002594079
0.000121604 -0.001207585 -0.010521066 0.010582339
-0.000058418 -0.001081570 -0.002832159 0.005200105
0.000113681 -0.001236459 -0.001317557 0.003836963
0.000120640 -0.001244114 -0.000657791 0.003111220
0.000265529 -0.001432469 -0.000715389 0.003186098
-0.000199355 -0.000735143 -0.000296979 0.002558482
0.000085071 -0.001218667 -0.000381366 0.002701941
-0.000290199 -0.000505655 0.000087034 0.001811980
0.000361237 -0.001873669 -0.000168743 0.002349112
0.000270571 -0.001665138 -0.000053141 0.002083227
-0.000136291 -0.000647985 -0.000392974 0.002932809
0.000665540 -0.002893110 0.000579306 0.000210425
-0.000587224 0.001115736 0.000401018 0.000780947
0.000099546 -0.001493993 0.000891018 -0.001081050
0.406037295 -0.795393688 -1.737066611 4.005304984
-0.299272555 -0.301676801 -0.231808438 2.951624281
-0.479190235 -0.139750893 -0.143214430 2.871889676
-0.101304389 -0.555425333 -0.525621364 3.292537312
-0.075080377 -0.589516547 0.454127680 2.018863602
0.165635010 -0.950589627 -0.581832985 3.572804601
-1.669643224 2.169383458 0.125092313 2.371031560
0.159195122 -1.305409357 -1.801694084 6.031925667
-1.438136354 2.048986591 3.083868484 -4.227755258
1.881069987 -5.585187834 -2.257401405 8.057165231
-0.568865827 0.539651699 -0.630829435 3.990735305
-0.483988408 0.301994931 -0.615594538 3.948077596
1.132966261 -4.872260088 -1.986232418 8.334118875
-0.970801918 3.122058893 0.005828590 0.764287143
-0.014100672 -0.579873085 -1.886625402 4.163721141
-0.419562782 -0.296049612 -0.419876600 3.136996997
0.091266312 -0.755795785 -0.405669116 3.124210261
-0.528454075 -0.074103344 0.027133236 2.648127664
0.622282774 -1.570061193 -0.539013019 3.384117768
-0.783221833 0.538195717 0.403940581 1.969687368
-0.278044740 -0.320605364 -0.262340401 3.102365070
0.785749240 -2.341813901 -0.447411697 3.454000528
-2.252388954 4.038276015 0.427684682 1.616298215
-0.227606838 -0.618722753 0.465580114 1.529138723
1.646835668 -5.304829020 -1.295225031 5.931151587
-0.412466726 0.461217585 1.036243788 -0.596960995
-1.346651331 3.450608367 -1.999322494 9.116851250
1.875995547 -8.795449615 0.517268361 -0.446193877
0.141667136 -0.705816214 -1.981979727 4.196796357
-0.342806896 -0.366684397 -0.191376221 2.943373924
-0.022520716 -0.654941952 -0.305440353 3.046031641
0.259544048 -0.965213198 -0.088105233 2.806963004
-0.080685894 -0.522914289 -0.577082496 3.442633422
0.248325408 -1.016431243 -0.590572216 3.462868002
-0.596115504 0.419118348 0.616539937 1.410777284
-0.015608376 -0.683845182 -0.516040510 3.562680106
-0.614976438 0.574827692 -0.179328876 2.855585707
-0.930961149 1.301592510 2.951175463 -4.344574123
-0.562996954 0.381682024 -1.760498168 7.434609954
0.530532621 -2.680200734 -1.030539029 5.390724399
0.827036035 -3.629011674 -0.154999122 2.588996656
-0.672141726 2.067863748 -1.875000112 9.125000335
0.181298267 -0.798637515 -1.793053257 4.045572334
-0.144193181 -0.570793505 -0.501811534 3.141703144
0.002740323 -0.703033655 0.064353928 2.632154242
0.036369873 -0.740026161 -0.349745876 3.087664035
0.211755583 -0.968027576 -0.047976959 2.695364458
-0.541464855 0.161803082 0.265817579 2.224672651
-0.035329772 -0.698626584 -0.560612879 3.629604469
0.701965345 -2.099487288 -0.875343397 4.227592446
0.230556075 -1.109527868 0.072822553 2.236444040
0.003647207 -0.587637482 2.854141509 -4.160589424
0.492623427 -1.810078032 -1.823488366 7.533485263
-0.255754157 0.285379167 -1.069294555 5.421742628
2.167036182 -7.467550033 -1.828357570 7.850744311
-3.042317661 12.327994324 0.242674589 -0.019177793
0.052661303 -0.797178330 -1.559404228 3.917703317
0.189574372 -0.893017476 -0.489585429 3.168830171
0.330800931 -1.020121376 -0.186440900 2.896000102
-0.075751868 -0.572913287 -0.410282759 3.142226152
-0.238709989 -0.361067738 -0.098382211 2.736755455
0.403814220 -1.324854051 -0.704687666 3.646213637
-0.196290384 -0.304676195 -0.949772936 4.062858608
-0.341917697 -0.027984306 1.723604819 -1.016559062
-0.947614086 1.243978055 -1.822450919 6.430157648
1.076076668 -3.410510584 -0.810043619 4.101620907
0.883243324 -2.928427223 -0.139286540 2.424728210
-0.720113717 1.560972414 -0.086814740 2.277807174
-0.953727119 2.308535312 -1.516404989 6.852496037
2.627194531 -11.298966788 -0.737696483 3.893403751
0.192894351 -0.915277368 -1.513080687 3.859374330
0.200831008 -0.920833027 -0.415321613 3.090942991
0.114709112 -0.843323323 -0.228213017 2.922545259
0.075272051 -0.799942555 0.115605634 2.544344735
0.222419149 -0.991233776 0.124368638 2.532952830
0.345827259 -1.176345940 -0.758814631 3.857727733
-0.378849344 0.055604319 0.202390028 2.223679767
0.884708483 -2.345155521 -1.762390767 5.956763231
-2.125906437 3.977135524 0.261379418 1.706846035
1.705059003 -4.834084806 1.458481202 -1.046488012
-0.746223648 1.294121820 -0.231850184 3.179340455
0.939961075 -3.427195324 0.491828205 1.153040999
0.458402160 -1.886206773 -1.211485857 6.603646078
-0.451135141 1.570034927 -1.874999963 9.124999650
0.762234078 -1.277860217 -1.934890862 4.171725092
-0.208691073 -0.598212623 -0.355045817 3.065833579
0.247760952 -1.009019435 -0.428372519 3.131827610
0.444336990 -1.225253082 0.393700740 2.227547004
-0.338348070 -0.207762541 -0.551737415 3.456616562
0.876096576 -2.029429510 -0.009378193 2.643077728
0.106885769 -0.721771102 -1.197730731 4.663277100
0.907583561 -2.243096887 -0.468168426 3.277108738
-0.313705131 0.321609250 -0.236188117 2.789950111
-0.173291672 -0.001341700 1.321655197 -0.793089436
0.491516768 -1.663362798 0.999707540 0.011779706
-1.175214219 3.003483885 -0.771286304 4.970562383
0.287517951 -1.677259128 -0.837410623 5.182160208
1.394817912 -5.884998929 -1.874999963 9.124999650
0.351906440 -1.003559540 -1.816768755 4.047325665
0.365848861 -1.013319235 -0.202679646 2.917463309
0.104176675 -0.777814274 0.051256406 2.688920868
-0.035970522 -0.623652354 -0.283529860 3.057185768
0.086489597 -0.782850503 -1.185248808 4.229420357
0.283517770 -1.078392762 0.929406660 1.057437156
0.586247505 -1.593033326 -0.661062239 3.761234359
0.867364270 -2.127155172 -1.383438605 5.133749438
-0.485645566 0.714165353 0.480333452 1.219828296
-1.754767029 3.633144659 0.383479504 1.442592373
0.967801367 -3.173276332 0.430220831 1.325739054
1.018067607 -3.314021802 -0.164560040 2.991125466
-0.098789754 0.259921806 -0.774222338 4.942044848
0.081524966 -0.425274118 0.000000000 2.000000000
0.159927020 -0.883299236 -1.444689122 3.867813511
0.472775130 -1.102292909 -0.578399931 3.261411088
0.218945689 -0.873846419 0.128544538 2.625161082
-0.157420692 -0.459843391 -0.151976401 2.933734123
0.487608495 -1.298381303 -0.364242705 3.209680308
0.932572411 -1.965827176 -0.501773238 3.415976106
-0.200302076 -0.039940494 -0.442786375 3.315698437
0.061868302 -0.538064207 -0.383104223 3.202302349
1.726714892 -4.034241888 -0.377511888 3.190558447
-0.041850311 0.033457996 0.995659591 0.032264111
-0.095033388 0.166415687 1.552706806 -1.360353928
0.346425717 -1.069669785 -0.306680725 3.845931072
-1.169433711 3.781080458 -1.440921456 7.475501465
-0.302156377 0.485426629 -0.276827233 3.051943471
0.341993889 -0.979116063 -1.497887462 3.900804445
0.618295110 -1.172526914 -0.458594588 3.173299445
0.085913816 -0.693383763 -0.162187776 2.906533322
0.266426599 -0.891947828 -0.284499032 3.041075706
-0.036801091 -0.497751845 0.261902747 2.330753420
0.331333797 -1.049954177 -0.917213937 4.099428445
1.767403221 -3.491272267 0.002877713 2.535272596
-0.043139548 -0.051241049 -0.485656435 3.463487467
-0.518030550 0.946030010 -1.071113093 4.692946392
-0.174758616 0.156504579 1.456932674 -1.121558752
0.968296409 -2.701132983 -0.760433000 4.421855434
0.234227926 -0.645741265 1.210808465 -1.097620575
-1.359675196 4.454748801 -3.289178040 13.302336456
0.530472169 -2.727811096 -0.379325100 2.244895422
0.192039024 0.523323828 -1.911850090 4.205397663
-0.114563710 0.737945739 -0.494487315 3.213243738
-0.376403838 0.973601848 -0.246490181 2.990046323
-0.304845383 0.894887545 -0.283461911 3.030715226
0.002120137 0.495832384 0.128332346 2.495382712
-0.476397907 1.213609451 -1.038595190 4.245774017
-0.931951290 1.988050222 -0.127544449 2.696987713
1.021203764 -1.722944333 0.085328848 2.292528454
-0.445358200 1.356835651 1.888952997 -1.495082087
-0.585340196 1.678794236 -2.442076816 8.466286277
-0.892408160 2.446464146 -0.836006933 4.451111569
0.186101135 -0.573361830 -0.160521827 2.559753303
0.808501720 -2.565043730 -2.576806160 10.291863286
-1.081772362 4.617997691 0.000000000 0.500000000
0.129551299 0.417500611 -1.845564952 4.146627004
0.155327329 0.399457390 -0.493714839 3.200331941
-0.611553791 1.089650381 0.182887272 2.591390057
0.179669027 0.219305262 -0.319362993 3.143865361
0.214329609 0.174246507 -1.019971128 4.054655902
-0.886501310 1.825492885 0.526730889 1.734602878
-0.623741969 1.378801993 -0.432871735 3.365927384
-0.136287261 0.452638060 1.495724259 -0.298404959
-1.262078804 2.816800192 -1.581121306 6.162970435
1.764300715 -4.143872558 0.541361441 1.281260217
-0.972013659 2.696913378 -1.195792547 5.624145188
1.066195808 -3.010073033 -0.121090979 2.614980849
-0.130961658 0.820830915 -2.879149974 11.440769764
0.174725848 -0.340781593 0.270096527 -0.526366789
-0.051040205 0.440408008 -2.066322688 4.250974598
-0.140731492 0.503191907 -0.313102026 3.023720155
0.143980350 0.246951257 -0.364354762 3.069847616
-0.423876944 0.871594293 -0.056986829 2.731742883
-0.183572278 0.559198239 -0.098041273 2.785113657
-0.042512705 0.347608879 -0.577611786 3.504469427
-0.339241373 0.852047629 -0.365822446 3.144427539
-0.563407295 1.277962875 0.552648504 1.399332757
-0.653510981 1.467180608 -1.173076350 5.023354785
1.547081027 -3.594180906 1.998046160 -2.270226837
0.715337509 -1.514822112 0.828843249 0.652780442
1.574462128 -3.920371002 -0.204425405 3.545932624
-1.337555462 5.398085424 -1.486285764 7.647885832
-0.289267337 1.414590600 -0.984491318 5.741066960
-0.042333158 0.252944754 -1.872940175 4.176988419
0.018158109 0.210600867 -0.865204386 3.471573379
-0.158705972 0.369778536 -0.150008166 2.827896798
0.164297058 0.014475195 -0.049029606 2.716820380
-0.389785823 0.734782914 0.733629290 1.699363852
-0.184796855 0.427299463 -1.323805732 4.785516385
0.934518537 -1.475536758 1.327819107 0.277754032
-1.811691947 3.742263097 -1.567502582 5.778865173
-0.869830192 1.764353502 0.600559568 1.225934863
1.310479152 -3.250357885 -1.576104980 6.232263222
0.099798277 -0.223655698 1.715975875 -1.997938917
-0.236792759 0.718799187 -2.016983147 8.454346168
1.460373280 -4.712132220 -0.967163200 5.094922286
-0.611650347 3.161557463 -0.464595733 3.185165935
0.431980768 -0.201201799 -2.129141219 4.226953451
0.016293415 0.089779343 0.088549858 2.674569723
-0.276583442 0.353368507 -0.473747140 3.180637008
0.285100070 -0.264483370 0.076943663 2.574877111
-0.148164930 0.298761110 -0.258839069 3.011394647
-0.345470974 0.594720177 0.398027802 2.026094341
0.283911332 -0.475229774 -1.632770884 5.478452203
0.580001048 -1.037800227 -0.117067140 2.598615127
-1.440300151 3.204832098 0.505280374 1.291685406
1.257813124 -3.000828306 -0.128033131 2.748306437
0.108336277 -0.127136189 0.345837330 1.563630285
-0.848437681 2.551830847 0.409223340 1.386149461
0.286165363 -1.078898947 -2.475276983 10.616550630
0.101521987 -0.377254128 -0.282668712 2.284639305
0.257754341 -0.041588672 -1.660987238 3.984100034
-0.140947075 0.237502315 -0.513401062 3.180789724
0.031646296 0.082168285 0.042755594 2.680248748
-0.162778443 0.296035503 -0.521631427 3.301074484
0.068589395 -0.004742676 -0.322788877 3.042579178
0.735986802 -1.005838787 0.489667537 1.823894557
0.258319694 -0.193804679 -1.688794502 5.527280127
-0.904551844 2.015651216 -0.111717026 2.530832960
0.457092117 -0.843800973 0.516281005 1.212037156
1.030856200 -2.163458336 -0.875005513 4.411996081
-0.944039028 2.773779733 2.164502488 -3.186773922
0.670040053 -1.745641617 -0.392798688 3.973669248
0.109915850 0.046755859 -1.194522571 6.539185712
0.396842496 -1.043565381 -1.807510365 8.868539299
-0.009775572 -0.099349621 -2.035199525 4.259077967
0.323454869 -0.332610926 -0.744003102 3.355240486
0.009520666 -0.050070151 -0.148217643 2.819033587
-0.212397819 0.194040188 -0.159195718 2.831109471
0.459778064 -0.679788428 0.204925488 2.357751920
0.519771140 -0.769778042 -0.683437423 3.690296286
-0.501663603 0.966661071 -0.256940218 2.965251018
1.319638106 -2.493812134 -0.531051349 3.486062160
-1.227914156 2.856047373 -0.354244625 3.114768056
1.106496692 -2.513097467 1.359470759 -0.826777244
-0.447025718 1.370708559 -0.457767718 3.716318948
-0.605944958 1.815682425 -0.498246432 3.829659344
0.459181913 -1.592723615 -0.392117960 3.490048229
-1.252469886 4.911553141 -1.233381703 6.686850411
-1.239594742 0.387898139 -0.948003587 3.665391116
1.942828711 -1.839798240 -1.237200572 3.867829002
-0.264657896 0.146939654 -0.369926603 3.087282450
0.083088383 -0.235581261 0.102583207 2.567521649
0.136642796 -0.305201996 -0.425624746 3.254191962
0.274140006 -0.511447810 -0.578845601 3.484023245
1.084420342 -1.888924421 -1.454828306 4.973193884
-0.679260512 1.462069160 2.051027555 -1.687932167
0.082932262 -0.138535594 0.791706850 0.956641192
1.078398399 -2.428107660 -2.453032147 8.419540731
-0.267076882 0.935580544 -0.196872584 2.779141822
-0.258993761 0.912947805 1.302503633 -1.419111512
0.301099554 -0.879350832 -1.248167157 6.743035137
0.317237880 -0.940676470 -1.875000037 9.125000052
0.213033197 -0.375076293 -1.504228205 3.935415790
0.233146786 -0.389155805 -0.533082517 3.255613820
0.002315938 -0.181408047 0.018587108 2.759111170
0.302650441 -0.511776007 -0.569803919 3.406341314
0.089109370 -0.234172625 -0.564956530 3.400039709
0.595336396 -0.993513164 0.007212160 2.541786673
0.491718546 -0.817362815 -0.115172904 2.749841289
0.408534107 -0.659312382 -2.065206313 6.454904718
0.013039407 0.171226450 3.750436604 -5.757944852
2.424679267 -5.375545114 -1.312405750 5.886592321
-1.146734539 3.552989402 1.873971919 -2.079351852
-0.357545715 1.343260733 -1.998172522 8.762652398
1.640961853 -5.051963582 -1.471619840 7.077683791
-3.562946979 14.722889733 0.643088707 -0.958208587
0.274210142 -0.485498213 -2.060673360 4.259828152
0.088323807 -0.355377781 -0.207110656 2.962334281
0.021190191 -0.294957528 -0.035003415 2.807437769
-0.034712118 -0.233464987 -0.586483688 3.414066083
0.163095257 -0.490614565 0.119637222 2.496108932
1.128284653 -1.938398659 -1.185424045 4.453700834
0.514643348 -0.895208412 1.399022841 0.060141004
0.511498969 -0.889234092 -1.885959584 6.301607534
0.668881376 -1.219737131 0.421718258 1.455484284
0.119314016 0.044267770 2.887735870 -4.216356106
-0.631982487 1.922509027 -0.851582821 5.131940624
0.089874209 -0.098689686 -0.083751658 2.982013404
-0.079235894 0.442462652 -2.779966637 11.609901465
0.233728657 -0.746802629 -0.504808307 2.964299918
0.002022724 -0.000693162 -0.009521940 0.009658010
0.000701295 0.000231838 -0.003175247 0.005215325
0.000145886 0.000731707 -0.001185980 0.003424985
0.000093042 0.000789834 -0.000695910 0.002885908
0.000058363 0.000834917 -0.000820847 0.003048326
-0.000286481 0.001352183 -0.000319218 0.002295882
0.000443620 0.000111012 -0.000113079 0.001945446
0.000051665 0.000855726 -0.000201555 0.002113550
0.000196640 0.000551278 0.000327110 0.001003355
-0.000468185 0.002080377 -0.000413224 0.002706123
0.000180725 0.000458102 -0.000386161 0.002638465
0.000007386 0.000943450 0.000376211 0.000503823
-0.000149284 0.001444794 -0.000674568 0.003866318
0.000306374 -0.000286705 0.001493625 -0.004372819
0.000964531 0.000254944 -0.005539646 0.006636318
0.000006141 0.000925818 -0.002292321 0.004363191
0.000059879 0.000877453 -0.000983457 0.003185213
-0.000086335 0.001038289 -0.000827287 0.003013426
-0.000028721 0.000963391 -0.000525190 0.002620700
0.000242029 0.000557265 -0.000282954 0.002257346
-0.000042863 0.001041582 -0.000324599 0.002328142
-0.000258891 0.001452035 0.000217327 0.001298483
-0.000196804 0.001321652 -0.000595373 0.003005153
0.000042373 0.000771546 -0.000422777 0.002608183
0.000469532 -0.000296352 0.000677244 -0.000141871
-0.000340104 0.001970629 -0.000395233 0.002861067
0.000126482 0.000477553 0.000663030 -0.000525375
-0.000119589 0.001412624 0.000858970 -0.001269949
0.000248773 0.000842810 -0.004070916 0.005590566
0.000290377 0.000813688 -0.002011760 0.004149157
-0.000105411 0.001169897 -0.001141327 0.003365768
-0.000244300 0.001322675 -0.000883097 0.003081714
-0.000291891 0.001384543 -0.000445750 0.002513163
0.000002865 0.000942410 -0.000146021 0.002063571
0.000334294 0.000378980 -0.000261710 0.002260242
-0.000024454 0.001060600 -0.000276253 0.002287873
0.000163401 0.000666107 0.000214701 0.001256869
-0.000206957 0.001517928 -0.000197290 0.002204448
-0.000101481 0.001254239 -0.000096818 0.001953269
-0.000016556 0.001016449 -0.000530738 0.003168244
0.000038900 0.000838989 0.000799691 -0.001089127
0.001504531 -0.004730408 0.000660100 -0.000558683
-0.000107468 0.001191718 -0.004033525 0.005631038
-0.000142760 0.001216423 -0.002130778 0.004299115
-0.000112535 0.001189221 -0.001201338 0.003462620
-0.000005306 0.001071269 -0.000873161 0.003101624
0.000073324 0.000969049 -0.000540831 0.002669595
-0.000101132 0.001230734 -0.000203858 0.002164137
-0.000105237 0.001237711 -0.000422861 0.002536442
0.000025596 0.000989129 -0.000081456 0.001887772
-0.000328101 0.001731894 0.000263229 0.001163934
0.000308746 0.000267146 -0.001045993 0.004175144
-0.000025280 0.001102211 -0.000252487 0.002191380
-0.000045351 0.001158408 0.000443475 0.000242686
0.000318007 -0.000004335 0.000176015 0.001098559
0.000234833 0.000311725 0.001085040 -0.002355738
-0.000017448 0.001198178 -0.004227816 0.005795220
-0.000195188 0.001322596 -0.002017637 0.004248094
-0.000038683 0.001181742 -0.001323133 0.003623041
-0.000312851 0.001483326 -0.000837718 0.003089084
-0.000468959 0.001686267 -0.000540840 0.002703143
0.000379989 0.000412845 -0.000754063 0.003022977
-0.000146030 0.001307077 0.000221882 0.001363871
-0.000505876 0.001990785 -0.000529550 0.002791592
-0.000066959 0.001069060 -0.000521231 0.002774123
0.000452391 -0.000125445 0.000536024 0.000342434
0.000108169 0.000735109 0.000532677 0.000350802
-0.000649369 0.002856215 0.004995687 -0.012145625
0.001224457 -0.003140027 -0.002282069 0.011143193
0.000230356 0.000637554 0.000787706 -0.000521950
-0.000253622 0.001089411 -0.003963554 0.005517898
-0.000243997 0.001082673 -0.001808324 0.004009237
0.000042595 0.000824741 -0.001043802 0.003321167
-0.000024170 0.000898183 -0.000905745 0.003169305
0.000030941 0.000826538 -0.000676018 0.002870659
-0.000065471 0.000971156 -0.000303081 0.002311254
0.000003051 0.000854669 -0.000235380 0.002196162
0.000436378 0.000031347 -0.000266986 0.002256215
0.000208438 0.000510021 -0.000496984 0.002739210
-0.001205655 0.003762434 0.000680034 0.000032070
0.000409033 -0.000274284 -0.000241471 0.002335832
0.000421837 -0.000310136 0.000036794 0.001556688
0.000318369 0.000020962 0.000167713 0.001137749
-0.000652730 0.003711138 0.002781178 -0.008793420
-0.000299152 0.001146724 -0.003852180 0.005465506
-0.000028801 0.000957478 -0.001832442 0.004051690
0.000124254 0.000819729 -0.000958863 0.003265468
-0.000039771 0.001000157 -0.000798188 0.003088726
-0.000080139 0.001052636 -0.000859814 0.003168839
0.000043203 0.000867622 -0.000661181 0.002870889
-0.000182996 0.001252160 -0.000113818 0.001940373
0.000452622 0.000044486 0.000257822 0.001234258
-0.000506756 0.002059181 -0.000238952 0.002277482
0.000216704 0.000395223 0.000438160 0.000720124
0.000466159 -0.000228415 0.000083651 0.001606398
-0.000015899 0.001121346 -0.000714147 0.003840232
0.000506013 -0.000548770 0.000958567 -0.001512455
0.000154955 0.000785249 0.002337373 -0.006751916
0.000103777 0.000862663 -0.004273346 0.005685071
0.000153528 0.000827837 -0.001727105 0.003902702
0.000034104 0.000935319 -0.001012686 0.003259725
0.000033875 0.000935570 -0.000679917 0.002893679
-0.000005576 0.000986858 -0.000524196 0.002691242
0.000087555 0.000847160 -0.000594055 0.002796030
0.000137563 0.000762147 0.000021898 0.001748910
-0.000093012 0.001200239 -0.000622829 0.002973892
-0.000084724 0.001182834 0.000155259 0.001339907
-0.000106649 0.001233263 -0.000503875 0.002855915
0.000433303 -0.000116618 0.000505125 0.000333415
0.000091535 0.000840332 0.000532108 0.000257861
0.000205298 0.000476292 0.000059418 0.001770471
0.001311808 -0.003728445 0.000663526 -0.000525141
0.000210004 0.000815064 -0.006424494 0.007302458
0.000335303 0.000727355 -0.002087718 0.004266715
0.000163827 0.000881684 -0.001225964 0.003491136
-0.000183313 0.001263537 -0.000889770 0.003121322
0.000249976 0.000700262 -0.000549743 0.002679287
0.000070705 0.000969167 -0.000258891 0.002243010
-0.000117029 0.001288317 -0.000125106 0.002015575
-0.000013756 0.001092097 -0.000284432 0.002318296
0.000387797 0.000248835 -0.000122787 0.001978840
-0.000115976 0.001407513 0.000130369 0.001396582
0.000115561 0.000828671 0.000283983 0.001012547
-0.000498040 0.002546754 -0.000163935 0.002266718
0.000151617 0.000467853 0.000550928 -0.000020845
-0.000018244 0.001113323 0.001062593 -0.001965173
0.000771039 0.000446635 -0.011712726 0.011353378
0.000627302 0.000547251 -0.003055382 0.005293237
0.000108939 0.001013778 -0.001632009 0.004012201
-0.000160340 0.001309985 -0.001019426 0.003338361
0.000079335 0.000998408 -0.000571810 0.002756460
-0.000026966 0.001157859 -0.000505093 0.002656385
0.000637803 0.000027752 -0.000120423 0.002002445
-0.000430442 0.002057417 0.000115125 0.001554904
0.000141813 0.000855682 -0.001266150 0.004455580
-0.000496763 0.002324407 0.000979925 -0.000710390
0.000416651 0.000040873 -0.000550756 0.003116312
-0.000115864 0.001531914 -0.000619596 0.003309063
-0.000047589 0.001313435 0.001016571 -0.001926672
0.000034964 0.000999731 0.000784871 -0.001046212
0.001231664 -0.001764800 -0.009509188 0.010206528
0.000696438 -0.001390142 -0.003352269 0.005896684
0.000331775 -0.001061945 -0.001080190 0.003851813
0.000159815 -0.000872790 -0.000818722 0.003564199
0.000183051 -0.000902996 -0.000506284 0.003158029
-0.000119129 -0.000449726 -0.000452165 0.003076851
0.000025800 -0.000696105 -0.000234294 0.002706470
-0.000235413 -0.000199802 -0.000347899 0.002922319
0.000673346 -0.002108194 -0.000549478 0.003345635
-0.000129269 -0.000262180 0.001213955 -0.000710262
0.000367431 -0.001503929 -0.000464707 0.003486394
-0.000138970 -0.000086009 -0.000527920 0.003663391
0.000172691 -0.001083324 0.000896418 -0.000894492
-0.000508486 0.001505149 -0.001041546 0.006469773
0.000631520 -0.001289698 -0.005760966 0.007277322
0.000354536 -0.001095809 -0.002152969 0.004751724
0.000193515 -0.000950890 -0.001092241 0.003797068
0.000043839 -0.000786247 -0.000942785 0.003632667
0.000283930 -0.001098365 -0.000626298 0.003221234
-0.000191572 -0.000385112 -0.000152984 0.002511262
-0.000206297 -0.000360080 -0.000597361 0.003266704
0.000687172 -0.002057671 0.000093803 0.001953493
0.000065016 -0.000751144 -0.000318130 0.002818552
-0.000307930 0.000106632 -0.000621094 0.003515369
0.000344516 -0.001524482 0.000458798 0.000815638
0.000148488 -0.000975603 0.000479409 0.000757929
-0.000369601 0.000682279 -0.000386450 0.003528678
0.000211756 -0.001526876 0.001875444 -0.005066521
0.000354346 -0.001143985 -0.004015146 0.006030487
0.000011012 -0.000903652 -0.001975166 0.004602501
0.000164499 -0.001041790 -0.001443387 0.004123899
0.000329183 -0.001222942 -0.000529973 0.003119144
0.000037104 -0.000843240 -0.000713931 0.003358289
0.000797536 -0.001983888 -0.000815900 0.003511243
0.000001364 -0.000630395 -0.000177936 0.002426705
-0.000853280 0.000993429 -0.000168426 0.002408636
0.000961229 -0.002817041 0.000502738 0.000999190
-0.000367133 0.000238192 0.001029854 -0.000213176
0.000397308 -0.001672910 -0.001256057 0.005501602
-0.000667598 0.001308825 -0.001330094 0.005708904
-0.000137926 -0.000386123 0.001196310 -0.002375587
0.000684842 -0.003512643 0.002058113 -0.005650440
0.000100066 -0.000965245 -0.003990308 0.005979202
0.000058274 -0.000935991 -0.002152184 0.004692516
0.000024922 -0.000905974 -0.001258624 0.003888312
0.000204929 -0.001103982 -0.000633362 0.003200524
0.000167580 -0.001055428 -0.000579684 0.003130742
0.000322795 -0.001288251 -0.000409055 0.002874799
0.000346349 -0.001328293 -0.000609525 0.003215598
-0.000103411 -0.000473749 -0.000096344 0.002240554
-0.000030052 -0.000627802 -0.000401880 0.002882178
-0.000512010 0.000480701 0.000348070 0.001157294
0.000129266 -0.001122489 0.000223149 0.001469597
0.000454572 -0.002033345 -0.000134748 0.002471708
0.000308527 -0.001566000 0.002539987 -0.006087444
-0.000256820 0.000582318 0.000544366 0.001495915
0.000133754 -0.001099240 -0.003801947 0.005888690
-0.000002229 -0.001004052 -0.002058850 0.004668523
-0.000026963 -0.000981791 -0.001271937 0.003960301
0.000183904 -0.001213745 -0.001007654 0.003669589
0.000178335 -0.001206505 -0.000950208 0.003594910
0.000306007 -0.001398013 -0.000437513 0.002825867
0.000064669 -0.000987739 -0.000344113 0.002667087
-0.000297164 -0.000300255 0.000541965 0.000983539
0.000226506 -0.001399964 0.000327385 0.001434155
0.000648004 -0.002369409 -0.000583581 0.003529377
0.000009203 -0.000772406 0.000512501 0.000789172
-0.000415041 0.000415478 -0.000311867 0.003097405
-0.000016011 -0.000861418 -0.000116715 0.002472918
0.002592251 -0.010772816 0.002463250 -0.007330949
0.000471191 -0.000875888 -0.004084312 0.005922948
0.000036095 -0.000571321 -0.001788038 0.004315556
-0.000311403 -0.000258572 -0.000844779 0.003466623
-0.000003899 -0.000596826 -0.001066833 0.003710882
0.000118597 -0.000756072 -0.000444946 0.002902429
0.000300880 -0.001029495 -0.000550153 0.003060240
0.000027236 -0.000564301 0.000091571 0.001969308
0.000070820 -0.000647111 -0.000149476 0.002427298
0.000278385 -0.001082997 -0.000350125 0.002848660
-0.001198629 0.002314136 -0.000125461 0.002331933
0.001456044 -0.004322547 0.000384268 0.001057612
0.001786150 -0.005246844 0.001582226 -0.002296671
-0.000501754 0.002074447 0.000122873 0.002373259
0.001106470 -0.004036804 0.001449780 -0.002668988
0.000429974 -0.000886984 -0.003606341 0.005571792
-0.000335851 -0.000350907 -0.002060770 0.004489893
-0.000126576 -0.000539254 -0.000635013 0.003206711
-0.000007358 -0.000670394 -0.001016200 0.003626017
0.000213289 -0.000957234 -0.000196291 0.002560136
0.000104546 -0.000794121 -0.000731108 0.003362360
-0.000092249 -0.000459568 0.000059317 0.002018638
-0.000366105 0.000060759 -0.000223204 0.002555429
0.000535743 -0.001833122 0.000162168 0.001746148
-0.001452278 0.002739324 -0.001244030 0.004980401
0.001321376 -0.004194809 0.000652631 0.000238750
-0.000332492 0.000436020 -0.000165704 0.002530089
0.000572604 -0.002460288 0.002220899 -0.005107042
0.001200214 -0.004845206 0.000834532 0.000161151
0.000428250 -0.001084939 -0.004245695 0.005906683
-0.000080054 -0.000729126 -0.001873276 0.004245990
-0.000087778 -0.000722174 -0.000686224 0.003177643
0.000283419 -0.001130491 -0.000840801 0.003347677
-0.000103989 -0.000626860 -0.000375961 0.002743385
0.000006394 -0.000792435 -0.000855148 0.003462167
0.000431360 -0.001514877 -0.000297523 0.002514204
-0.000632705 0.000506847 0.000414726 0.001160931
0.000000900 -0.000823725 -0.000582189 0.003254452
-0.000149421 -0.000477986 -0.000704974 0.003536857
0.000456472 -0.001992719 0.000520416 0.000473383
0.000038368 -0.000822028 0.002698242 -0.005624531
0.000388281 -0.001941749 -0.001604125 0.008143045
0.000134860 -0.000978748 0.001390271 -0.003235659
0.000119911 -0.001110338 -0.005983891 0.007143648
0.000105879 -0.001100515 -0.002043732 0.004385537
-0.000080360 -0.000932900 -0.000755790 0.003226390
0.000233055 -0.001277658 -0.000788385 0.003262243
0.000289994 -0.001351677 -0.000630461 0.003056943
-0.000076515 -0.000801915 -0.000314139 0.002582459
-0.000222239 -0.000554183 -0.000529481 0.002948541
0.000801873 -0.002499996 0.000303362 0.001366140
-0.000126216 -0.000551010 -0.000619775 0.003304726
-0.000406931 0.000094635 0.000623749 0.000444622
0.000111757 -0.001202084 -0.000085048 0.002216614
-0.000380589 0.000176483 0.000382378 0.000907821
0.000362604 -0.002201733 0.001957738 -0.004133331
0.000229916 -0.001697518 -0.000042412 0.003467242
0.000603500 -0.001547145 -0.010298448 0.010436850
-0.000008223 -0.001118939 -0.003055759 0.005366968
0.000034681 -0.001157552 -0.001120188 0.003624953
0.000125110 -0.001257024 -0.000756488 0.003224884
0.000237731 -0.001403432 -0.000652786 0.003090071
-0.000067147 -0.000946115 -0.000379534 0.002680193
0.000203148 -0.001405616 -0.000446240 0.002793593
-0.000557637 0.000039874 -0.000169217 0.002267249
0.001322087 -0.003907544 0.003405656 -0.005239983
0.001828975 -0.005073388 0.001521126 -0.000905565
-0.001366780 0.002916000 -0.003379697 0.011346493
0.000146850 -0.001322165 0.002588113 -0.005363373
0.000742980 -0.003229779 0.000134654 0.002487694
-0.000173480 0.000252768 0.000000775 0.002996434
0.141351827 -0.703277532 -1.661216120 4.006672551
-0.120326586 -0.520102646 -0.228981985 3.004108674
0.261084673 -0.863372770 -0.427142280 3.182452934
-0.148444527 -0.412890641 0.201265884 2.491203939
-0.313064977 -0.198884063 -0.706189702 3.670896158
-1.091442742 0.968682584 0.621886105 1.678782447
0.268211461 -1.342729625 -0.140100768 2.974160167
-0.579515009 0.267950647 -0.988732930 4.586561255
0.276425415 -1.529524162 -0.736566606 4.057012000
-2.603604471 5.094544438 2.274902517 -2.869366840
-0.631574493 0.164469493 -2.740284640 9.668601052
0.663724979 -3.462368967 1.237817410 -1.470084497
-0.547029463 0.412045306 -1.215732688 6.381275933
0.000000000 -1.666666627 0.298135298 0.628577656
0.160278091 -0.682369595 -2.050125721 4.216015638
-0.393505418 -0.294721145 -0.246331706 2.953359850
-0.317288562 -0.363316314 0.350766098 2.415971840
0.366686714 -1.115689133 -0.595380281 3.456732879
0.089288929 -0.755072025 -0.701953005 3.595277416
-0.966848799 0.829134566 -0.286889008 2.972681420
0.975082865 -2.472149356 0.416838080 1.776345337
-1.679458921 2.571479975 -0.555026730 3.622888452
-0.944339706 1.027729693 2.211932609 -2.187725894
0.971615679 -3.378967600 -3.424260992 10.775519118
0.357376990 -1.843370878 1.915386822 -2.573600418
-1.907300345 4.497725553 -1.116785737 5.916482603
0.444153221 -3.026925970 -3.071280809 12.170866926
1.175018992 -5.804215865 0.000000000 0.500000000
0.108382112 -0.664539579 -1.542800757 3.939876245
-0.659924189 -0.126725177 -0.331813117 3.092184911
0.520711417 -1.189297194 0.016026493 2.779129271
-0.367749763 -0.211989875 -0.964788544 3.858025834
0.215097615 -0.969691438 -0.025292629 2.636681190
-0.946936382 0.773359556 0.149551594 2.374414855
0.506872716 -1.698115979 -0.134482432 2.857272713
-0.367445779 -0.036910859 -0.254544111 3.085389900
-0.456832836 0.150801953 -0.650678718 3.917272538
-0.881268172 1.127003204 -0.208140562 2.899434800
1.509092094 -4.848897461 1.846732592 -2.237748085
-1.220512397 2.793994984 -0.345180548 3.899608604
2.447669895 -8.944188526 -3.597969091 14.308532094
-1.182810288 4.851635995 0.164422626 0.011443749
-0.078399782 -0.635515151 -1.967599509 4.196389019
-0.252708808 -0.513498835 -0.282439010 3.016776689
0.099028623 -0.830062515 -0.164136847 2.910304746
0.128264175 -0.862221622 -0.596937155 3.386385094
0.426535505 -1.249974337 -0.325583142 3.033624890
-0.656678520 0.374846700 -0.404360198 3.151790474
0.352717764 -1.341127031 0.554295977 1.522074932
0.103542246 -0.867693552 0.956640586 0.757620184
0.533159546 -1.769889842 -2.793018152 8.631903176
-0.841749408 1.392400687 1.814258858 -1.964833728
0.230645773 -1.288587264 1.085488969 -0.142909004
-0.463628062 0.655379441 -0.859923754 5.304246526
-0.657870278 1.276954540 -1.056299576 5.932649167
2.664436559 -11.347811281 -1.510167659 7.657347860
0.498684078 -1.021067277 -2.105608112 4.221479240
-0.026192667 -0.653653561 0.316152591 2.526246777
-0.060918019 -0.622400745 -0.804449128 3.534788298
0.392261288 -1.120897993 0.239626255 2.386305351
-0.368254693 -0.132227254 -0.094240881 2.820332613
0.025447899 -0.722781142 0.160042009 2.438908277
-0.081184535 -0.541505999 -1.207236483 4.763281779
0.011424724 -0.717463590 0.242297736 2.009166797
0.363631162 -1.457097075 0.749758303 0.943499654
-0.985394779 1.645662525 -0.966659554 4.891260644
-0.714876964 0.969367987 1.725627061 -1.839455893
3.276989498 -10.207857917 -4.635658649 15.972143791
-1.500917961 5.081446181 -1.063393325 4.540894583
-1.054244477 3.384086961 0.000000000 0.500000000
0.172970305 -0.857963090 -1.504322380 3.864267990
0.184391152 -0.865957683 -0.370700381 3.070732605
0.229083841 -0.906181102 -0.496355177 3.183821917
0.168074728 -0.839071076 -0.221499284 2.881480429
-0.408478580 -0.089551804 -0.202398252 2.856649088
0.946069730 -2.121374269 0.316191836 2.078763956
0.004128815 -0.520074668 -0.897226654 4.141575448
-0.219253380 -0.095648503 1.262257551 0.038555510
1.157677792 -2.987203832 -1.703137945 6.265885768
-1.628704577 3.421475483 -0.952617895 4.539689688
1.104646302 -3.411901714 2.131061893 -3.169509781
-0.114068287 0.000499078 0.244658531 2.112419542
-0.350972023 0.758591043 -2.301400272 10.259807834
-0.701535907 2.090733788 -1.268108637 6.333299670
0.769876586 -1.269245141 -1.768912182 4.096732550
0.089106267 -0.792705926 -0.643035212 3.308618684
0.418921609 -1.089539726 -0.532324187 3.208978764
0.055246373 -0.689496957 -0.151778514 2.790378515
-0.461478421 -0.017754750 0.515187856 1.923322266
1.131874202 -2.407783685 -0.511239645 3.462963517
-0.838637801 0.942086814 1.068035746 0.778195277
0.309874526 -1.240086580 0.412953048 2.022852388
0.761245159 -2.187964865 -2.614572617 8.380655995
-0.552132445 0.832803561 0.025979274 2.307386771
0.703469627 -2.306201618 1.961516056 -2.531455184
0.603697044 -2.026838392 -2.095054485 8.826942137
0.791254443 -2.627022076 -0.890113058 4.971129515
1.295776742 -4.544206791 -1.089490419 5.728763477
0.476968019 -1.089308962 -1.793433535 4.040529901
0.356628916 -1.005071591 -0.164717446 2.900428658
0.128315955 -0.799589931 -0.205688428 2.937302540
0.217941183 -0.898177685 -0.594681714 3.365195165
0.254039406 -0.945105372 -0.001556873 2.594132900
-0.025355512 -0.526012996 -0.408488415 3.204530212
1.031822782 -2.323216146 0.148251110 2.258072994
-0.689767697 0.947805723 0.560561619 1.474683036
0.179042773 -0.876696182 -3.060964808 9.079888188
0.113892528 -0.726850621 3.284348658 -5.514332483
0.405348107 -1.455489568 0.861136255 0.543698525
-2.434041590 6.494801449 -1.005186795 5.769402977
4.806633958 -16.675360652 -1.027126277 5.839609320
-2.567917038 11.347932783 -1.795662003 8.760045045
0.773890363 -1.237937026 -1.642032960 3.990146567
0.334988554 -0.930705766 -0.412923122 3.129769695
0.243212821 -0.848107608 0.079224091 2.686837215
0.273701050 -0.881644661 -0.328692315 3.135545272
-0.507811187 0.134321210 -0.509555218 3.370667037
1.418445070 -2.755063176 -0.021268124 2.638236396
0.604475580 -1.371315004 0.053100605 2.511809553
-0.983937213 1.646669266 -1.860728929 6.148085622
2.413202545 -5.487323902 1.543218722 -1.000204120
-0.893647532 2.118431117 -1.356935178 5.670149710
0.970403061 -2.541695364 0.875690123 0.088586459
-1.733283583 5.028627110 -1.608667884 7.044788760
0.774704360 -2.996934428 0.171580938 1.347992444
-0.540770637 2.001870495 -1.875000112 9.125000335
0.827102114 -1.211674000 -1.288468915 3.749554672
0.086502140 -0.693254026 -0.475841789 3.180715694
0.324566585 -0.907512021 0.191363051 2.580231355
0.408704874 -1.000064141 -0.476045779 3.314381083
-0.188628241 -0.223531120 -0.473489648 3.311058114
0.939054563 -1.915055327 -0.095002629 2.743327584
1.043462195 -2.092548306 0.822477635 1.183611092
-0.399000750 0.648131256 -1.560849510 5.711932610
0.410699597 -1.052239397 -0.512593862 3.510595851
0.218183383 -0.609452114 -0.152825081 2.683127670
0.772397964 -1.994988565 0.561729361 0.896741564
2.154878721 -5.865934619 0.135024158 2.091516114
1.061648895 -2.367599124 -1.800753363 8.286004274
-1.320642461 6.685107914 0.696073067 -1.201936042
0.013950766 0.592728704 -1.169557641 3.688262021
0.068200533 0.554753868 -0.179066669 2.994918352
0.073238296 0.550219881 -0.550665724 3.329357493
-0.427387808 1.100908607 -0.182999438 2.924924569
0.198987377 0.286620897 0.234335605 2.382389033
-0.426031548 1.224149283 -0.892516162 4.072666683
-1.534010199 3.107713044 -0.403981353 3.242157486
0.716231945 -1.167746976 1.497196495 -0.370080380
-0.441992326 1.264523883 -2.545961727 8.120551499
-1.540228804 3.790467730 4.446230067 -7.961489292
-1.680712669 4.141677392 -1.898482148 7.900291244
2.280978836 -6.951058634 -0.756239115 4.702010806
-0.163000053 0.869673929 -0.470076079 3.786289079
0.322010350 -0.973365581 -1.096112793 6.165228563
0.232301070 0.375724637 -1.690061193 4.034866145
-0.091836756 0.602621111 -0.554727349 3.240132468
-0.073394162 0.586022777 -0.716893502 3.386082001
0.060344360 0.438910400 0.229609095 2.344929122
-0.287865630 0.891583370 0.345507778 2.194260840
-0.297787566 0.906466273 -0.928454178 4.105203773
-0.877278165 1.891600320 -0.698931467 3.715015154
-0.044351161 0.309039033 1.202354861 0.102571176
-0.851368459 2.003775281 0.234039966 2.136032363
0.471194554 -1.038119585 -0.160672626 3.043871307
0.205498619 -0.373879748 -1.351008630 6.019711316
0.069186075 0.007795368 0.056870566 2.077649634
-0.859145485 2.978456404 -0.432725816 3.644358081
2.441203926 -9.562871200 0.000000000 2.000000000
-0.187555563 0.557286298 -2.048702362 4.246923031
-0.272527502 0.616766655 -0.330292006 3.044035802
-0.208996783 0.559589008 -0.251482665 2.973107397
-0.038638576 0.372194977 -0.404093410 3.140979220
0.475854313 -0.296645754 -0.335541884 3.051862239
-0.355715071 0.950708322 0.147165025 2.327801876
-0.532160592 1.250665716 -0.985328311 4.253040602
-1.001402312 2.142224972 0.578735082 1.281320192
-0.057749660 0.160554494 0.693000390 1.041363056
-0.248021601 0.598179950 -2.209500740 7.717115516
0.042038619 -0.126970602 -0.550424345 3.569424530
0.126438597 -0.363290536 1.171059925 -1.250731346
0.031540399 -0.059616296 -0.828852388 5.148988152
0.991189776 -3.706283885 -0.333912094 3.268215060
0.021824540 0.251273214 -1.866881959 4.178011473
-0.095484262 0.333389374 -0.520395072 3.235470668
-0.412472984 0.618679217 -0.207898567 2.954223822
0.030049394 0.131904590 -0.062222503 2.793980148
0.099128834 0.042101322 -0.934194104 3.927543187
-0.369734005 0.745395580 -0.363161477 3.070994247
0.454070358 -0.655071877 -0.448661011 3.216343459
-1.200798025 2.489178011 1.957419619 -1.355209680
0.842904210 -1.802596488 -0.084856728 2.933570454
-0.393422134 1.040954044 1.326284092 -0.312053367
-0.366441653 0.973502844 -1.154558047 5.890051983
1.322442183 -3.755371817 -1.900401854 7.978414607
-0.038948910 0.601079744 -0.549179602 3.654503333
1.414248692 -4.921071074 -0.168771605 2.208952964
0.072276541 0.021582775 -1.687829595 3.993552974
-0.208937706 0.218432744 -0.216392292 2.963546879
0.294521399 -0.234680439 -0.739525380 3.434366646
0.007717612 0.080803734 -0.256961676 2.903546560
0.162478647 -0.120385604 -0.554444658 3.290274422
0.379589855 -0.446052416 0.148848260 2.235335046
-0.993673923 1.888496072 -0.496522366 3.332465140
0.792828103 -1.505857735 1.899268114 -1.219536715
-0.664584171 1.554707901 -0.101902461 2.982921301
-0.676339489 1.581745133 -0.491229179 3.878372734
0.381260413 -1.062254624 -1.578764372 6.597210717
0.065130557 -0.177091042 0.646823490 0.365564809
-2.093148918 6.729403382 -3.225667195 12.757535186
2.526763232 -10.826262568 0.164179439 -0.123881861
0.061486851 0.060589420 -1.794316876 4.042066628
0.313514937 -0.115830237 -0.332897921 3.019073377
-0.252402141 0.393495120 -0.198527527 2.898140025
0.271634259 -0.182944933 -0.086220534 2.774602330
-0.163823700 0.383150392 -0.322958154 3.082361225
0.037965393 0.080466753 -1.222092814 4.431063215
0.415910482 -0.562039916 0.473790338 1.548061775
0.357468182 -0.450999546 -0.241775599 2.907637039
0.390483495 -0.520331701 -0.161565504 2.739195847
-1.344578169 3.470310043 0.351385986 1.559407444
1.439099292 -3.488883610 2.039605306 -2.661140855
-1.282053629 4.130344439 -2.927993136 11.248134545
0.028532897 -0.063532506 0.202406081 1.230856902
0.653266485 -2.437520110 0.000000000 2.000000000
0.498527223 -0.349977848 -1.746509179 4.104721598
-0.016919278 0.010834696 -0.548057589 3.265805499
0.283907675 -0.259909554 -0.446956051 3.174814118
0.129016442 -0.089529194 0.229507767 2.430703902
-0.645772959 0.917696990 -0.626126379 3.543028250
0.194577365 -0.342828496 -0.723473853 3.689049462
0.693602451 -1.191171166 -0.337387444 3.032702548
-0.427577444 0.939070608 -0.097426211 2.576776211
1.930818116 -4.013559843 -0.531983249 3.489345949
-1.850036780 4.682406237 0.703478884 0.647783103
1.563052945 -3.850318074 0.117398122 2.112985008
-1.611013680 5.037068325 -1.055181967 5.396209200
-2.580818907 8.140445096 -2.396509035 9.688455882
0.464612571 -3.432194376 1.313482452 -4.409511592
0.460567390 -0.439664143 -2.071936254 4.238016906
0.078388383 -0.172138842 0.033622982 2.764125465
-0.074723047 -0.034338559 -0.537081829 3.277759782
0.389754427 -0.545263792 -0.229644858 2.939579106
-0.357373756 0.426002810 -0.344130911 3.088410970
0.387029127 -0.690601514 0.094227768 2.430872951
1.187522706 -2.051440636 -1.404853370 4.979310957
-0.263614302 0.705719644 0.622344240 1.127635548
0.382793454 -0.651736583 1.534444920 -0.787775794
-2.108448018 5.078118684 -2.916604777 9.449638297
-0.140807800 0.159018140 1.892559829 -2.573273219
1.418379989 -4.206707596 -3.123901934 11.472819478
0.585230980 -1.540630726 0.872778237 -1.316557257
0.492476105 -1.188162206 -1.875000112 9.125000335
0.178475167 -0.318378595 -1.833443751 4.121498401
0.073996936 -0.245243835 -0.513788492 3.197739736
-0.044020925 -0.139027762 -0.246187390 2.956898750
0.332317024 -0.552999516 -0.061600230 2.753852870
-0.048126194 -0.058423350 0.175993401 2.444981161
0.608772565 -1.043771489 -0.502272725 3.462380349
-0.034461844 0.049727037 -1.580356925 5.295123540
0.790913379 -1.518485866 -0.667143107 3.560017308
-0.026744970 0.198596588 2.874969751 -3.878419355
0.128076344 -0.157492427 -1.073616487 5.203328804
2.028336698 -4.908143313 -0.641001962 4.121792492
-1.177580225 4.068423919 -0.817467375 4.615895640
0.023212139 0.225888299 0.000000000 2.000000000
-1.201446053 4.879589370 -1.286697539 6.889450586
0.299079585 -0.483466202 -1.768378125 4.079663449
-0.003064871 -0.271965086 -0.695894998 3.328925273
-0.186376229 -0.106984868 -0.392364170 3.055747535
0.892222992 -1.293444037 -0.266758299 2.917581073
0.153785423 -0.333475233 0.179718690 2.337161009
0.086012425 -0.231815736 -0.303267168 3.061639797
0.088391559 -0.235860264 0.181237524 2.237981797
1.764485126 -3.420438001 1.298035847 0.116065009
-0.834766837 2.037990873 -4.209699819 11.682309383
1.376604519 -3.048163141 -0.113350126 2.260705284
0.283289100 -0.314874593 3.699927918 -7.272489826
0.448943195 -0.778706051 -1.411588451 7.039755765
0.205944015 -0.001108662 -0.871121227 5.310260622
-0.734143171 3.571222597 0.000000000 2.000000000
