0.000358844 0.000556860 -0.009586057 0.009731272
0.000329774 0.000577209 -0.002886821 0.005041807
0.000094178 0.000789246 -0.001406392 0.003709421
0.000039023 0.000849916 -0.000884042 0.003134836
0.000070838 0.000808556 -0.000543908 0.002692661
0.000103961 0.000758871 -0.000460474 0.002567510
-0.000053427 0.001026432 -0.000206264 0.002135353
0.000019521 0.000887830 -0.000102953 0.001939062
-0.000015833 0.000962075 -0.000119659 0.001974145
-0.000102425 0.001161235 -0.000109422 0.001950600
0.000082380 0.000699223 0.000063143 0.001519189
0.000081649 0.000701269 0.000098472 0.001420265
0.000000600 0.000960626 0.000109061 0.001386381
0.000107025 0.000556213 0.000228595 0.000932153
0.000234064 0.000778348 -0.005387402 0.006582013
0.000063074 0.000898042 -0.002153042 0.004317961
-0.000003867 0.000958288 -0.001228059 0.003485476
0.000049829 0.000899223 -0.000826660 0.003043937
0.000053324 0.000894679 -0.000559914 0.002697168
-0.000009918 0.000989542 -0.000355413 0.002390416
-0.000016276 0.001000351 -0.000208682 0.002140973
0.000053905 0.000867006 -0.000034166 0.001809392
0.000094066 0.000782669 -0.000099395 0.001946373
0.000032939 0.000923262 0.000007974 0.001699425
-0.000004023 0.001015667 0.000007490 0.001700635
0.000032101 0.000914519 0.000057253 0.001561298
0.000043478 0.000878113 0.000260932 0.000909524
0.000016999 0.000978733 0.000246609 0.000963952
0.000265595 0.000840157 -0.003912020 0.005540783
0.000045045 0.000994542 -0.001999060 0.004201711
-0.000096530 0.001121959 -0.001192696 0.003475984
-0.000064935 0.001087204 -0.000871492 0.003122660
0.000003518 0.000998215 -0.000614680 0.002788804
0.000008299 0.000991044 -0.000317085 0.002342411
-0.000089536 0.001157364 -0.000249675 0.002227815
0.000050731 0.000890855 -0.000128251 0.001997109
-0.000041953 0.001085491 -0.000182763 0.002111584
0.000010995 0.000963711 0.000012352 0.001662819
0.000018736 0.000944359 0.000092236 0.001463109
0.000156955 0.000557346 0.000014595 0.001680503
0.000045570 0.000913779 0.000213480 0.001044073
0.000169220 0.000443908 0.000281498 0.000785604
0.000174817 0.000963993 -0.003902655 0.005590424
-0.000007222 0.001091420 -0.002014769 0.004268903
-0.000108730 0.001182778 -0.001278638 0.003606386
-0.000081033 0.001152311 -0.000901504 0.003191539
0.000025340 0.001014026 -0.000618617 0.002823785
-0.000049871 0.001126842 -0.000366275 0.002445272
0.000046229 0.000963473 -0.000239006 0.002228915
-0.000006573 0.001063796 -0.000089913 0.001945639
0.000008233 0.001032703 -0.000259969 0.002302756
-0.000303780 0.001750335 0.000072854 0.001537263
0.000207813 0.000471351 -0.000032906 0.001801662
0.000083723 0.000818803 0.000031253 0.001622016
-0.000005110 0.001103068 0.000166464 0.001189344
0.000076149 0.000794286 0.000315552 0.000622808
0.000454474 0.000812566 -0.004152499 0.005822925
-0.000023644 0.001147248 -0.002205446 0.004459988
-0.000191042 0.001297906 -0.001351919 0.003691814
-0.000151572 0.001254490 -0.000864177 0.003155297
-0.000079943 0.001161372 -0.000690603 0.002929652
-0.000004011 0.001047474 -0.000359675 0.002433259
-0.000058382 0.001139905 -0.000162762 0.002098507
0.000007169 0.001015358 -0.000291036 0.002342228
0.000062624 0.000898901 -0.000146638 0.002038993
0.000073491 0.000873909 -0.000036878 0.001786544
0.000123847 0.000748017 -0.000003520 0.001703148
-0.000040655 0.001208623 0.000130586 0.001327653
0.000002367 0.001070953 0.000094023 0.001444652
0.000167754 0.000442484 0.000551757 -0.000294736
-0.000126041 0.000979555 -0.003928258 0.005579605
-0.000133187 0.000984558 -0.001886115 0.004150105
0.000001131 0.000863671 -0.001320464 0.003641019
0.000011284 0.000852504 -0.000816210 0.003086340
-0.000004777 0.000873382 -0.000639142 0.002856152
0.000035460 0.000813027 -0.000372226 0.002455778
0.000035059 0.000813709 -0.000185925 0.002139066
0.000053783 0.000778133 -0.000148325 0.002067625
0.000034910 0.000817766 -0.000108127 0.001983210
-0.000049802 0.001012603 -0.000060052 0.001872637
0.000040420 0.000787050 0.000012576 0.001691068
0.000135794 0.000520001 0.000049866 0.001586654
0.000049866 0.000794972 0.000144906 0.001282529
0.000121656 0.000522169 0.000431815 0.000192271
-0.000114614 0.001026692 -0.003723424 0.005432730
-0.000104591 0.001019676 -0.001793798 0.004081992
0.000002874 0.000922957 -0.001228312 0.003573054
-0.000060087 0.000992214 -0.000919550 0.003233416
-0.000014130 0.000932471 -0.000574473 0.002784815
-0.000053540 0.000991585 -0.000464631 0.002620053
0.000106807 0.000718995 -0.000184452 0.002143748
0.000029039 0.000866755 -0.000165894 0.002108488
0.000001030 0.000925573 -0.000152367 0.002080081
0.000078263 0.000747938 0.000152809 0.001378177
0.000089654 0.000719460 -0.000030866 0.001837365
-0.000027724 0.001048119 -0.000023987 0.001818103
0.000124379 0.000561389 0.000266163 0.000889623
0.000097693 0.000662796 0.000529349 -0.000110483
-0.000002201 0.000946603 -0.004205798 0.005709064
0.000098352 0.000876216 -0.001730408 0.003976291
0.000066917 0.000904508 -0.001112813 0.003420455
0.000034175 0.000940523 -0.000818943 0.003097198
0.000002959 0.000981104 -0.000495764 0.002677066
0.000023363 0.000950498 -0.000347598 0.002454817
0.000134303 0.000761902 -0.000225511 0.002247269
0.000042784 0.000935786 -0.000089533 0.001988910
-0.000015602 0.001058398 -0.000129233 0.002072280
0.000005910 0.001008919 0.000061971 0.001632511
0.000066807 0.000856677 0.000004627 0.001775873
0.000035270 0.000944981 0.000119803 0.001453378
0.000071651 0.000828564 0.000099002 0.001519942
0.000089518 0.000760669 0.000559287 -0.000229140
-0.000017628 0.001004121 -0.006493035 0.007402647
0.000238348 0.000824938 -0.002059386 0.004299093
0.000098097 0.000951163 -0.001212941 0.003537293
-0.000011891 0.001072150 -0.000903572 0.003196987
0.000023205 0.001026526 -0.000554638 0.002743373
-0.000018092 0.001088471 -0.000310139 0.002376624
0.000103708 0.000881411 -0.000218358 0.002220596
-0.000031930 0.001139124 -0.000184763 0.002156767
0.000044371 0.000978891 -0.000060290 0.001895372
0.000030939 0.001009784 0.000146059 0.001420769
0.000074524 0.000900821 -0.000011608 0.001814938
-0.000004704 0.001122662 0.000072155 0.001580401
0.000023444 0.001032587 0.000166305 0.001279122
0.000140140 0.000589140 0.000481379 0.000081840
0.000026293 0.001029762 -0.011586045 0.011315428
0.000359139 0.000796770 -0.003105990 0.005379389
0.000155177 0.000980336 -0.001636846 0.004057159
-0.000083641 0.001243036 -0.000989146 0.003344690
-0.000026530 0.001168791 -0.000645497 0.002897946
0.000113490 0.000958761 -0.000462769 0.002623854
0.000008700 0.001136904 -0.000170068 0.002126263
0.000068788 0.001022737 -0.000226900 0.002234243
-0.000056289 0.001285398 0.000000815 0.001756042
-0.000039472 0.001246721 0.000090920 0.001548801
0.000037211 0.001055013 -0.000078280 0.001971799
0.000057128 0.000999245 0.000138688 0.001364289
-0.000023214 0.001256340 0.000049510 0.001649660
0.000099125 0.000791450 0.000355383 0.000487342
0.000691995 -0.001373809 -0.009338616 0.010157901
0.000552509 -0.001276169 -0.003020928 0.005735519
0.000398387 -0.001137459 -0.001441552 0.004314081
0.000127980 -0.000840011 -0.000965487 0.003790410
0.000186458 -0.000916032 -0.000665681 0.003400662
0.000100876 -0.000787659 -0.000475100 0.003114790
0.000108027 -0.000799816 -0.000233959 0.002704850
0.000066201 -0.000720346 -0.000153044 0.002551112
0.000032292 -0.000649139 -0.000078743 0.002395080
0.000083571 -0.000767080 -0.000011304 0.002239970
0.000141447 -0.000911770 -0.000054992 0.002349188
-0.000022711 -0.000452127 0.000103419 0.001905638
0.000050013 -0.000684845 0.000259101 0.001407457
0.000184952 -0.001197610 0.000183371 0.001695232
0.000390753 -0.001122428 -0.005607396 0.007265949
0.000263385 -0.001033271 -0.002372393 0.005001447
0.000174245 -0.000953044 -0.001189278 0.003936644
0.000053237 -0.000819936 -0.000829251 0.003540614
0.000095636 -0.000875054 -0.000550889 0.003178743
0.000117390 -0.000907685 -0.000328538 0.002845217
0.000121068 -0.000913939 -0.000339429 0.002863732
0.000161872 -0.000991466 -0.000096819 0.002402773
0.000013935 -0.000680799 -0.000117527 0.002446260
0.000160501 -0.001017899 0.000203485 0.001707933
-0.000032395 -0.000535661 -0.000078379 0.002412591
0.000094067 -0.000889752 -0.000009977 0.002221068
0.000113049 -0.000950494 0.000419540 0.000846611
0.000419577 -0.002115302 0.000444343 0.000752362
0.000365775 -0.001143137 -0.004136727 0.006166928
0.000017860 -0.000899597 -0.002030858 0.004692820
0.000096988 -0.000970811 -0.001213201 0.003956928
0.000192864 -0.001076276 -0.000893090 0.003604806
0.000153822 -0.001025521 -0.000596054 0.003218660
0.000114935 -0.000967191 -0.000394413 0.002916197
0.000229403 -0.001161785 -0.000287973 0.002735250
0.000118541 -0.000951148 -0.000093767 0.002366258
0.000146744 -0.001010375 -0.000205167 0.002600198
-0.000128768 -0.000376696 0.000103773 0.001889638
0.000076333 -0.000889449 0.000063632 0.001989989
0.000162172 -0.001129800 0.000063424 0.001990572
0.000081292 -0.000870983 0.000327235 0.001146377
0.000115947 -0.001002672 0.000546614 0.000312737
0.000186890 -0.001024780 -0.003932413 0.006014939
0.000059625 -0.000935694 -0.002160353 0.004774497
0.000019988 -0.000900020 -0.001231563 0.003938586
0.000145583 -0.001038175 -0.000936539 0.003614060
0.000111438 -0.000993787 -0.000658810 0.003253012
0.000134335 -0.001028132 -0.000364985 0.002812274
0.000191111 -0.001124651 -0.000269556 0.002650045
0.000069449 -0.000893494 -0.000238002 0.002590092
0.000055319 -0.000863821 -0.000034965 0.002163715
0.000037795 -0.000823515 -0.000093887 0.002299234
0.000110349 -0.001004900 -0.000045088 0.002177236
0.000093877 -0.000958779 0.000008722 0.002026568
0.000132543 -0.001082509 0.000335871 0.000979692
0.000357700 -0.001938105 0.000641450 -0.000181509
0.000259271 -0.001188597 -0.004056995 0.006111240
-0.000026498 -0.000988558 -0.002134993 0.004765839
-0.000025072 -0.000989842 -0.001243523 0.003963515
0.000165509 -0.001199481 -0.001022775 0.003720693
0.000122678 -0.001143801 -0.000635137 0.003216764
0.000142851 -0.001174061 -0.000486079 0.002993177
0.000195958 -0.001264343 -0.000276984 0.002637714
0.000053617 -0.000993894 -0.000201376 0.002494061
0.000006930 -0.000895852 -0.000077606 0.002234143
0.000002498 -0.000885658 -0.000095385 0.002275034
0.000055103 -0.001017169 0.000043604 0.001927563
0.000142654 -0.001262313 0.000034612 0.001952739
0.000210570 -0.001479646 0.000175226 0.001502776
0.000333513 -0.001946829 0.000533350 0.000141902
0.000605326 -0.000963197 -0.003983646 0.005954552
-0.000174489 -0.000417327 -0.001776165 0.004409315
-0.000218177 -0.000378008 -0.001037857 0.003744838
-0.000009452 -0.000607604 -0.000847478 0.003535421
0.000138988 -0.000800577 -0.000665433 0.003298763
0.000020122 -0.000622278 -0.000320583 0.002781488
0.000142065 -0.000829581 -0.000220395 0.002611168
-0.000021111 -0.000519547 -0.000181160 0.002536620
0.000196691 -0.000976932 -0.000035033 0.002229754
0.000049623 -0.000638675 -0.000209151 0.002630225
-0.000008572 -0.000493187 0.000123350 0.001798974
0.000221767 -0.001138137 0.000074452 0.001935887
0.000232083 -0.001171146 0.000264635 0.001327301
0.000402423 -0.001818438 0.000810789 -0.000748084
0.000423247 -0.000909942 -0.003794931 0.005759098
-0.000138881 -0.000516452 -0.001777185 0.004346675
-0.000157597 -0.000499608 -0.000961402 0.003612470
-0.000050773 -0.000617114 -0.000783804 0.003417112
0.000165457 -0.000898213 -0.000629832 0.003216950
-0.000023452 -0.000614849 -0.000431295 0.002919144
0.000114140 -0.000848757 -0.000298137 0.002692776
0.000028514 -0.000686067 -0.000080261 0.002278811
0.000118225 -0.000874459 -0.000192968 0.002515494
0.000020740 -0.000650243 -0.000074606 0.002243262
0.000180708 -0.001050164 -0.000030108 0.002132018
0.000001268 -0.000547732 0.000293922 0.001224732
0.000144142 -0.001004928 0.000171791 0.001615554
0.000424544 -0.002070459 0.000866848 -0.001025664
0.000263893 -0.000972917 -0.004141856 0.005947071
-0.000043195 -0.000757956 -0.001803849 0.004310466
-0.000096443 -0.000710033 -0.000926374 0.003520738
0.000019325 -0.000837377 -0.000818320 0.003401879
0.000054043 -0.000882512 -0.000606375 0.003126350
0.000010474 -0.000817157 -0.000474957 0.002929224
0.000079204 -0.000933999 -0.000261251 0.002565924
0.000022633 -0.000826514 -0.000196997 0.002443841
0.000035524 -0.000853585 -0.000104210 0.002248989
0.000069472 -0.000931665 -0.000069806 0.002169859
0.000068780 -0.000929935 -0.000025800 0.002059844
0.000195792 -0.001285567 0.000155147 0.001553192
0.000197785 -0.001291945 0.000247362 0.001258103
0.000329406 -0.001792108 0.000586669 -0.000031263
0.000100796 -0.001072002 -0.006030650 0.007251988
0.000021513 -0.001016504 -0.002001892 0.004431857
0.000027508 -0.001021899 -0.000909155 0.003448393
0.000040245 -0.001035910 -0.000817420 0.003347485
0.000136707 -0.001161311 -0.000635750 0.003111314
-0.000013496 -0.000936006 -0.000406642 0.002767652
0.000119752 -0.001162529 -0.000296148 0.002579812
-0.000043713 -0.000851944 -0.000197965 0.002393266
0.000052183 -0.001053326 -0.000024214 0.002028388
0.000057065 -0.001064554 -0.000176671 0.002379039
0.000094178 -0.001157338 0.000089232 0.001714281
0.000109926 -0.001201431 -0.000023097 0.002028801
0.000052183 -0.001016654 0.000210823 0.001280259
0.000124005 -0.001289577 0.000555354 -0.000028960
0.000058610 -0.001162915 -0.010397444 0.010565041
-0.000041538 -0.001092811 -0.002943981 0.005347617
0.000094351 -0.001215110 -0.001157886 0.003740132
0.000139284 -0.001264537 -0.000907503 0.003464711
0.000122827 -0.001243143 -0.000581216 0.003040538
0.000055809 -0.001142616 -0.000475403 0.002881818
0.000031115 -0.001100636 -0.000243833 0.002488149
-0.000005474 -0.001031116 -0.000308979 0.002611927
0.000008021 -0.001059457 -0.000127792 0.002231434
-0.000039502 -0.000950154 -0.000052869 0.002059110
0.000159165 -0.001446822 -0.000032669 0.002008611
0.000138408 -0.001388703 0.000086023 0.001676273
-0.000014815 -0.000898388 0.000144741 0.001488376
0.000176037 -0.001623626 0.000443079 0.000354691
0.022514538 0.156495339 -1.395979011 2.596330327
-0.120841495 0.256844561 -0.750211522 2.144293092
-0.120252640 0.256314592 -0.450649154 1.874686968
-0.061700478 0.191907212 -0.320339317 1.731346145
-0.145903977 0.301371757 -0.202469777 1.578115748
-0.730193232 1.177805639 -0.136114326 1.478582572
-0.607597598 0.969393056 -0.142812184 1.489968930
-0.449462172 0.668935750 -0.132160830 1.469731358
-0.386324284 0.536346190 -0.059537873 1.317223156
-0.220274575 0.154431867 0.010828373 1.155380792
-0.155170982 -0.008327115 -0.108288941 1.453174078
-0.070172979 -0.246321520 0.063517675 0.972115562
-0.052114982 -0.304107111 0.001930396 1.169194856
0.099171406 -0.878995377 0.045321437 1.004308901
-0.234809457 0.305385559 -1.442353215 2.605230672
-0.174635473 0.263263771 -0.730521722 2.106948636
-0.074825455 0.173434757 -0.415288707 1.823238929
-0.125627674 0.229317200 -0.285356743 1.680313766
-0.029856388 0.104814532 -0.232403223 1.611474192
-0.495173012 0.802789468 -0.101787424 1.415550494
-0.447612975 0.721937402 -0.164111315 1.521501112
-0.227337933 0.303414829 -0.024247178 1.255759255
-0.295086582 0.445686984 -0.177698689 1.578007413
-0.210265318 0.250598082 -0.016499158 1.207248499
-0.062148978 -0.119692768 -0.026667520 1.232669404
-0.148303026 0.121538563 -0.044472803 1.282524196
0.042400268 -0.488711987 0.035114493 1.027844847
-0.018531383 -0.257171717 0.064549897 0.915990311
-0.131600991 0.197672062 -1.404141271 2.579430860
-0.121712394 0.190750044 -0.709510488 2.093189320
-0.092953012 0.164866600 -0.408372186 1.822164855
-0.029360551 0.094914892 -0.325421807 1.730919437
-0.061672464 0.136920378 -0.239125433 1.618734155
-0.246710420 0.414477312 -0.075218064 1.372873101
-0.312622599 0.526528020 -0.174341264 1.541382546
-0.213511551 0.338217030 -0.040203347 1.286520507
-0.185635418 0.279677154 -0.019311304 1.242647219
-0.082418377 0.042277965 -0.174375135 1.599294022
-0.081804308 0.040742792 -0.005322298 1.176661931
-0.016615387 -0.141786185 -0.039454093 1.272230955
-0.049776592 -0.035670327 -0.010245643 1.178763912
-0.050211012 -0.034019532 -0.093434012 1.494879710
-0.058314506 0.091967204 -1.464137522 2.605652555
-0.042405504 0.080830903 -0.677619021 2.055089613
-0.005795079 0.047881522 -0.429611104 1.831882494
-0.026425617 0.070575114 -0.288754805 1.676940562
-0.024551054 0.068138183 -0.166394075 1.517871618
-0.114997128 0.203807293 -0.162290296 1.511715950
-0.211254848 0.367445423 -0.074748424 1.362894763
-0.126857784 0.207091003 -0.077355532 1.367848268
-0.093316376 0.136654049 -0.091276147 1.397081559
0.045296017 -0.182154450 -0.017527338 1.227459301
-0.060916205 0.083376106 -0.017625494 1.227704691
-0.082949604 0.145069622 -0.061313197 1.350030259
0.031621598 -0.221558228 -0.001144807 1.157491406
0.119167451 -0.554232465 0.146258929 0.597357217
0.175859132 -0.119681195 -1.314518530 2.482919971
0.068066074 -0.044226056 -0.680722039 2.039262434
0.035055420 -0.014516468 -0.384544042 1.772702245
0.006461667 0.016936661 -0.250884980 1.625677273
0.012949069 0.008503039 -0.195857836 1.554141988
-0.015378069 0.050993746 -0.161431989 1.502503218
-0.061926780 0.130126557 -0.125073239 1.440693341
-0.056872529 0.120523480 0.001599789 1.200014590
-0.112553416 0.237453337 -0.079001765 1.369277847
0.047057930 -0.129652752 -0.094159819 1.404141370
-0.057007282 0.130510280 -0.004508893 1.180014056
-0.007501243 -0.008106628 -0.214954563 1.769261922
0.083731789 -0.300052336 0.183934201 0.492817856
-0.084104392 0.337725144 -0.106296695 1.595695246
0.250107205 -0.192802320 -1.308952052 2.483758548
0.097107476 -0.085702512 -0.678370039 2.042351147
0.052784764 -0.045812072 -0.406123899 1.797329627
0.022646537 -0.012660022 -0.285753114 1.664921761
0.068005037 -0.071626070 -0.182316260 1.530453855
0.044434470 -0.036270219 -0.110028956 1.422022899
0.122908733 -0.169676470 -0.125650212 1.448579036
0.037373541 -0.007159608 -0.084698231 1.370770272
0.042624389 -0.018186387 -0.050873148 1.299737602
0.039621694 -0.011280189 0.033035866 1.106746872
0.039528788 -0.011047925 -0.129609129 1.513359360
-0.024540139 0.168345069 -0.038388958 1.257942888
-0.011008073 0.125042457 0.023764773 1.059050944
-0.000673328 0.085770425 -0.069060181 1.411785764
0.394632505 -0.328460135 -1.469369022 2.620753928
0.215030041 -0.202738413 -0.708097262 2.087863705
0.076652591 -0.078198711 -0.434982673 1.842060581
0.089518509 -0.092351221 -0.248282641 1.636690541
0.046604917 -0.036563553 -0.223003573 1.603827754
0.163773259 -0.212316067 -0.126563280 1.459167316
0.248946152 -0.357109989 -0.113965314 1.437750772
0.117550348 -0.107457964 -0.053885598 1.323599314
0.160121209 -0.196856768 -0.062757716 1.342230759
-0.036406508 0.255156972 -0.033920995 1.275906304
0.164032605 -0.245940810 -0.072906426 1.373369882
0.052366766 0.066723533 0.044502605 1.044624599
-0.070564435 0.460103382 0.084022297 0.918161584
0.001405701 0.186616868 -0.009341688 1.272944720
0.488790694 -0.379992636 -1.445205894 2.603355391
0.226407400 -0.196324333 -0.693265837 2.076997360
0.144593644 -0.122691954 -0.420412917 1.831429739
0.094927229 -0.068058897 -0.254368873 1.648781287
0.107601073 -0.084534893 -0.235159937 1.623809671
0.282828070 -0.347375389 -0.122519106 1.454848424
0.313620381 -0.399722320 -0.083051354 1.387753243
0.231617921 -0.243917647 -0.157351550 1.528923615
0.191711365 -0.160113883 0.033280842 1.128595610
0.086106041 0.082778356 -0.170922835 1.598264056
0.118491370 0.001815034 0.043334173 1.062621537
0.053393232 0.184089818 -0.056526647 1.342231829
-0.009967835 0.386845237 0.066173882 0.949590130
-0.000629164 0.351358287 -0.158223817 1.802301376
0.539242369 -0.390247775 -1.389703237 2.578605634
0.337892931 -0.249303171 -0.725587054 2.113724313
0.167499480 -0.095949070 -0.428280132 1.846148091
0.107061864 -0.029467691 -0.263843035 1.665267280
0.087384822 -0.003887536 -0.201830816 1.584651398
0.551035198 -0.699363102 -0.160179696 1.522174718
0.432629516 -0.498073437 -0.062590860 1.356273692
0.339139821 -0.320443018 -0.072234299 1.374596226
0.274617159 -0.184945435 -0.063701853 1.356678090
0.159277431 0.080335936 -0.112535927 1.468996458
0.209006104 -0.043985748 -0.013889871 1.222381319
0.015116330 0.498905610 -0.046942521 1.314928736
0.073662114 0.311559100 0.041478680 1.031980889
-0.059114102 0.816108714 0.092701917 0.837332590
0.430121783 -0.269516909 -1.392759764 2.601293903
0.325530116 -0.196302744 -0.732224031 2.138918898
0.166239401 -0.052941104 -0.446205629 1.881502343
0.101992524 0.017730462 -0.279755692 1.698407409
0.185615674 -0.090979629 -0.223102516 1.624758283
0.692433252 -0.851205995 -0.148316586 1.512579388
0.706874385 -0.875755923 -0.093455944 1.419316293
0.483759070 -0.451836829 -0.058072826 1.352088370
0.308250711 -0.083269293 -0.067771657 1.372455914
0.215986320 0.128938804 -0.049698341 1.330887288
0.110925454 0.391590968 -0.064918608 1.368937955
0.183038966 0.189673137 -0.039501777 1.297770830
0.042434043 0.639608896 0.004695059 1.156340954
-0.026065187 0.899905969 0.043998810 1.006986700
0.091661816 1.318110523 -1.572090481 2.736840057
-0.105705864 1.456267896 -0.816347648 2.207820082
-0.077566486 1.430942457 -0.494591476 1.918239535
-0.069779779 1.422377079 -0.365017783 1.775708470
-0.171974856 1.555230675 -0.275781089 1.659700772
-0.701760482 2.349909114 -0.227864330 1.587825634
-0.580310433 2.143444025 -0.050750393 1.286731932
-0.415231138 1.829793368 -0.019201047 1.226788176
-0.267477866 1.519511510 -0.066383465 1.325871249
-0.331541519 1.666857909 -0.053042161 1.295186250
-0.123688598 1.147225608 -0.018233461 1.208164500
-0.070245100 0.997583816 -0.126601725 1.511595635
-0.006472370 0.793511076 0.128337165 0.695791173
-0.058342222 0.990616511 0.044564756 1.014126323
-0.052778128 1.303662004 -1.657585004 2.768896987
-0.113110549 1.345894698 -0.795496154 2.165434801
-0.084196309 1.319871882 -0.448443187 1.853087140
-0.070468213 1.304770976 -0.329480289 1.722227949
-0.052524793 1.281444531 -0.183090524 1.531921262
-0.498813868 1.950878144 -0.148588980 1.480168945
-0.385527153 1.758290722 -0.141152790 1.467527422
-0.344285492 1.679931568 -0.094694529 1.379256728
-0.302756357 1.592720388 -0.004250406 1.189324078
-0.094813086 1.114450875 -0.048180211 1.290362627
-0.126545648 1.193782281 -0.067416043 1.338452207
0.011479554 0.807311722 -0.034445516 1.246134733
-0.054429778 1.018221587 0.041649746 1.002629893
0.019093828 0.738831889 0.124952801 0.686078288
-0.166211734 1.254762953 -1.617990233 2.742964852
-0.127192147 1.227449242 -0.793868947 2.166079962
-0.066044911 1.172416731 -0.463448652 1.868701705
-0.045711414 1.150049884 -0.303232778 1.692464240
-0.074820501 1.187891695 -0.238087717 1.607775663
-0.263676581 1.471175815 -0.177469807 1.516848799
-0.292268798 1.519782586 -0.087750585 1.364326117
-0.262611602 1.463433915 -0.098996198 1.385692781
-0.103311812 1.128904370 -0.040886392 1.263662195
-0.199217451 1.349487335 -0.194232418 1.616358045
-0.034968859 0.938865854 0.029238467 1.057680834
-0.031176351 0.928246833 -0.032440714 1.230382538
-0.024216974 0.905976826 0.010588568 1.092688833
0.006440133 0.789479821 0.094652629 0.773245407
-0.123580404 1.054320727 -1.613975860 2.744970847
-0.028316380 0.987635911 -0.779943513 2.161148214
-0.058919177 1.015178428 -0.477976089 1.889377540
-0.048921126 1.004180571 -0.303898562 1.697892256
0.006569622 0.932042601 -0.221007414 1.590133767
-0.148858393 1.165184623 -0.175671536 1.522129950
-0.243522612 1.326113801 -0.137217094 1.456757397
-0.146953516 1.142632521 -0.038032545 1.268306757
-0.102557814 1.049401550 -0.069025142 1.333391208
0.010515747 0.789332366 -0.037251702 1.260312297
-0.028064653 0.885783366 -0.116523523 1.458491849
-0.021160836 0.866452679 -0.092830338 1.392150932
-0.012471976 0.838648326 0.061311334 0.898897574
0.020947681 0.711653631 -0.006751717 1.157537164
-0.001415908 0.801730186 -1.493439763 2.635942265
0.012068451 0.792291134 -0.755876944 2.119648300
-0.007900594 0.810263274 -0.441633358 1.836829080
0.013535326 0.786683762 -0.333735466 1.718141397
-0.019650157 0.829824888 -0.215682932 1.564673108
-0.047042955 0.870914085 -0.153098070 1.470795815
-0.098420119 0.958255266 -0.131217884 1.433599498
-0.098196005 0.957829450 -0.083889991 1.343676503
-0.084910074 0.929928997 -0.051567542 1.275799363
0.010757444 0.709893710 -0.099943852 1.387064874
0.063155502 0.578898564 0.063511541 0.978426391
-0.027817034 0.833621661 -0.109558079 1.463021319
0.026817028 0.658792660 0.002459685 1.104564467
-0.010844470 0.801906349 -0.040256085 1.266884394
0.041722658 0.818029164 -1.427214827 2.605675680
0.045219961 0.815581052 -0.741423413 2.125621699
0.007027982 0.849953832 -0.456609021 1.869288753
-0.014328664 0.873446143 -0.310234538 1.708276818
0.022385115 0.825718232 -0.201780152 1.567286121
0.038979938 0.800825997 -0.205389808 1.572700606
0.136887480 0.634383171 -0.095730458 1.386279705
0.004148485 0.886587259 -0.096030270 1.386849347
-0.025007719 0.947815284 -0.038077822 1.265149213
0.153548979 0.537134888 -0.149626696 1.521711618
-0.038665142 1.017670190 0.040969060 1.045222226
0.076176804 0.696112747 -0.099041438 1.437251616
-0.006363592 0.960242017 0.066649130 0.907041791
-0.005775690 0.958007992 0.048177841 0.977232686
0.167526017 0.583033616 -1.645873287 2.780422677
0.085920995 0.640157131 -0.796948123 2.186175072
0.027957552 0.692324228 -0.477945095 1.899072354
0.034598721 0.685018942 -0.340473774 1.747853898
-0.018308456 0.753798270 -0.208802173 1.576680824
0.178134995 0.459133093 -0.152566993 1.492328053
0.205236449 0.413060620 -0.172836842 1.526786798
0.171151520 0.477821983 -0.015033489 1.226960430
0.085353831 0.657997123 -0.123211712 1.454134689
-0.014548596 0.887772700 -0.037473431 1.256936647
0.088404034 0.630391126 -0.035338407 1.251599087
-0.018464919 0.929624187 -0.179451959 1.655117026
0.066569160 0.657515131 0.095710174 0.774598188
0.005405993 0.889935165 0.058738742 0.915089627
0.172118853 0.458859230 -1.667149762 2.796273341
0.111665732 0.501176414 -0.819941808 2.203227783
0.073027295 0.535951006 -0.466785320 1.885386952
0.031777036 0.581326293 -0.345441823 1.751909102
0.059030638 0.545896611 -0.222395009 1.591948251
0.271276469 0.227527864 -0.172811705 1.517573295
0.327080903 0.132660324 -0.137532999 1.457599492
0.214901643 0.345800915 -0.027639876 1.248802561
0.109382544 0.567391014 -0.110743019 1.423319155
0.233496372 0.281929215 -0.015960332 1.205318978
-0.020799640 0.917669245 -0.037858095 1.260063385
0.053105789 0.710734048 0.007746814 1.132369643
-0.032685901 0.985267459 -0.126160403 1.560872744
-0.004356206 0.877614618 0.079545681 0.779189632
0.181822341 0.379861066 -1.600281692 2.751153934
0.102590925 0.435323057 -0.809683848 2.197735453
0.039577177 0.492035428 -0.482680682 1.903432612
0.081529646 0.445887710 -0.327032921 1.732220071
0.058527575 0.475790402 -0.219904132 1.592952650
0.482669358 -0.160422272 -0.159971676 1.503053966
0.411546676 -0.039513709 -0.116108697 1.428486900
0.281267565 0.208016599 -0.152738745 1.498083990
0.265347000 0.241449782 0.011885163 1.152373798
0.162396988 0.478234805 -0.090196111 1.387160724
0.130548498 0.557856031 -0.111794490 1.441156670
0.090073922 0.671184843 0.016400214 1.082211506
-0.003301502 0.969986202 0.081603937 0.873559588
-0.053351227 1.160175154 -0.088179713 1.518737451
-0.054087195 0.462095486 -1.591937637 2.782314706
0.081419205 0.367241008 -0.868725828 2.276066448
0.102768069 0.348027030 -0.493587734 1.938442172
0.048459041 0.407766963 -0.407549289 1.843799880
0.119240405 0.315751193 -0.313957855 1.722131021
0.693160130 -0.545128396 -0.133355228 1.451227081
0.688953944 -0.537977879 -0.094732676 1.385568740
0.356695184 0.093313758 -0.064504170 1.328134579
0.291854372 0.229479457 -0.001196861 1.195189237
0.274009937 0.270521655 -0.056308494 1.321945991
0.131746353 0.626180616 -0.056290238 1.321900350
0.220107533 0.378769317 0.055987822 1.007521789
0.009878081 1.051503573 -0.065361470 1.395839529
-0.077544604 1.383709772 0.053821954 0.942942520
0.003819815 -0.002000453 -0.009465115 0.009649022
0.000801192 0.000112583 -0.002889083 0.005045800
0.000197496 0.000655910 -0.001385701 0.003692756
0.000117942 0.000743419 -0.000892866 0.003150638
0.000074726 0.000799601 -0.000518479 0.002663935
0.000051321 0.000834708 -0.000416776 0.002511380
0.000038386 0.000856698 -0.000224468 0.002184456
-0.000008535 0.000945847 -0.000133207 0.002011059
0.000021677 0.000882401 -0.000121572 0.001986628
-0.000059698 0.001069565 -0.000089234 0.001912250
0.000081077 0.000717626 0.000011148 0.001661296
-0.000072457 0.001147522 -0.000012746 0.001728198
-0.000010539 0.000949383 0.000136012 0.001252173
0.000062051 0.000673544 0.000203704 0.000994943
0.001681018 -0.000283544 -0.005533411 0.006706740
0.000291083 0.000689411 -0.002225464 0.004391177
0.000042640 0.000913009 -0.001257179 0.003519720
-0.000021764 0.000983853 -0.000817388 0.003035950
0.000096911 0.000829576 -0.000502218 0.002626230
-0.000018284 0.001002369 -0.000376388 0.002437483
-0.000022950 0.001010301 -0.000235033 0.002197180
-0.000012509 0.000990464 -0.000154388 0.002043955
0.000109304 0.000734655 -0.000006097 0.001732545
0.000181896 0.000567695 0.000000636 0.001717058
-0.000072161 0.001202837 -0.000104673 0.001980331
0.000149111 0.000583275 0.000110520 0.001377791
-0.000098834 0.001376701 0.000205804 0.001072880
0.000288248 -0.000094212 0.000343077 0.000551246
0.000535501 0.000683361 -0.004113850 0.005696858
0.000016734 0.001046499 -0.002029435 0.004237767
-0.000165110 0.001210158 -0.001212412 0.003502446
-0.000090777 0.001128392 -0.000851894 0.003105877
0.000015023 0.000990851 -0.000610148 0.002791607
0.000005187 0.001005605 -0.000402375 0.002479947
-0.000060732 0.001117668 -0.000197603 0.002131835
-0.000110916 0.001213018 -0.000054981 0.001860854
-0.000006854 0.000994488 -0.000109649 0.001975657
0.000226469 0.000457845 -0.000071301 0.001887457
0.000000955 0.001021630 0.000075094 0.001521469
-0.000021071 0.001083303 0.000043727 0.001609295
0.000083247 0.000749486 0.000191933 0.001135037
0.000134746 0.000553789 0.000691451 -0.000763134
-0.000340064 0.001396754 -0.004058460 0.005719373
-0.000183026 0.001286828 -0.002065738 0.004324468
-0.000219853 0.001319971 -0.001285587 0.003622332
-0.000067659 0.001152559 -0.000906644 0.003205495
-0.000025393 0.001097612 -0.000627476 0.002842576
-0.000049425 0.001133660 -0.000339991 0.002411349
0.000045180 0.000972832 -0.000299232 0.002342059
-0.000173085 0.001387535 -0.000142913 0.002045053
0.000216005 0.000570446 -0.000085088 0.001923620
-0.000199517 0.001526148 -0.000059048 0.001863727
0.000086338 0.000811509 0.000016066 0.001675943
0.000075177 0.000842762 -0.000039155 0.001830561
-0.000022093 0.001154026 0.000254453 0.000891016
0.000411747 -0.000494569 0.000534425 -0.000172875
-0.000461317 0.001559993 -0.004271167 0.005918066
-0.000322828 0.001463051 -0.002255922 0.004507395
-0.000369003 0.001504609 -0.001299421 0.003646543
-0.000110726 0.001220504 -0.001022118 0.003341510
-0.000089418 0.001192804 -0.000543308 0.002719058
-0.000091059 0.001195265 -0.000436481 0.002558817
0.000088832 0.000889450 -0.000108703 0.002001594
-0.000092568 0.001234111 -0.000252630 0.002275056
0.000006909 0.001025210 -0.000079926 0.001912377
-0.000094639 0.001258770 -0.000185717 0.002155696
0.000046894 0.000904936 -0.000019256 0.001739545
-0.000116662 0.001362895 0.000157547 0.001244497
0.000174665 0.000430649 0.000100470 0.001427143
-0.000041308 0.001251343 0.000116890 0.001364745
-0.000189176 0.001030717 -0.003902297 0.005562912
-0.000172489 0.001019036 -0.001937602 0.004187625
-0.000000271 0.000864040 -0.001233963 0.003554350
-0.000036868 0.000904297 -0.000940129 0.003231133
0.000093550 0.000734754 -0.000541182 0.002712501
0.000015431 0.000851932 -0.000335384 0.002403805
0.000061886 0.000772959 -0.000268880 0.002290748
-0.000063101 0.001010434 -0.000113442 0.001995415
0.000067033 0.000737152 -0.000025467 0.001810669
0.000051482 0.000772918 -0.000141176 0.002076799
0.000133227 0.000568557 0.000038972 0.001626429
0.000081136 0.000714412 0.000153778 0.001304972
-0.000076440 0.001218653 0.000099849 0.001477547
0.000153892 0.000343393 0.000108301 0.001445427
-0.000110229 0.001028879 -0.003807130 0.005491183
-0.000142182 0.001051246 -0.001794590 0.004082404
0.000036441 0.000890485 -0.001210109 0.003556372
-0.000092975 0.001032844 -0.000912876 0.003229415
-0.000071464 0.001004879 -0.000643842 0.002879672
0.000047900 0.000825834 -0.000444788 0.002581091
-0.000074303 0.001033578 -0.000196119 0.002158352
0.000140170 0.000626080 -0.000087797 0.001952541
0.000077723 0.000757218 -0.000083583 0.001943692
0.000195308 0.000486773 -0.000053667 0.001874884
-0.000045755 0.001089430 0.000056990 0.001598243
0.000049015 0.000824075 -0.000027633 0.001835188
-0.000062786 0.001181837 0.000178625 0.001175162
0.000213591 0.000131604 0.000428331 0.000226277
0.000053218 0.000907430 -0.004294740 0.005767771
0.000095698 0.000877694 -0.001670441 0.003930762
0.000110597 0.000864284 -0.001150698 0.003462993
-0.000016718 0.001004332 -0.000826668 0.003106560
0.000023345 0.000952250 -0.000545223 0.002740682
0.000058498 0.000899520 -0.000266964 0.002323293
0.000103156 0.000823602 -0.000275842 0.002338387
-0.000019086 0.001055861 -0.000168029 0.002133542
0.000085031 0.000837215 -0.000194971 0.002190120
-0.000118149 0.001304530 0.000243569 0.001181478
0.000062402 0.000853152 0.000021625 0.001736337
0.000074086 0.000820437 0.000095737 0.001528823
0.000102136 0.000730677 0.000264747 0.000987992
0.000107244 0.000711266 0.000262462 0.000996675
0.000179419 0.000859164 -0.006472632 0.007386110
0.000261680 0.000801581 -0.002005225 0.004258925
0.000057651 0.000985207 -0.001296046 0.003620663
0.000073389 0.000967896 -0.000875546 0.003158114
0.000006252 0.001055174 -0.000503937 0.002675023
-0.000023517 0.001099827 -0.000420419 0.002549746
-0.000015440 0.001086096 -0.000158914 0.002105186
0.000066062 0.000931243 -0.000142817 0.002074603
-0.000020798 0.001113647 -0.000031338 0.001840496
0.000031852 0.000992552 0.000039964 0.001676501
0.000167507 0.000653416 -0.000078122 0.001971717
-0.000177348 0.001619009 0.000268555 0.001001021
0.000122954 0.000658043 0.000149747 0.001381208
-0.000086785 0.001455050 0.000137376 0.001428217
0.000429829 0.000727435 -0.011577315 0.011306609
0.000441833 0.000719032 -0.003080107 0.005358564
0.000164420 0.000968704 -0.001638408 0.004061034
-0.000081766 0.001239509 -0.001013360 0.003373481
-0.000046199 0.001193271 -0.000624150 0.002867509
0.000069767 0.001019323 -0.000462171 0.002624540
0.000030178 0.001086624 -0.000246478 0.002257861
0.000058592 0.001032638 -0.000129481 0.002035567
0.000009480 0.001135772 0.000145326 0.001458472
0.000052291 0.001037308 -0.000250136 0.002368035
-0.000131679 0.001497233 0.000004184 0.001732235
0.000176529 0.000634251 0.000060499 0.001574554
0.000001074 0.001195705 0.000234253 0.001018541
0.000175913 0.000531316 0.000117122 0.001463640
0.000906277 -0.001537124 -0.009389020 0.010194014
0.000640141 -0.001350829 -0.003053285 0.005759000
0.000329084 -0.001070878 -0.001380928 0.004253878
0.000143486 -0.000866720 -0.001051150 0.003891123
0.000212304 -0.000956184 -0.000545643 0.003233964
0.000146959 -0.000858166 -0.000497824 0.003162236
0.000197722 -0.000944464 -0.000337719 0.002890056
-0.000031627 -0.000508701 -0.000061290 0.002364842
0.000098589 -0.000782153 -0.000053360 0.002348189
-0.000170437 -0.000163394 0.000048236 0.002114519
0.000197840 -0.001084086 -0.000023250 0.002293234
-0.000095534 -0.000262640 0.000176687 0.001733409
0.000014986 -0.000616304 0.000109542 0.001948272
0.000078653 -0.000858236 0.000317511 0.001157990
0.000470739 -0.001170243 -0.005620250 0.007274490
0.000219019 -0.000994039 -0.002417608 0.005032640
0.000188254 -0.000966350 -0.001183647 0.003922076
-0.000006242 -0.000752404 -0.000756359 0.003452059
0.000131834 -0.000931903 -0.000612428 0.003264949
0.000083783 -0.000859827 -0.000355213 0.002879127
0.000286056 -0.001203691 -0.000277211 0.002746522
-0.000109138 -0.000452823 -0.000073880 0.002360193
0.000187906 -0.001076615 -0.000161598 0.002544403
-0.000094425 -0.000427254 -0.000077301 0.002350519
0.000095314 -0.000901602 0.000016037 0.002117173
0.000046374 -0.000764568 0.000257943 0.001439838
0.000084514 -0.000886618 0.000180421 0.001687906
0.000083824 -0.000883993 0.000569624 0.000208937
0.000433356 -0.001188633 -0.004216200 0.006215773
-0.000002067 -0.000883837 -0.001978624 0.004649470
0.000140416 -0.001012072 -0.001264100 0.004006398
0.000082712 -0.000948597 -0.000839538 0.003539379
0.000208233 -0.001111775 -0.000556967 0.003172037
0.000137306 -0.001005385 -0.000499602 0.003085990
0.000174200 -0.001068105 -0.000111192 0.002425693
0.000055396 -0.000842376 -0.000190727 0.002576809
0.000283680 -0.001321774 -0.000094540 0.002374816
0.000001839 -0.000673538 0.000114659 0.001893660
-0.000078511 -0.000472663 0.000023375 0.002121870
0.000169180 -0.001166199 -0.000258293 0.002910539
0.000117559 -0.001001012 0.000497221 0.000492894
0.000631607 -0.002954393 0.000952367 -0.001236659
0.000190406 -0.001028235 -0.004012131 0.006061413
0.000066850 -0.000941746 -0.002111229 0.004730782
0.000060762 -0.000936267 -0.001246979 0.003952957
0.000034551 -0.000907434 -0.000914011 0.003586692
0.000221430 -0.001150377 -0.000706013 0.003316295
0.000078503 -0.000935986 -0.000332870 0.002756580
0.000267897 -0.001257956 -0.000417298 0.002900108
0.000080233 -0.000901395 -0.000133590 0.002361063
0.000071459 -0.000882969 -0.000142533 0.002379843
-0.000197581 -0.000264178 -0.000037479 0.002138218
0.000045954 -0.000873016 0.000194142 0.001559166
0.000093660 -0.001006591 0.000159639 0.001655776
0.000278933 -0.001599465 -0.000015631 0.002216638
0.000209243 -0.001334643 0.001186866 -0.002352848
0.000222317 -0.001155868 -0.004052400 0.006106891
-0.000066967 -0.000953369 -0.002132680 0.004763087
0.000034214 -0.001044432 -0.001321570 0.004033088
0.000099173 -0.001115887 -0.000935203 0.003608085
0.000118572 -0.001141106 -0.000714642 0.003321356
0.000196930 -0.001258643 -0.000291236 0.002686247
0.000045755 -0.001001645 -0.000354468 0.002793742
0.000045852 -0.001001830 -0.000199113 0.002498567
0.000385735 -0.001715584 0.000001190 0.002077930
-0.000201965 -0.000363874 -0.000268861 0.002699047
0.000037421 -0.000962339 0.000060903 0.001874637
0.000150735 -0.001279618 0.000091028 0.001790287
0.000342395 -0.001892931 0.000332048 0.001019023
-0.000048161 -0.000408818 0.000355059 0.000931583
0.000484359 -0.000877757 -0.004016112 0.005972480
-0.000210798 -0.000391147 -0.001762593 0.004395017
-0.000196423 -0.000404085 -0.001039082 0.003743857
0.000062857 -0.000689293 -0.000821525 0.003504544
0.000008576 -0.000618727 -0.000677185 0.003316903
0.000055838 -0.000689620 -0.000284063 0.002727219
0.000117414 -0.000794299 -0.000345690 0.002831984
0.000044960 -0.000656638 -0.000203464 0.002561755
0.000284522 -0.001159717 0.000010163 0.002113139
-0.000222947 0.000007461 0.000123733 0.001851928
0.000353574 -0.001433842 -0.000014748 0.002198131
0.000004956 -0.000457710 0.000085146 0.001918427
0.000141818 -0.000895671 0.000317842 0.001173800
0.000451518 -0.002072528 0.000332546 0.001117923
0.000422462 -0.000899632 -0.003805501 0.005765002
-0.000220517 -0.000449546 -0.001779531 0.004346823
-0.000116781 -0.000542909 -0.001000480 0.003645677
-0.000062720 -0.000602376 -0.000751427 0.003371719
0.000136663 -0.000861574 -0.000645432 0.003233925
0.000134711 -0.000858646 -0.000365779 0.002814446
0.000004369 -0.000637065 -0.000348530 0.002785123
-0.000089515 -0.000458685 0.000035882 0.002054741
0.000053188 -0.000758361 -0.000336205 0.002836122
0.000085472 -0.000832615 0.000096891 0.001840001
0.000209803 -0.001143442 0.000043546 0.001973365
0.000222148 -0.001178006 -0.000191642 0.002631890
0.000108686 -0.000814929 0.000384172 0.000789285
0.000623211 -0.002770125 0.000673863 -0.000311539
0.000348873 -0.001041098 -0.004196828 0.005974121
-0.000023413 -0.000780498 -0.001799292 0.004295846
-0.000111594 -0.000701136 -0.000869545 0.003459074
0.000002799 -0.000826968 -0.000846531 0.003433757
0.000139670 -0.001004900 -0.000675069 0.003210857
0.000091721 -0.000932977 -0.000331728 0.002695845
-0.000064113 -0.000668059 -0.000282109 0.002611494
0.000064484 -0.000912392 -0.000218548 0.002490727
0.000023995 -0.000827366 -0.000099114 0.002239915
0.000152714 -0.001123419 -0.000128936 0.002308506
-0.000018391 -0.000695656 0.000144856 0.001624028
0.000335551 -0.001686695 -0.000058855 0.002194417
-0.000035006 -0.000500914 0.000422745 0.000653297
0.000339533 -0.001924162 0.000938600 -0.001306951
0.000161870 -0.001129196 -0.006063892 0.007271908
0.000037954 -0.001042455 -0.001992741 0.004422102
0.000051440 -0.001054592 -0.000924029 0.003460262
0.000075497 -0.001081055 -0.000773669 0.003294865
0.000103266 -0.001117154 -0.000598059 0.003066573
0.000068840 -0.001065515 -0.000513809 0.002940198
0.000093047 -0.001106668 -0.000203120 0.002412027
-0.000048507 -0.000837714 -0.000207097 0.002419583
-0.000006534 -0.000925857 -0.000169205 0.002340009
0.000073292 -0.001109457 -0.000027686 0.002014517
0.000030761 -0.001003130 0.000060057 0.001795159
0.000086723 -0.001159823 0.000113293 0.001646097
0.000209573 -0.001552945 0.000186840 0.001410748
0.000342838 -0.002059352 0.000303055 0.000969130
0.000398590 -0.001408822 -0.010346650 0.010526254
-0.000049167 -0.001095392 -0.002868300 0.005291409
0.000143789 -0.001269052 -0.001250903 0.003835752
0.000186345 -0.001315864 -0.000862273 0.003408259
0.000082580 -0.001180970 -0.000619914 0.003093191
0.000045552 -0.001125428 -0.000397375 0.002759384
0.000145184 -0.001294802 -0.000312274 0.002614711
-0.000271098 -0.000503867 -0.000132407 0.002272965
0.000316692 -0.001738224 -0.000191393 0.002396834
0.000032605 -0.001084825 -0.000083400 0.002148452
0.000133950 -0.001338189 0.000147266 0.001571786
0.000025837 -0.001035470 0.000071492 0.001783954
0.000120249 -0.001337591 0.000056999 0.001830332
-0.000033752 -0.000752387 0.000146849 0.001488898
0.196526956 0.014981368 -1.429398741 2.620336277
-0.064937923 0.198006781 -0.753434941 2.147161625
-0.053869622 0.188045310 -0.433338777 1.859075085
-0.096838658 0.235311251 -0.335280419 1.751210889
-0.109107394 0.251260607 -0.205336760 1.582284139
-0.745038287 1.205156946 -0.124652952 1.461258426
-0.636240918 1.020201415 -0.105149187 1.428102026
-0.389406895 0.551216776 -0.097762381 1.414067094
-0.449136687 0.676649333 -0.128421753 1.478451771
-0.123637438 -0.071998923 -0.012242791 1.211240165
-0.122079471 -0.075893840 -0.075932356 1.370464077
0.016820576 -0.464813965 0.075499993 0.946453506
-0.200739088 0.231376968 -0.113407789 1.550958418
0.157541642 -1.130089788 0.191552799 0.392108198
-0.090917727 0.197198446 -1.443554249 2.606053991
-0.146596105 0.236173310 -0.726983591 2.104454539
-0.088439488 0.183832356 -0.400890016 1.810970330
-0.064603858 0.157613163 -0.270908572 1.667990738
-0.071674494 0.166804988 -0.278834634 1.678294619
-0.431716535 0.706868050 -0.042541017 1.323854193
-0.487764419 0.802149456 -0.119205756 1.454184253
-0.365332272 0.569528380 -0.195597480 1.599328527
-0.234538931 0.294862376 0.048721421 1.086258858
-0.186898738 0.185289935 -0.183837370 1.621144066
-0.059914896 -0.132169670 0.010154249 1.136165019
-0.103945186 -0.008884862 -0.180264668 1.669337978
0.097100402 -0.652230754 0.072607410 0.860147317
-0.126245737 0.196484566 0.213553769 0.324551157
-0.067154471 0.144643085 -1.451841083 2.612521394
-0.081456495 0.154654502 -0.713176174 2.095455966
-0.090328210 0.162639045 -0.418205162 1.829982062
-0.029589097 0.095826020 -0.286222799 1.684801460
-0.037677447 0.106340874 -0.218542166 1.596816640
-0.306680688 0.509845736 -0.127992003 1.460991396
-0.261044763 0.432264661 -0.124818131 1.455595814
-0.255331935 0.421410288 -0.000960827 1.220266939
-0.104532552 0.104731598 -0.138311949 1.508704282
-0.239117908 0.414277910 -0.062609300 1.334588192
0.011008930 -0.211039185 -0.031605169 1.257077865
-0.026215048 -0.106812049 -0.009493826 1.195166104
-0.040954755 -0.059644984 -0.097204264 1.475839510
-0.055202696 -0.005502810 -0.006622523 1.131628902
-0.009076596 0.057028547 -1.485400288 2.624782487
-0.029171111 0.071094708 -0.706270975 2.079391977
-0.003877654 0.048330597 -0.376303106 1.782420903
0.010849931 0.032130254 -0.267581439 1.662827067
-0.038000914 0.095636349 -0.262127456 1.655736889
-0.153631387 0.269082059 -0.038964739 1.320992813
-0.181570430 0.316578433 -0.174976650 1.552213068
-0.085256279 0.133581549 -0.123435303 1.454284510
-0.109936736 0.185410507 0.005881785 1.182718638
-0.047743160 0.042365284 -0.199307752 1.654654563
-0.101613791 0.177041862 -0.003654163 1.165520590
0.054915925 -0.261241337 -0.053033518 1.303782783
-0.068136589 0.132526714 -0.013691189 1.177887328
-0.007759408 -0.096906571 0.003118068 1.114012151
0.203327945 -0.136860806 -1.255506352 2.451701798
0.073409425 -0.045917843 -0.707945270 2.068409047
0.072522863 -0.045119938 -0.391595270 1.783694055
0.001200028 0.033335182 -0.262975787 1.642212620
-0.030289890 0.074272075 -0.149727428 1.494989759
-0.063044367 0.123403790 -0.165151914 1.518126488
-0.086490574 0.163262342 -0.170701803 1.527561300
-0.047953334 0.090041588 -0.063213133 1.323332828
0.075200904 -0.168582300 -0.119991274 1.442566919
-0.098882205 0.231808843 0.077189189 0.989051865
-0.021536630 0.038444904 -0.114603458 1.468533482
-0.093529337 0.240024481 0.001296699 1.144013048
0.063072040 -0.261099934 0.027269924 1.060898726
-0.185220758 0.682412687 -0.074546044 1.447799398
0.246250695 -0.186920668 -1.315868575 2.489899019
0.071272601 -0.064436004 -0.688805621 2.050954958
0.063307249 -0.057267187 -0.397015715 1.788344050
0.049785086 -0.042392808 -0.267490244 1.645866029
0.025354022 -0.010632426 -0.169265230 1.518173515
0.049352643 -0.046630358 -0.143653120 1.479755350
0.128952162 -0.181949544 -0.139088680 1.471995803
0.065098316 -0.060627239 -0.045172588 1.293555230
-0.005983076 0.088643678 -0.169096549 1.553795535
0.213761763 -0.416769440 0.014218089 1.132171878
-0.067626571 0.286701396 -0.156590566 1.559193514
-0.050436786 0.238569998 0.036891094 1.017444875
-0.013627797 0.120781231 0.028123860 1.045500024
-0.010543662 0.109061517 -0.024926664 1.247092013
0.366748500 -0.309869492 -1.470881788 2.627136632
0.256290958 -0.232549214 -0.738401457 2.114400409
0.106545471 -0.097778279 -0.415816208 1.824073692
0.059097635 -0.045585659 -0.208432153 1.595951227
0.027607431 -0.004648394 -0.256548463 1.658502427
0.176919582 -0.228616621 -0.131712524 1.471248520
0.279067594 -0.402268246 -0.156589802 1.513539894
0.132353800 -0.123512042 0.079420237 1.065120824
0.107210253 -0.070710595 -0.118192406 1.480107356
0.057608770 0.043372814 -0.253107487 1.790412037
-0.006357085 0.203287450 0.075676851 0.968451192
0.148922393 -0.231495080 -0.031352036 1.268132068
-0.142019563 0.699519192 -0.085069948 1.440029390
0.050253908 -0.031119989 -0.114597238 1.552233091
0.501637656 -0.383853743 -1.440398183 2.602835042
0.232086880 -0.195168203 -0.687994998 2.076152822
0.129765041 -0.103078550 -0.443452491 1.856064572
0.089113353 -0.058361692 -0.276358822 1.672261532
0.095453314 -0.066603641 -0.176898795 1.542963501
0.316624827 -0.398360910 -0.112685534 1.446643610
0.379258008 -0.504837322 -0.138390710 1.490342410
0.190824115 -0.146812929 -0.159524736 1.530497060
0.143505599 -0.047444049 0.135382382 0.911192140
0.140530732 -0.040601855 -0.242533626 1.780398940
0.082521551 0.104421096 -0.037645505 1.268178637
0.020440290 0.278248623 -0.047763575 1.296509232
0.003252825 0.333248514 -0.040303475 1.272636913
-0.032650979 0.469682968 0.044459852 0.950536273
0.525917694 -0.376603298 -1.400826061 2.589533132
0.332364395 -0.241115991 -0.711542410 2.107034585
0.149173179 -0.076243901 -0.445964826 1.868014766
0.147246287 -0.074124319 -0.273855426 1.678694422
0.085848326 0.005693027 -0.197385502 1.579283524
0.481697877 -0.588081299 -0.153520071 1.513485377
0.499754950 -0.618778325 -0.072782066 1.376230764
0.279413413 -0.200129409 -0.040617004 1.315117147
0.246744842 -0.131525414 -0.060760960 1.357419455
0.121219278 0.157183377 -0.146278704 1.554110261
0.182577301 0.003788319 0.063331932 1.030083671
0.035586945 0.415361311 -0.161429605 1.659415964
0.069142591 0.307983241 0.148445987 0.667814053
0.105888179 0.168350007 -0.093864655 1.588594483
0.435622267 -0.268228859 -1.354541263 2.577718596
0.302702281 -0.175184870 -0.757253215 2.159616970
0.186982222 -0.071036819 -0.455852638 1.888356458
0.120464904 0.002132231 -0.273097851 1.687326188
0.164850985 -0.055569672 -0.253776847 1.662208884
0.752486109 -0.937022357 -0.130788057 1.477725697
0.684628731 -0.821664812 -0.056979081 1.352250435
0.388748636 -0.259492637 -0.065184259 1.367840273
0.318066998 -0.111061205 -0.101584172 1.444280087
0.332958619 -0.145311932 -0.034448496 1.289868036
0.088639869 0.465484942 -0.073222331 1.386802623
0.246421189 0.023697254 -0.012226400 1.216014019
-0.037236120 0.931400658 0.031966572 1.074596506
-0.024681540 0.883693252 -0.094677961 1.555845725
0.082093482 1.326197503 -1.626055338 2.775308538
-0.105780965 1.457709614 -0.828274538 2.216861988
-0.111407611 1.462773595 -0.467582234 1.892238923
-0.056010505 1.401836776 -0.376073853 1.791579701
-0.074400288 1.425743494 -0.289513400 1.679051117
-0.747189344 2.434927077 -0.206635545 1.554734335
-0.621456726 2.221181621 0.028972636 1.154200416
-0.388629277 1.778809474 -0.220568855 1.628329243
-0.360343966 1.719410324 0.075798017 1.005958841
-0.114234063 1.153357557 0.104196047 0.940643373
-0.271099054 1.545520036 -0.128208817 1.521655531
-0.055378960 0.941503783 -0.092578806 1.421891504
-0.151847526 1.250203197 0.006821554 1.103810346
0.167675103 0.036017224 0.044706914 0.959845982
-0.076652770 1.318669798 -1.667356590 2.778818061
-0.088193422 1.326748255 -0.823670079 2.188237513
-0.076250416 1.315999549 -0.430208938 1.834122496
-0.050143021 1.287281415 -0.324959871 1.718348519
-0.078220349 1.323781939 -0.204639386 1.561931895
-0.519869800 1.986256115 -0.108902428 1.418326458
-0.447927278 1.863953824 -0.100627578 1.404259211
-0.220039864 1.430967743 -0.104082860 1.410824248
-0.286006263 1.569497176 -0.069370849 1.337929029
-0.278770559 1.552855057 -0.161550006 1.549941086
0.028890376 0.783702720 -0.023859346 1.205714434
-0.141805973 1.261652487 -0.003189444 1.147838709
-0.020112597 0.872233680 -0.065087488 1.345912453
-0.092948830 1.149011360 0.022218229 1.014150735
-0.160411010 1.253499334 -1.642555096 2.761067082
-0.138339409 1.238049213 -0.761038110 2.144005202
-0.029144280 1.139773600 -0.459777603 1.872870753
-0.101916826 1.219823403 -0.369367136 1.773419236
-0.003238320 1.091541349 -0.178337055 1.525080140
-0.383856801 1.662469071 -0.191512658 1.544843546
-0.270000793 1.468913851 -0.061333201 1.323538463
-0.174789789 1.288012947 -0.099507010 1.396068698
-0.147629345 1.230976017 -0.054283129 1.301098553
-0.173343975 1.290119664 -0.095495559 1.395887139
-0.222109393 1.412033209 -0.129357597 1.480542234
0.062914923 0.613965139 0.214957246 0.516460692
0.015427274 0.765925617 0.023496751 1.129134284
-0.103646672 1.218406606 0.009607673 1.181912778
-0.137687334 1.068604354 -1.595342850 2.739278066
-0.063289110 1.016525598 -0.819561530 2.196231151
-0.019261236 0.976900513 -0.472215898 1.883620090
-0.017598874 0.975071914 -0.308399311 1.703421841
-0.083364228 1.060566872 -0.255917250 1.635195164
-0.144495632 1.152263977 -0.109708879 1.415882608
-0.155670699 1.171261591 -0.146275215 1.478045381
-0.141406110 1.144158873 -0.001372695 1.202730597
-0.038686087 0.928446836 -0.174920517 1.567181006
-0.180230098 1.253998053 -0.236446801 1.708691456
-0.006116034 0.818712893 0.101412153 0.864044070
0.007121412 0.781648045 -0.137361255 1.532609603
0.111339905 0.448148864 0.091693615 0.799634008
-0.007030443 0.897956179 0.130911030 0.650607831
0.026870372 0.786904632 -1.536616179 2.666140483
-0.001071394 0.806463867 -0.775773571 2.133550667
-0.027577274 0.830319160 -0.418182512 1.811718722
-0.006298723 0.806912753 -0.335141540 1.720373651
0.070800764 0.706683423 -0.205792140 1.552219436
-0.087994018 0.944875596 -0.124820441 1.430761889
-0.135887612 1.026294708 -0.081741243 1.357527250
0.053376575 0.666692758 -0.095590983 1.383841756
-0.136037138 1.064461538 -0.117659541 1.430185725
-0.065945669 0.903251162 -0.027955764 1.223867042
0.139090838 0.390659893 -0.123584290 1.462938358
-0.101996189 1.065703557 -0.056678937 1.275603373
0.067838044 0.522234005 0.073867253 0.857855557
0.095844871 0.415808064 0.161077390 0.526457043
0.071659688 0.802182195 -1.437509146 2.612525506
0.010224879 0.845186561 -0.718166871 2.108985922
0.003041028 0.851652027 -0.518280144 1.929087873
-0.015684074 0.872249640 -0.272235968 1.658439273
0.011578498 0.836808298 -0.228722041 1.601871170
0.033735923 0.803572160 -0.198152018 1.556016136
0.077043501 0.729949275 -0.093404088 1.377944650
0.132825124 0.623964193 -0.142293027 1.470833633
-0.022495980 0.950138496 -0.015965100 1.205544999
0.153259002 0.545902046 -0.083496551 1.360867331
-0.070005269 1.104062724 0.087726130 0.932810629
0.076038372 0.695140535 -0.129468410 1.540955332
-0.029702489 1.033511298 0.115421433 0.757307823
-0.203720641 1.694780267 -0.159665654 1.802638738
0.216365469 0.546842032 -1.669653754 2.797741701
0.075957184 0.645127831 -0.772938178 2.170040809
0.056290613 0.662827744 -0.462761411 1.890881726
0.015843218 0.707319879 -0.374466315 1.793757118
0.048219550 0.665230649 -0.207567165 1.576788232
0.196407390 0.442948888 -0.130869715 1.461742056
0.190178522 0.453537965 -0.148906761 1.492405035
0.062295519 0.696515668 -0.160465894 1.514367388
0.127607852 0.559359776 0.057325349 1.057005797
0.098198033 0.627002357 -0.193366958 1.633598093
-0.127924701 1.192309192 0.029962862 1.075273542
0.265176382 0.091626178 -0.055066334 1.313355287
-0.099890645 1.259840683 0.098627027 0.821536526
0.037856477 0.736401626 0.054879639 0.987776597
0.231131329 0.416597240 -1.682232719 2.801456502
0.136852273 0.482592579 -0.808824945 2.190071070
0.069684370 0.543043690 -0.471570975 1.886542506
0.038206591 0.577669247 -0.294538842 1.691807155
0.005678831 0.619955333 -0.213208148 1.586077256
0.324846727 0.141203490 -0.142469372 1.479969093
0.331257402 0.130305341 -0.145529561 1.485171413
0.274283686 0.238555401 -0.014406448 1.236037502
0.191641106 0.412104810 -0.105370854 1.427062747
0.048296142 0.741798221 -0.203228544 1.652135430
0.050734488 0.735702355 -0.010380747 1.170015935
0.012390462 0.843065628 -0.069533570 1.335643838
0.119162221 0.501395994 -0.062936554 1.314533388
-0.138202988 1.479383776 0.113883472 0.642617295
0.206563336 0.361546495 -1.634574630 2.773146142
0.066305999 0.459726630 -0.792061734 2.183387124
0.117023261 0.414081095 -0.469407923 1.892998703
0.029821407 0.510003137 -0.365867150 1.779103849
0.079272371 0.445716886 -0.189283445 1.549545042
0.481273715 -0.157285131 -0.139473643 1.474830339
0.419344456 -0.052005387 -0.175125065 1.535437758
0.312357359 0.151270095 -0.052354951 1.302174543
0.205578457 0.375505779 -0.151742065 1.510887473
0.177428382 0.440250950 -0.003901123 1.170853314
0.186340242 0.417971299 0.057097682 1.018356301
-0.066893085 1.127024603 -0.235861782 1.838642786
0.042587724 0.776686009 0.078488203 0.832722819
0.089875465 0.596992596 -0.194963899 1.871840795
0.008345098 0.422547862 -1.578362678 2.776459801
0.052155408 0.391880645 -0.889242940 2.294075992
0.101067251 0.347859988 -0.511748669 1.954331157
0.041498855 0.413385225 -0.398768925 1.830053436
0.113848719 0.319330405 -0.224836415 1.603941181
0.732320074 -0.608376629 -0.236738268 1.621793960
0.565731430 -0.325175924 -0.024750242 1.261414306
0.363310407 0.059424013 -0.097829735 1.400265341
0.500531971 -0.228741258 -0.064563140 1.330405495
0.160489342 0.553356773 0.001519918 1.178414465
0.156776334 0.562639293 -0.138175112 1.527652040
-0.013427582 1.039210250 -0.113812360 1.459436335
0.068420878 0.777295174 -0.042409308 1.230946564
0.171054761 0.387286424 0.208200974 0.278627507
