0.000856763 0.000161472 -0.009614538 0.009819929
0.000492659 0.000416345 -0.002934360 0.005143805
0.000141272 0.000732594 -0.001403088 0.003765660
0.000065166 0.000816310 -0.000920740 0.003235077
0.000088917 0.000785433 -0.000565323 0.002773035
0.000036756 0.000863675 -0.000435871 0.002578857
-0.000001162 0.000928136 -0.000218218 0.002208846
0.000025333 0.000877795 -0.000139914 0.002060070
-0.000016465 0.000965570 -0.000062451 0.001897397
-0.000005089 0.000939407 -0.000028997 0.001820452
0.000016687 0.000884965 0.000005334 0.001734625
-0.000009899 0.000959407 0.000020098 0.001693286
0.000020358 0.000862583 0.000186053 0.001162229
0.000057780 0.000720381 0.000327875 0.000623308
0.000453604 0.000606354 -0.005411632 0.006652864
0.000188995 0.000791581 -0.002160862 0.004377325
-0.000017326 0.000977269 -0.001238468 0.003547171
0.000000259 0.000957926 -0.000816939 0.003083489
0.000071502 0.000865310 -0.000539926 0.002723372
0.000019578 0.000943197 -0.000342031 0.002426530
0.000033387 0.000919721 -0.000226764 0.002230575
-0.000014979 0.001011615 -0.000146149 0.002077407
0.000056078 0.000862395 -0.000017400 0.001807035
-0.000002719 0.000997631 -0.000040318 0.001859746
-0.000019626 0.001039897 -0.000005295 0.001772188
0.000058524 0.000821076 0.000055541 0.001601846
0.000053485 0.000837201 0.000234862 0.001028022
0.000266539 0.000027598 0.000488151 0.000065523
0.000361259 0.000777310 -0.003926165 0.005598745
0.000056564 0.000990596 -0.001996543 0.004248010
-0.000096826 0.001128647 -0.001175871 0.003509405
-0.000086281 0.001117047 -0.000836398 0.003135985
0.000036567 0.000957346 -0.000590395 0.002816181
-0.000009940 0.001027105 -0.000361421 0.002472719
-0.000032727 0.001065844 -0.000223411 0.002238103
-0.000052969 0.001104304 -0.000187236 0.002169371
0.000067604 0.000851100 -0.000062716 0.001907878
-0.000005385 0.001018976 -0.000001078 0.001766111
-0.000007551 0.001024389 0.000024546 0.001702052
0.000064965 0.000821344 0.000116015 0.001445937
0.000057829 0.000844181 0.000248470 0.001022084
0.000134124 0.000554260 0.000426618 0.000345120
0.000147888 0.001004744 -0.003864097 0.005618704
-0.000043279 0.001138561 -0.002023809 0.004330503
-0.000120990 0.001208501 -0.001253204 0.003636958
-0.000086945 0.001171051 -0.000898595 0.003246888
-0.000007779 0.001068136 -0.000609294 0.002870797
-0.000024086 0.001092595 -0.000368306 0.002509315
-0.000026574 0.001096825 -0.000243410 0.002296992
0.000049105 0.000953035 -0.000123424 0.002069019
-0.000031022 0.001121303 -0.000137651 0.002098895
0.000102444 0.000814330 -0.000073747 0.001951915
-0.000042632 0.001177021 0.000026323 0.001701740
0.000015001 0.001015648 0.000139395 0.001385140
0.000080205 0.000806995 0.000192762 0.001214363
0.000266280 0.000099910 0.000751891 -0.000910327
0.000369465 0.000904472 -0.004135662 0.005860811
-0.000095702 0.001230089 -0.002202883 0.004507866
-0.000220841 0.001342714 -0.001311231 0.003705379
-0.000153224 0.001268335 -0.000887862 0.003239673
-0.000086622 0.001181753 -0.000627604 0.002901338
0.000004738 0.001044714 -0.000356601 0.002494833
-0.000032617 0.001108216 -0.000271876 0.002350802
-0.000003196 0.001052317 -0.000129427 0.002080147
-0.000037624 0.001124616 -0.000131182 0.002083833
0.000103678 0.000799622 -0.000088031 0.001984586
-0.000062148 0.001214186 0.000080702 0.001562754
-0.000058412 0.001203726 0.000131830 0.001419594
0.000100280 0.000695910 0.000140148 0.001392978
0.000223484 0.000227736 0.000702306 -0.000743225
-0.000062832 0.000929982 -0.003920922 0.005633139
-0.000136509 0.000981556 -0.001866657 0.004195154
0.000019533 0.000841118 -0.001288061 0.003674417
0.000026234 0.000833747 -0.000868915 0.003213357
0.000015382 0.000847855 -0.000591625 0.002852879
0.000019431 0.000841782 -0.000400270 0.002565847
0.000062805 0.000768046 -0.000226895 0.002271109
0.000040507 0.000810412 -0.000071907 0.001976633
0.000018802 0.000855992 -0.000103137 0.002042215
0.000042289 0.000801972 -0.000072967 0.001972825
0.000007142 0.000889840 0.000031429 0.001711833
0.000034341 0.000813681 0.000095437 0.001532613
0.000048571 0.000768145 0.000191881 0.001223992
0.000255886 -0.000019651 0.000815744 -0.001146688
-0.000072985 0.000994192 -0.003697118 0.005455370
-0.000096563 0.001010696 -0.001731176 0.004079211
0.000038746 0.000888919 -0.001190637 0.003592726
-0.000062273 0.001000039 -0.000875463 0.003246034
-0.000054490 0.000989922 -0.000648819 0.002951396
-0.000002931 0.000912583 -0.000420005 0.002608175
0.000040243 0.000839187 -0.000223197 0.002273603
0.000071974 0.000778897 -0.000156548 0.002146970
0.000062475 0.000798846 -0.000065615 0.001956009
0.000009974 0.000919599 -0.000005432 0.001817588
-0.000014685 0.000981246 0.000032816 0.001721968
0.000008913 0.000915170 0.000050988 0.001671088
0.000117140 0.000568845 0.000221236 0.001126292
0.000394084 -0.000483542 0.001092924 -0.002186121
0.000017471 0.000939280 -0.004159097 0.005722930
0.000080219 0.000895357 -0.001685403 0.003991345
0.000047722 0.000924604 -0.001114912 0.003477902
0.000032426 0.000941430 -0.000844570 0.003180527
0.000028146 0.000946994 -0.000504588 0.002738550
0.000021650 0.000956738 -0.000336190 0.002485953
0.000105200 0.000814702 -0.000213554 0.002277471
0.000037702 0.000942950 -0.000142354 0.002142193
0.000004448 0.001012782 -0.000066269 0.001982414
0.000014236 0.000990269 0.000035725 0.001747827
0.000018952 0.000978481 0.000034131 0.001751813
0.000057854 0.000869553 0.000122243 0.001505098
0.000094534 0.000752179 0.000281110 0.000996725
0.000082511 0.000797865 0.000553340 -0.000037748
-0.000073754 0.001050204 -0.006362921 0.007348046
0.000237220 0.000832523 -0.002020578 0.004308406
0.000077692 0.000976097 -0.001228255 0.003595315
-0.000032566 0.001097381 -0.000879995 0.003212230
0.000021977 0.001026476 -0.000534268 0.002762785
0.000013257 0.001039556 -0.000362208 0.002504694
0.000039911 0.000994244 -0.000204170 0.002236031
0.000008151 0.001054588 -0.000133666 0.002102073
-0.000034746 0.001144672 -0.000076620 0.001982275
0.000109256 0.000813466 0.000052475 0.001685358
0.000007382 0.001068152 0.000027467 0.001747876
0.000032149 0.000998803 0.000155261 0.001390055
0.000080531 0.000843981 0.000232263 0.001143648
0.000069607 0.000885492 0.000480776 0.000199297
-0.000120843 0.001153282 -0.011441191 0.011247088
0.000303483 0.000856255 -0.003074340 0.005390292
0.000092288 0.001046330 -0.001591105 0.004055381
-0.000092247 0.001249318 -0.001048198 0.003458183
-0.000000665 0.001130262 -0.000641510 0.002929489
0.000077519 0.001012986 -0.000416776 0.002592388
-0.000001158 0.001146737 -0.000256201 0.002319409
0.000038648 0.001071105 -0.000114266 0.002049733
0.000036670 0.001075258 -0.000035554 0.001884439
-0.000013507 0.001190665 -0.000035328 0.001883919
0.000017815 0.001112362 -0.000004073 0.001805782
0.000027210 0.001086054 0.000154551 0.001361632
-0.000021645 0.001242390 0.000139570 0.001409575
0.000114301 0.000725795 0.000275340 0.000893645
0.000829160 -0.001466693 -0.009452294 0.010313037
0.000555195 -0.001274917 -0.003077330 0.005850562
0.000348205 -0.001088627 -0.001431020 0.004368883
0.000117783 -0.000835162 -0.000948781 0.003838420
0.000165641 -0.000897377 -0.000714476 0.003533824
0.000183746 -0.000924536 -0.000431863 0.003109905
0.000114511 -0.000806835 -0.000262430 0.002821869
0.000048090 -0.000680635 -0.000098730 0.002510838
0.000030925 -0.000644590 -0.000147684 0.002613643
0.000096783 -0.000796063 -0.000024978 0.002331418
0.000107863 -0.000823762 0.000057779 0.002124525
0.000044931 -0.000647554 0.000041628 0.002169747
0.000126853 -0.000909702 0.000180821 0.001724330
-0.000093236 -0.000073365 0.000405408 0.000870902
0.000472807 -0.001177668 -0.005702103 0.007395332
0.000245825 -0.001018781 -0.002371639 0.005064006
0.000161146 -0.000942569 -0.001170849 0.003983296
0.000018583 -0.000785750 -0.000837014 0.003616077
0.000107528 -0.000901379 -0.000569647 0.003268500
0.000119718 -0.000919664 -0.000376091 0.002978167
0.000129560 -0.000936396 -0.000253320 0.002769455
0.000103822 -0.000887493 -0.000080030 0.002440204
-0.000024041 -0.000618981 -0.000150027 0.002587198
0.000103812 -0.000913041 -0.000078828 0.002423441
0.000052595 -0.000785000 0.000120667 0.001924704
0.000123729 -0.000984176 0.000045808 0.002134308
0.000160453 -0.001101690 0.000370228 0.001096163
0.000160859 -0.001103234 0.000551134 0.000408721
0.000371634 -0.001150864 -0.004168842 0.006243386
0.000011587 -0.000898831 -0.001977667 0.004709564
0.000078996 -0.000959499 -0.001192613 0.004003015
0.000173062 -0.001062971 -0.000865488 0.003643177
0.000134713 -0.001013117 -0.000601224 0.003299635
0.000170728 -0.001067141 -0.000480270 0.003118204
0.000251356 -0.001204207 -0.000227817 0.002689033
0.000033399 -0.000790090 -0.000172103 0.002583176
0.000148668 -0.001032154 -0.000128173 0.002490924
0.000020699 -0.000737827 0.000064149 0.002048582
0.000081444 -0.000889689 -0.000032168 0.002289376
0.000146886 -0.001072926 0.000152351 0.001772723
0.000188111 -0.001204845 0.000282750 0.001355447
0.000261580 -0.001484030 0.000683339 -0.000166793
0.000138969 -0.000996750 -0.003983438 0.006101632
0.000054904 -0.000937904 -0.002099017 0.004782538
0.000008315 -0.000895975 -0.001231610 0.004001871
0.000135372 -0.001035738 -0.000914747 0.003653322
0.000160882 -0.001068900 -0.000686666 0.003356817
0.000118480 -0.001005297 -0.000422120 0.002959997
0.000203160 -0.001149253 -0.000260930 0.002685975
0.000032328 -0.000824672 -0.000212621 0.002594188
0.000140418 -0.001051660 -0.000104620 0.002367386
-0.000004433 -0.000718503 -0.000050765 0.002243520
0.000024913 -0.000791869 0.000021542 0.002062751
0.000150248 -0.001142806 0.000137461 0.001738179
0.000249551 -0.001460577 0.000262720 0.001337350
0.000460194 -0.002261018 0.000987847 -0.001418134
0.000252681 -0.001175879 -0.004108850 0.006191900
-0.000028607 -0.000978978 -0.002023322 0.004732031
-0.000049281 -0.000960371 -0.001231301 0.004019212
0.000155863 -0.001186029 -0.000996553 0.003760989
0.000100111 -0.001113551 -0.000699877 0.003375311
0.000139570 -0.001172740 -0.000476907 0.003040855
0.000187663 -0.001254498 -0.000246468 0.002649109
0.000048517 -0.000990120 -0.000176014 0.002515247
0.000154021 -0.001211679 -0.000130167 0.002418969
0.000047463 -0.000966595 0.000044783 0.002016584
0.000051286 -0.000976153 -0.000070409 0.002304562
0.000116434 -0.001158569 0.000087882 0.001861348
0.000290290 -0.001714906 0.000214671 0.001455623
0.000481118 -0.002440054 0.001040135 -0.001681138
0.000549487 -0.000925285 -0.004012769 0.006054436
-0.000201843 -0.000399354 -0.001738905 0.004462732
-0.000208438 -0.000393418 -0.000986625 0.003785680
-0.000013808 -0.000607511 -0.000838370 0.003622599
0.000141016 -0.000808783 -0.000617409 0.003335349
0.000099518 -0.000746536 -0.000410188 0.003024518
0.000099181 -0.000745963 -0.000292689 0.002824770
0.000000199 -0.000557897 -0.000124170 0.002504583
0.000055273 -0.000673551 -0.000139365 0.002536494
0.000045774 -0.000651705 -0.000160451 0.002584990
0.000123231 -0.000845346 0.000093045 0.001951252
0.000240866 -0.001174725 0.000225357 0.001580777
0.000264563 -0.001250556 0.000351751 0.001176318
0.000483537 -0.002082655 0.000891964 -0.000876494
0.000419892 -0.000902350 -0.003800098 0.005833480
-0.000192251 -0.000473850 -0.001702219 0.004364964
-0.000155212 -0.000507185 -0.000939682 0.003678681
-0.000038401 -0.000635677 -0.000819660 0.003546656
0.000151068 -0.000881987 -0.000593174 0.003252226
0.000037428 -0.000711526 -0.000488775 0.003095627
0.000113497 -0.000840844 -0.000302895 0.002779631
-0.000079607 -0.000473945 -0.000202006 0.002587942
0.000218917 -0.001100846 -0.000053409 0.002275888
0.000051437 -0.000715643 -0.000042749 0.002251369
0.000064583 -0.000748508 0.000011899 0.002114749
0.000160814 -0.001017955 0.000200603 0.001586378
0.000230329 -0.001240404 0.000277935 0.001338916
0.000645787 -0.002819142 0.001129164 -0.001895753
0.000401189 -0.001059963 -0.004153624 0.006015692
-0.000117395 -0.000696954 -0.001723844 0.004314846
-0.000086787 -0.000724501 -0.000883207 0.003558272
-0.000015060 -0.000803401 -0.000815669 0.003483981
0.000109370 -0.000965160 -0.000703576 0.003338259
0.000053035 -0.000880657 -0.000450400 0.002958496
0.000024904 -0.000832834 -0.000297901 0.002699248
-0.000023180 -0.000741474 -0.000166076 0.002448780
0.000092330 -0.000984045 -0.000138739 0.002391372
0.000064086 -0.000919086 -0.000090150 0.002279617
0.000122531 -0.001065197 0.000036572 0.001962812
0.000133661 -0.001096362 0.000230875 0.001418765
0.000225818 -0.001391262 0.000231878 0.001415555
0.000464431 -0.002297994 0.000999881 -0.001502858
0.000154711 -0.001114279 -0.005920265 0.007239742
0.000019778 -0.001019826 -0.001939022 0.004452871
0.000014305 -0.001014900 -0.000881412 0.003501022
0.000072331 -0.001078728 -0.000818322 0.003431623
0.000113704 -0.001132514 -0.000639863 0.003199626
0.000032959 -0.001011396 -0.000465016 0.002937357
0.000069298 -0.001073173 -0.000301198 0.002658865
0.000019393 -0.000978353 -0.000190428 0.002448402
0.000087041 -0.001120414 -0.000107146 0.002273511
0.000044970 -0.001023650 -0.000033184 0.002103398
0.000085329 -0.001124547 0.000028897 0.001948196
0.000176101 -0.001378709 0.000052133 0.001883134
0.000100513 -0.001136829 0.000206697 0.001388531
0.000192172 -0.001485131 0.000495126 0.000292500
0.000145671 -0.001227688 -0.010236202 0.010507377
-0.000056602 -0.001086097 -0.002852431 0.005338737
0.000118666 -0.001243838 -0.001162503 0.003817803
0.000116344 -0.001241284 -0.000866036 0.003491689
0.000149977 -0.001285007 -0.000653664 0.003215605
0.000024701 -0.001097093 -0.000495268 0.002978011
0.000045692 -0.001132777 -0.000354918 0.002739416
-0.000035896 -0.000977760 -0.000192173 0.002430200
0.000074882 -0.001210394 -0.000118393 0.002275263
0.000091597 -0.001248839 -0.000103561 0.002241149
0.000080288 -0.001220566 -0.000027159 0.002050144
0.000117374 -0.001324408 0.000064869 0.001792466
0.000025367 -0.001029985 0.000221918 0.001289911
0.000053153 -0.001135570 0.000293353 0.001018456
-0.060442094 0.891052486 -1.656181315 2.483868469
-0.154071459 0.956593041 -0.909363086 1.961095718
-0.109254692 0.916257951 -0.572817189 1.658204419
-0.073067572 0.876452119 -0.388393839 1.455338730
-0.145574475 0.970711090 -0.287840000 1.324618743
-0.742253186 1.865729156 -0.243149342 1.257582756
-0.628476964 1.672309572 -0.173339310 1.138905698
-0.425917659 1.287446897 -0.167351425 1.127528718
-0.297434855 1.017633022 -0.085827688 0.956328877
-0.236169640 0.876723030 -0.041843345 0.855164890
-0.133659116 0.620446720 -0.031279927 0.828756345
-0.108675447 0.550492447 0.017444487 0.692327989
0.004289474 0.189004697 -0.062543362 0.948289111
0.066847749 -0.048716747 0.076334183 0.420554445
-0.285226124 1.019579121 -1.790039646 2.554047399
-0.181438636 0.946927881 -0.916061456 1.942262677
-0.107655798 0.880523328 -0.565557345 1.626808985
-0.073612955 0.843076200 -0.386203070 1.429519278
-0.097339428 0.873920614 -0.263143119 1.269541348
-0.473177022 1.437677006 -0.215106555 1.197486502
-0.450606805 1.399307636 -0.144162826 1.076882159
-0.314648562 1.140986977 -0.139325907 1.067692014
-0.220632650 0.943553570 -0.084635297 0.952841738
-0.146354551 0.772713946 -0.061916694 0.900588952
-0.105599380 0.670826020 -0.022955143 0.803185075
-0.054061474 0.526519886 -0.030234747 0.823567965
-0.020605677 0.419461331 -0.025945807 0.809843356
0.046551640 0.164263531 0.009337515 0.675766735
-0.202014160 0.925987577 -1.857329122 2.599421378
-0.145483324 0.886415993 -0.886859351 1.920092550
-0.065295681 0.814247116 -0.550699699 1.617548871
-0.059826097 0.808230574 -0.385461885 1.435787272
-0.042509724 0.785719290 -0.261516509 1.274658288
-0.299077559 1.170571041 -0.216415771 1.207007182
-0.291959152 1.158469749 -0.155595895 1.103613389
-0.220124204 1.021983351 -0.113700073 1.024011329
-0.162410697 0.900784992 -0.105170284 1.006098774
-0.127627819 0.820784374 -0.052910435 0.885901122
-0.070591481 0.678193528 -0.082519068 0.959922704
-0.023796106 0.547166479 0.042520900 0.609810800
0.015733592 0.420671444 -0.023127500 0.819885684
0.095951116 0.115844858 0.084551131 0.410706892
-0.089662974 0.805197271 -2.073432331 2.748507681
-0.071222488 0.792288931 -0.885626130 1.917043355
-0.029394620 0.754643850 -0.532053582 1.598828070
-0.015651291 0.739526189 -0.394430302 1.447442458
-0.022374684 0.748266600 -0.260541079 1.273386475
-0.172867436 0.974005727 -0.219464250 1.211771231
-0.163994490 0.958921719 -0.165972471 1.120835204
-0.151142532 0.934502999 -0.103940107 1.002973714
-0.102299427 0.831932484 -0.097587383 0.989632995
-0.048476744 0.708140315 -0.054717051 0.891031233
-0.030153597 0.662332447 -0.080534233 0.955574187
0.001816749 0.572815479 0.099654770 0.451044988
-0.011093320 0.614127702 -0.061537037 0.966858779
0.034256132 0.441799784 0.084610586 0.411497816
0.184809875 0.564709330 -2.203338874 2.811759120
0.046435597 0.661571322 -0.829055955 1.849761094
0.022630388 0.682996010 -0.498030067 1.551837802
-0.004637541 0.712990733 -0.371728076 1.412905610
0.017292495 0.684481687 -0.257666050 1.264624980
-0.043396045 0.775514498 -0.198274208 1.175537217
-0.100531316 0.872644461 -0.153254325 1.099003415
-0.045985596 0.769007594 -0.117190224 1.030481624
-0.029577010 0.734549564 -0.088120678 0.969435580
-0.081247966 0.853392761 -0.057508932 0.899028565
0.006296040 0.634532747 -0.027122899 0.823063484
0.000939071 0.649532259 0.128730803 0.386673125
-0.002097885 0.659250519 -0.092644011 1.095072540
0.066603277 0.398186106 0.153795639 0.158601882
0.191232573 0.514717812 -2.164981494 2.791293328
0.067642931 0.601230560 -0.819917370 1.849748457
0.039002290 0.627007136 -0.523756022 1.583203250
0.034671140 0.631771401 -0.381457644 1.426675032
0.012297925 0.660856579 -0.253277361 1.260040669
0.073934180 0.568402198 -0.182754950 1.154257053
0.105153658 0.515329083 -0.149457806 1.097651907
0.050340313 0.619474438 -0.117499274 1.036930698
0.069755895 0.578701717 -0.057176934 0.910253789
0.024307662 0.683232650 -0.093274988 0.993279312
-0.014146370 0.779367731 -0.048018106 0.880137105
0.027934604 0.661541005 0.094303913 0.481635459
0.011622610 0.713739389 -0.014291011 0.829139221
-0.058362115 0.979681338 0.016710014 0.711335328
0.334200581 0.404552778 -2.392676019 2.986152720
0.152547071 0.531710233 -0.930331405 1.962511508
0.077969115 0.598830391 -0.541935434 1.612955143
0.043282524 0.636985642 -0.374660328 1.428952522
0.030964010 0.652999710 -0.266797181 1.288730437
0.190093472 0.414305517 -0.187982574 1.170508526
0.200665367 0.396333295 -0.125674352 1.064584546
0.114307146 0.560413911 -0.128111289 1.069214726
0.130584209 0.526232082 -0.067286177 0.941481997
0.086630264 0.627326153 -0.054842817 0.912862268
0.065196564 0.680910402 -0.038395927 0.871745045
-0.024126911 0.931016130 0.048035372 0.629737412
-0.015334291 0.902879743 -0.046304571 0.931625233
-0.004182011 0.860501081 0.111080862 0.333560596
0.381124638 0.383340526 -1.940950867 2.659579156
0.184898984 0.520698482 -0.885089689 1.920476344
0.120196314 0.578930883 -0.525244349 1.596615547
0.075089064 0.628548859 -0.366538000 1.422038559
0.055486249 0.654032518 -0.251160204 1.272047430
0.321917755 0.254385259 -0.203476798 1.200522320
0.290311977 0.308115083 -0.111228267 1.043699814
0.240745034 0.402292273 -0.127806411 1.075198287
0.102652883 0.692285778 -0.075537544 0.965433672
0.171327848 0.534333361 -0.078891497 0.973147762
0.069892815 0.787920944 -0.009727877 0.800238713
0.050314802 0.842739380 -0.043518235 0.894851713
-0.028477316 1.094874159 -0.000507335 0.757216831
-0.098329937 1.360314119 0.091539999 0.407436965
0.439291325 0.373079078 -1.741712793 2.530297033
0.260601357 0.498162053 -0.887345128 1.932239678
0.162140688 0.586776653 -0.527367466 1.608259791
0.086314411 0.670185560 -0.363097023 1.427562299
0.102877592 0.648653425 -0.254789828 1.286762951
0.487595978 0.071575846 -0.188711837 1.187645964
0.476513675 0.090415761 -0.140550187 1.105771157
0.338077964 0.353443610 -0.108384529 1.044656407
0.184857801 0.675205937 -0.060155675 0.943375820
0.211050460 0.614962823 -0.065784439 0.956321975
0.094290589 0.906862500 -0.021869345 0.846534241
0.052900600 1.022754469 0.046266157 0.655754838
0.022933089 1.118650503 0.001107554 0.800262371
-0.085569029 1.530958549 -0.064307306 1.048838836
0.348712227 0.486494173 -1.633985140 2.484206248
0.264891402 0.545168750 -0.912961418 1.979489652
0.136301783 0.660899403 -0.560276375 1.662073121
0.100843942 0.699903029 -0.375841394 1.459194638
0.149614477 0.636501336 -0.265786584 1.316123391
0.770477469 -0.294793151 -0.199256194 1.216327805
0.610565762 -0.022943241 -0.175732735 1.176337924
0.461144612 0.260956939 -0.110041837 1.051525218
0.325522345 0.545763687 -0.033444456 0.890670727
0.270371969 0.672609550 -0.053975569 0.937892286
0.152235453 0.967950840 -0.037670141 0.897128716
0.076784473 1.179213579 0.024057770 0.724290567
0.025690798 1.342713342 -0.003305177 0.811852000
-0.043971988 1.607431926 0.093564844 0.443745924
0.000000000 2.000000000 -1.840829363 2.655436869
0.000000000 2.000000000 -1.047461095 2.100079091
-0.012249944 2.011024949 -0.608166907 1.704714332
-0.066567683 2.070774464 -0.427413438 1.505885511
-0.129924982 2.153138949 -0.298458863 1.338244570
-0.709997246 3.023247346 -0.228895490 1.233899511
-0.577977506 2.798813782 -0.161107836 1.118660496
-0.424201044 2.506638507 -0.119876010 1.040320028
-0.294484426 2.234233621 -0.042219748 0.877241884
-0.237663928 2.103546478 -0.135242013 1.091193089
-0.089925145 1.734199520 -0.034101412 0.838341587
-0.096303202 1.752058080 0.008381007 0.719390816
-0.041154431 1.575582011 0.020168725 0.681670118
0.163834701 0.796623320 0.064265210 0.514103476
-0.065221790 1.974206926 -2.135022410 2.841449503
-0.102597481 2.000369909 -1.022183360 2.062462182
-0.085944513 1.985382238 -0.600448108 1.682900464
-0.073648121 1.971856208 -0.415533930 1.479494864
-0.081084351 1.981523306 -0.298507142 1.327360046
-0.481666808 2.582396991 -0.209844956 1.194366767
-0.434817827 2.502753722 -0.146141105 1.086070216
-0.309226623 2.264130437 -0.145354323 1.084575331
-0.249275506 2.138233096 -0.088560560 0.965308435
-0.164917668 1.944210073 -0.071084184 0.925112771
-0.093237574 1.765009838 -0.055473654 0.886086446
-0.032944671 1.596189714 0.000621974 0.729018689
-0.032354201 1.594300209 -0.001349847 0.735328516
0.073739295 1.191144930 0.083326255 0.413559332
-0.165905366 1.913509433 -2.208463085 2.889911956
-0.141970524 1.896755044 -0.988606273 2.036012202
-0.080697517 1.841609340 -0.608410094 1.693835650
-0.063071273 1.822220471 -0.418472440 1.484904225
-0.055909740 1.812910477 -0.299510884 1.330254209
-0.293144514 2.168762639 -0.216827639 1.206229341
-0.311190001 2.199439968 -0.157424268 1.105243607
-0.212575273 2.012071987 -0.108723381 1.012711924
-0.165785512 1.913813492 -0.100780701 0.996032297
-0.138848987 1.851859487 -0.050628471 0.880682170
-0.033470795 1.588414007 -0.041509476 0.857884682
-0.034462801 1.591191625 -0.052311110 0.888129257
0.001335542 1.476636926 0.043077376 0.582886096
0.110262192 1.062715660 0.103937319 0.351618316
-0.078752642 1.693713727 -2.525710614 3.111420289
-0.090401178 1.701867702 -0.961870608 2.016732304
-0.046799172 1.662625898 -0.601279592 1.692200398
-0.061979316 1.679324057 -0.431325292 1.505250664
-0.018248554 1.622474068 -0.291214218 1.323106274
-0.187582925 1.876475625 -0.228984897 1.229762293
-0.198071670 1.894306492 -0.181848770 1.149630874
-0.124797270 1.755085133 -0.120614214 1.033285220
-0.071885569 1.643970566 -0.087027827 0.962753810
-0.113576027 1.739858619 -0.059022293 0.898341084
-0.013151171 1.488796478 -0.067179214 0.918733385
-0.054991828 1.605950316 0.008635221 0.706452972
0.039749152 1.302779176 -0.027788385 0.823008513
0.010857881 1.412566004 0.051224905 0.522758013
0.099778181 1.396998045 -2.497093826 3.065631702
-0.018650294 1.479897976 -0.910663659 1.955130604
-0.008324383 1.470604656 -0.592543342 1.668822326
-0.020449169 1.483941921 -0.428310190 1.488165855
0.001114011 1.455909789 -0.289239516 1.307373987
-0.076163989 1.571826788 -0.215122946 1.196199132
-0.082083970 1.581890756 -0.176659588 1.130811420
-0.051276106 1.523355816 -0.096161102 0.977864299
-0.046581019 1.513496133 -0.082908849 0.950034569
-0.018448229 1.448790718 -0.090984382 0.968608295
-0.028573279 1.474103343 -0.051200597 0.869148831
0.009312031 1.368024475 0.053966927 0.574679771
-0.023210450 1.472096416 -0.042291886 0.882707977
0.062762205 1.145400334 0.123152144 0.254020669
0.089412337 1.437871632 -2.577597056 3.143678504
0.002087355 1.498999119 -0.878828220 1.954540338
0.002514719 1.498614491 -0.562109813 1.669493780
-0.014460092 1.517286784 -0.436184860 1.530976328
-0.014403459 1.517213161 -0.300361442 1.354405892
0.079845767 1.375839322 -0.216377922 1.228430611
0.083377391 1.369835560 -0.153396482 1.121362161
0.055760165 1.422308289 -0.125415966 1.068199180
0.028514855 1.479523437 -0.096753813 1.008008661
0.041497936 1.449662353 -0.098438836 1.011884213
-0.014584464 1.589868353 -0.013759337 0.800185467
-0.005487202 1.564396020 0.097457743 0.488777648
-0.004018347 1.559695683 -0.084240251 1.070211239
-0.010360033 1.583794089 0.002540052 0.740446090
0.214712633 1.221705907 -2.672951977 3.235450765
0.042631033 1.342163025 -0.988376200 2.056247741
0.007883308 1.373435976 -0.594458438 1.701721765
0.025211582 1.354374875 -0.421318264 1.511267570
-0.004340409 1.392792462 -0.292204847 1.343420133
0.160048566 1.146208999 -0.248817444 1.278339029
0.186302729 1.101576921 -0.163803755 1.133815754
0.141436508 1.186822739 -0.123810514 1.057828597
0.081598739 1.312482048 -0.120350392 1.050562340
0.027859800 1.436081605 -0.012175140 0.801759266
0.041110125 1.402955794 -0.059006820 0.918838465
0.008808372 1.493400699 0.050338197 0.612672425
-0.000261068 1.522422910 -0.050307818 0.934739677
0.005415678 1.500851273 0.071323816 0.472539472
0.181906234 1.132382268 -2.483306079 3.102271750
0.067235831 1.212651549 -1.009644330 2.070708543
0.026859635 1.248990125 -0.612838718 1.713583502
0.021525629 1.254857531 -0.427742753 1.509977936
0.015437599 1.262771970 -0.301189649 1.345458906
0.295853544 0.842148052 -0.235510114 1.246939605
0.287733181 0.855952670 -0.167515934 1.131349495
0.226546607 0.972207159 -0.108592549 1.019395065
0.118784876 1.198506784 -0.098984218 0.999217570
0.113936636 1.209657737 -0.095277704 0.990692589
0.048926679 1.372182628 -0.044988798 0.864970324
0.033716551 1.414770985 -0.051368165 0.882832550
0.013785960 1.478548877 0.006642641 0.697197970
-0.057326261 1.748775314 0.046728182 0.544872916
0.099309093 1.111444530 -2.264555828 2.943520733
0.043398740 1.150581776 -0.976771174 2.042071491
0.043522109 1.150470744 -0.609862063 1.711853299
0.028584610 1.166901994 -0.445259671 1.530790664
0.054731952 1.132910450 -0.300567675 1.342691076
0.435880319 0.561187900 -0.221847541 1.224610875
0.452469749 0.532985867 -0.145240776 1.094379371
0.306050291 0.811182835 -0.116942269 1.040612208
0.209844062 1.013215905 -0.104762291 1.015034256
0.163842401 1.119019725 -0.062845334 0.918625258
0.102545039 1.272263129 -0.067325642 0.929826028
0.035681418 1.459481265 0.005406587 0.726175789
0.008671881 1.545911784 0.004119874 0.730293272
-0.059601072 1.805349003 0.132670857 0.241799539
-0.088562971 1.171923282 -1.949581024 2.759244977
0.014854670 1.099530935 -1.004166067 2.097454518
0.056576119 1.061981632 -0.646095718 1.775191213
0.033537757 1.087323830 -0.445536832 1.554576434
0.135912863 0.954236198 -0.308658109 1.376634100
0.675229269 0.145261589 -0.237045530 1.269215231
0.590637537 0.289067537 -0.213625507 1.229401192
0.411479620 0.629467575 -0.106209256 1.025310318
0.319118424 0.823426079 -0.062162265 0.932811640
0.247068942 0.989139883 -0.048855830 0.902206839
0.082279854 1.401112603 -0.041112708 0.882849034
0.086481253 1.389348688 0.033922783 0.672749663
0.000963211 1.663006424 -0.025621557 0.863291556
-0.076133613 1.955974354 0.096580243 0.398924721
0.003764040 -0.001906587 -0.009947386 0.010057992
0.000634791 0.000283887 -0.002979677 0.005180596
0.000145658 0.000724107 -0.001380138 0.003741011
0.000112657 0.000760407 -0.000927194 0.003242772
0.000038749 0.000856489 -0.000605936 0.002825137
0.000049605 0.000840205 -0.000365458 0.002464421
0.000057260 0.000827190 -0.000274829 0.002310351
0.000010234 0.000916540 -0.000209735 0.002186671
-0.000025982 0.000992593 0.000003188 0.001739534
-0.000007979 0.000951187 -0.000069991 0.001907845
-0.000028158 0.001001634 -0.000063671 0.001892045
0.000037765 0.000817050 0.000134616 0.001336843
-0.000015517 0.000987553 0.000129708 0.001352548
0.000001458 0.000923047 0.000253265 0.000883030
0.001676023 -0.000252823 -0.005721469 0.006873086
0.000195027 0.000783875 -0.002171294 0.004387963
0.000018432 0.000942810 -0.001203785 0.003517206
-0.000012741 0.000977101 -0.000851872 0.003130101
0.000094958 0.000837092 -0.000551324 0.002739388
-0.000012102 0.000997681 -0.000342923 0.002426787
-0.000049996 0.001062101 -0.000222530 0.002222120
0.000092323 0.000791695 -0.000169633 0.002121615
-0.000046491 0.001083205 -0.000047756 0.001865673
-0.000088525 0.001179883 0.000047156 0.001647375
0.000082025 0.000753507 -0.000033715 0.001849552
0.000014796 0.000941749 0.000121241 0.001415677
0.000105160 0.000652586 0.000231515 0.001062800
0.000257447 0.000073895 0.000618674 -0.000408404
0.000516495 0.000670659 -0.004165042 0.005770392
0.000109012 0.000955897 -0.002024144 0.004271763
-0.000127770 0.001169002 -0.001144508 0.003480090
-0.000095695 0.001133718 -0.000863241 0.003170697
0.000015019 0.000989791 -0.000588164 0.002813097
0.000015810 0.000988604 -0.000366657 0.002480836
-0.000037187 0.001078699 -0.000211145 0.002216467
0.000007096 0.000994561 -0.000173279 0.002144520
-0.000051305 0.001117203 -0.000105501 0.002002187
0.000002591 0.000993243 0.000022167 0.001708550
0.000020507 0.000948453 0.000011122 0.001736164
0.000058506 0.000842056 0.000075430 0.001556101
0.000033297 0.000922723 0.000296699 0.000848039
0.000028910 0.000939394 0.000437964 0.000311233
-0.000162438 0.001232926 -0.004034469 0.005740682
-0.000051698 0.001155408 -0.002046145 0.004348855
-0.000184227 0.001274685 -0.001245896 0.003628631
-0.000071517 0.001150703 -0.000884913 0.003231549
0.000000572 0.001056988 -0.000626914 0.002896151
-0.000018959 0.001086285 -0.000380139 0.002525988
-0.000006116 0.001064451 -0.000261691 0.002324626
0.000019420 0.001015932 -0.000123698 0.002062440
-0.000021625 0.001102128 -0.000123956 0.002062981
0.000037813 0.000965420 -0.000044959 0.001881289
0.000013329 0.001026629 0.000054712 0.001632111
0.000014678 0.001022853 0.000171518 0.001305054
-0.000065530 0.001279519 0.000179605 0.001279175
0.000368461 -0.000369648 0.000805219 -0.001098157
-0.000245334 0.001344911 -0.004279680 0.005964014
-0.000102514 0.001244937 -0.002211874 0.004516550
-0.000255285 0.001382431 -0.001318374 0.003712400
-0.000192026 0.001312846 -0.000907833 0.003260805
-0.000021731 0.001091462 -0.000597363 0.002857194
-0.000127922 0.001250749 -0.000347288 0.002482082
0.000061972 0.000927930 -0.000277299 0.002363100
-0.000024141 0.001091544 -0.000136442 0.002095472
0.000042774 0.000951023 -0.000068435 0.001952658
0.000094855 0.000831237 -0.000142370 0.002122708
0.000036636 0.000976783 0.000146452 0.001400652
-0.000053652 0.001229590 0.000120627 0.001472962
0.000071032 0.000830601 0.000322076 0.000828327
0.000295968 -0.000024155 0.000406906 0.000505970
-0.000246240 0.001085867 -0.003980935 0.005682101
-0.000212857 0.001062499 -0.001890435 0.004218751
0.000016651 0.000855942 -0.001273815 0.003663793
-0.000009709 0.000884938 -0.000883339 0.003234269
0.000022749 0.000842742 -0.000578910 0.002838512
-0.000020370 0.000907421 -0.000419132 0.002598845
0.000077688 0.000740723 -0.000197839 0.002222646
0.000009164 0.000870918 -0.000032508 0.001908517
0.000084799 0.000712085 -0.000198963 0.002258073
0.000070416 0.000745166 -0.000054046 0.001924765
-0.000064423 0.001082262 0.000105847 0.001525031
-0.000024640 0.000970871 -0.000055037 0.001975506
0.000130114 0.000475656 0.000227001 0.001072987
0.000218926 0.000138171 0.000421515 0.000333833
-0.000118972 0.001044402 -0.003779154 0.005516271
-0.000141244 0.001059993 -0.001729841 0.004081752
0.000012129 0.000921957 -0.001207433 0.003611584
-0.000046206 0.000986126 -0.000930016 0.003306425
-0.000030247 0.000965378 -0.000597813 0.002874563
-0.000090859 0.001056296 -0.000453797 0.002658538
0.000087984 0.000752264 -0.000243433 0.002300920
0.000032904 0.000856915 -0.000043135 0.001920353
0.000122122 0.000669558 -0.000063019 0.001962108
-0.000123887 0.001235379 -0.000114240 0.002079918
0.000069111 0.000752885 -0.000050338 0.001920162
-0.000020733 0.001004447 0.000161149 0.001327999
0.000188832 0.000333840 0.000157621 0.001339289
0.000033968 0.000922323 0.000515185 -0.000019454
0.000216465 0.000794512 -0.004213063 0.005762083
0.000119812 0.000862169 -0.001670652 0.003982396
0.000075978 0.000901620 -0.001141168 0.003505860
0.000005760 0.000978859 -0.000845328 0.003180436
0.000012504 0.000970092 -0.000487696 0.002715515
0.000041008 0.000927336 -0.000367638 0.002535427
0.000086498 0.000850004 -0.000176112 0.002209833
0.000030026 0.000957300 -0.000133331 0.002128548
0.000071683 0.000869820 -0.000047355 0.001948001
0.000037453 0.000948550 0.000070946 0.001675908
0.000046956 0.000924793 -0.000079166 0.002051188
-0.000027646 0.001133678 0.000118786 0.001496921
0.000023264 0.000970764 0.000296082 0.000929573
0.000199956 0.000299335 0.000590509 -0.000189248
0.000528089 0.000600717 -0.006399769 0.007375958
0.000322709 0.000744483 -0.002011322 0.004304046
0.000082100 0.000961032 -0.001228737 0.003599719
0.000004671 0.001046204 -0.000932142 0.003273466
0.000074959 0.000954828 -0.000478214 0.002683359
-0.000047628 0.001138710 -0.000415933 0.002589937
0.000047820 0.000976448 -0.000207069 0.002234869
0.000051599 0.000969268 -0.000082180 0.001997579
0.000118366 0.000829057 -0.000078721 0.001990316
-0.000067077 0.001255576 -0.000046539 0.001916296
0.000034209 0.001002359 0.000105141 0.001537098
0.000039188 0.000988419 0.000024768 0.001762142
0.000005953 0.001094771 0.000169456 0.001299138
0.000099392 0.000739703 0.000602579 -0.000346728
0.001011168 0.000280974 -0.011436073 0.011240488
0.000571619 0.000588659 -0.003069056 0.005383577
0.000170738 0.000949452 -0.001549928 0.004016361
-0.000044914 0.001186669 -0.001076756 0.003495872
0.000001520 0.001126305 -0.000666233 0.002962193
0.000072061 0.001020493 -0.000430210 0.002608158
0.000046397 0.001064121 -0.000218893 0.002248919
-0.000012609 0.001176233 -0.000098047 0.002019311
0.000062940 0.001017581 -0.000202402 0.002238457
0.000028979 0.001095690 0.000065782 0.001621634
0.000020357 0.001117246 0.000056651 0.001644462
-0.000059790 0.001341657 0.000072608 0.001599783
0.000090650 0.000860249 0.000197288 0.001200807
0.000086102 0.000877532 0.000124808 0.001476229
0.000531975 -0.001232581 -0.009503032 0.010344715
0.000462942 -0.001184258 -0.003058227 0.005833352
0.000322076 -0.001057479 -0.001423629 0.004362213
0.000109859 -0.000824040 -0.000976306 0.003870158
0.000183204 -0.000919388 -0.000676180 0.003479994
0.000203244 -0.000949448 -0.000469907 0.003170585
0.000104963 -0.000782371 -0.000276023 0.002840983
0.000079694 -0.000734359 -0.000084800 0.002477660
-0.000022564 -0.000519617 -0.000133848 0.002580660
0.000067031 -0.000725687 0.000079715 0.002089464
0.000048682 -0.000679814 0.000009130 0.002265927
0.000153050 -0.000972043 0.000061018 0.002120641
0.000040445 -0.000611707 0.000164479 0.001789565
0.000102291 -0.000846724 0.000669839 -0.000130802
0.000317864 -0.001062386 -0.005694471 0.007392382
0.000205809 -0.000983947 -0.002370981 0.005065939
0.000161719 -0.000944267 -0.001179953 0.003994014
-0.000012356 -0.000752784 -0.000823529 0.003601948
0.000114411 -0.000917582 -0.000613658 0.003329115
0.000169241 -0.000999826 -0.000334618 0.002910556
0.000120715 -0.000917333 -0.000308514 0.002866178
0.000114228 -0.000905007 -0.000107577 0.002484398
-0.000017506 -0.000628365 -0.000182281 0.002641276
0.000091098 -0.000878156 0.000181814 0.001803858
0.000060115 -0.000800696 0.000092998 0.002025898
0.000058451 -0.000796037 0.000126982 0.001930744
0.000105593 -0.000946894 0.000249137 0.001539847
0.000375995 -0.001974421 0.000587850 0.000252737
0.000313693 -0.001112443 -0.004134218 0.006222242
0.000010784 -0.000900406 -0.002003810 0.004730957
0.000084048 -0.000966344 -0.001178662 0.003988323
0.000181518 -0.001073561 -0.000839584 0.003615338
0.000133807 -0.001011537 -0.000646784 0.003364697
0.000170559 -0.001066665 -0.000476556 0.003109357
0.000133604 -0.001003841 -0.000244988 0.002715690
0.000171281 -0.001075427 -0.000034887 0.002316499
0.000208303 -0.001153173 -0.000170511 0.002601309
-0.000028219 -0.000609173 -0.000204572 0.002679649
-0.000010578 -0.000653275 0.000098800 0.001921218
0.000175519 -0.001174346 0.000383060 0.001125291
0.000224286 -0.001330400 0.000105042 0.002014949
0.000222358 -0.001323077 0.000400277 0.000893055
0.000178306 -0.001032099 -0.003975650 0.006097014
0.000077711 -0.000961682 -0.002102392 0.004785734
-0.000005202 -0.000887060 -0.001236020 0.004005999
0.000184568 -0.001095808 -0.000919100 0.003657388
0.000173759 -0.001081756 -0.000626725 0.003277300
0.000069039 -0.000924676 -0.000428462 0.002979905
0.000243248 -0.001220831 -0.000326802 0.002807084
0.000070671 -0.000892934 -0.000060161 0.002300465
0.000004414 -0.000753795 -0.000113999 0.002413524
0.000023239 -0.000797094 -0.000024918 0.002208638
0.000081799 -0.000943494 -0.000090779 0.002373292
0.000107838 -0.001016402 0.000115656 0.001795272
0.000185514 -0.001264965 0.000329112 0.001112213
0.000591519 -0.002807784 0.000862551 -0.000914852
0.000357501 -0.001256211 -0.004109582 0.006192911
-0.000014714 -0.000995661 -0.002014819 0.004726576
-0.000096200 -0.000922324 -0.001242809 0.004031767
0.000215654 -0.001265363 -0.001023258 0.003790262
0.000103985 -0.001120193 -0.000681978 0.003346598
0.000178845 -0.001232483 -0.000477603 0.003040035
0.000144001 -0.001173248 -0.000249929 0.002652988
0.000027672 -0.000952224 -0.000100650 0.002369360
0.000004532 -0.000903630 -0.000248364 0.002679558
0.000103871 -0.001132110 0.000040105 0.002016079
0.000099846 -0.001122046 0.000052053 0.001986209
0.000102749 -0.001130174 -0.000003636 0.002142138
0.000241666 -0.001574709 0.000139025 0.001685625
0.000783932 -0.003635319 0.000884004 -0.001145298
0.000663329 -0.001003486 -0.004011941 0.006050863
-0.000235505 -0.000374302 -0.001690770 0.004426043
-0.000199527 -0.000406682 -0.000975705 0.003782484
0.000008134 -0.000635110 -0.000899515 0.003698675
0.000184118 -0.000863888 -0.000653207 0.003378476
0.000041594 -0.000650103 -0.000386262 0.002978059
0.000131285 -0.000802578 -0.000263600 0.002769533
-0.000073050 -0.000414340 -0.000066562 0.002395159
0.000191209 -0.000969284 -0.000088921 0.002442115
0.000022477 -0.000581202 -0.000116139 0.002504716
0.000060694 -0.000676742 0.000027696 0.002145128
0.000135992 -0.000887577 0.000089158 0.001973033
0.000230623 -0.001190399 0.000311747 0.001260748
0.000801985 -0.003361571 0.001647518 -0.003815180
0.000449088 -0.000926602 -0.003821226 0.005847002
-0.000179904 -0.000486308 -0.001706659 0.004366806
-0.000131124 -0.000530210 -0.000919109 0.003658011
-0.000022342 -0.000649870 -0.000819733 0.003548697
0.000108698 -0.000820222 -0.000639658 0.003314599
0.000031707 -0.000704735 -0.000456181 0.003039385
0.000125361 -0.000863947 -0.000283057 0.002745073
-0.000008093 -0.000610385 -0.000191451 0.002571021
0.000072355 -0.000779325 -0.000086518 0.002350661
0.000121474 -0.000892299 -0.000119577 0.002426698
0.000020513 -0.000639897 0.000068204 0.001957246
0.000137339 -0.000967009 -0.000026651 0.002222839
0.000273245 -0.001401907 0.000568492 0.000318383
0.000632489 -0.002767034 0.000914375 -0.000995975
0.000359891 -0.001029637 -0.004129096 0.005996651
-0.000094853 -0.000711316 -0.001719298 0.004309793
-0.000105081 -0.000702111 -0.000861938 0.003538168
0.000006808 -0.000825188 -0.000827065 0.003499808
0.000080377 -0.000920828 -0.000720875 0.003361761
0.000051287 -0.000877193 -0.000443949 0.002946372
-0.000010617 -0.000771956 -0.000306973 0.002713514
-0.000038910 -0.000718201 -0.000233217 0.002573377
0.000291749 -0.001412584 -0.000039764 0.002167125
-0.000027245 -0.000678897 -0.000009501 0.002097520
0.000075342 -0.000935365 -0.000003117 0.002081560
0.000136318 -0.001106098 0.000159001 0.001627631
0.000287918 -0.001591216 0.000271273 0.001268361
0.000520416 -0.002474711 0.001044031 -0.001668121
0.000009718 -0.001002626 -0.005921616 0.007233647
-0.000008629 -0.000989783 -0.001902660 0.004420377
-0.000011538 -0.000987165 -0.000867910 0.003489102
0.000062438 -0.001068539 -0.000847981 0.003467181
0.000161253 -0.001196997 -0.000665585 0.003230065
0.000000591 -0.000956006 -0.000442528 0.002895481
0.000045046 -0.001031578 -0.000227772 0.002530396
0.000083706 -0.001105032 -0.000305042 0.002677208
-0.000044031 -0.000836786 -0.000091693 0.002229176
0.000102961 -0.001174865 -0.000095114 0.002237043
0.000156202 -0.001307968 0.000074146 0.001813892
0.000074105 -0.001078096 0.000137232 0.001637254
0.000165961 -0.001372035 0.000259714 0.001245311
0.000307026 -0.001908084 0.000547866 0.000150333
-0.000217539 -0.000953899 -0.010192433 0.010473146
-0.000112954 -0.001027109 -0.002826433 0.005316946
0.000119927 -0.001236702 -0.001139646 0.003798838
0.000085790 -0.001199151 -0.000912176 0.003548621
0.000145953 -0.001277362 -0.000622989 0.003172678
0.000005389 -0.001066517 -0.000489764 0.002972840
0.000021068 -0.001093171 -0.000326776 0.002695760
0.000050943 -0.001149934 -0.000281677 0.002610073
-0.000054783 -0.000927908 -0.000159738 0.002354001
0.000126973 -0.001345948 0.000053685 0.001863128
0.000071972 -0.001208446 -0.000095964 0.002237251
0.000060424 -0.001176111 0.000063422 0.001790968
0.000061643 -0.001180010 0.000216214 0.001302035
0.000168150 -0.001584740 0.000324457 0.000890711
0.116202540 0.761240211 -1.705827815 2.521116188
-0.146047184 0.944815014 -0.902645046 1.958888260
-0.103160118 0.906216656 -0.584871630 1.672892193
-0.079533188 0.880227033 -0.402884031 1.472705830
-0.152519905 0.975109761 -0.275925630 1.307659915
-0.726392096 1.835918048 -0.253937482 1.274677692
-0.613554936 1.644094869 -0.160155950 1.115249083
-0.443261126 1.320536636 -0.114526790 1.028553680
-0.303465056 1.026964901 -0.116057368 1.031767895
-0.266841586 0.942730923 -0.082992594 0.955718915
-0.122603744 0.582136317 -0.008137426 0.768580996
-0.103087736 0.527491496 -0.042404075 0.864527612
-0.006819344 0.219432636 0.036777661 0.611146052
0.093035126 -0.160014344 -0.061827380 0.985845204
-0.157733867 0.924543952 -1.954784510 2.673209368
-0.179447244 0.939743316 -0.919160302 1.948272434
-0.110011671 0.877251301 -0.579108458 1.642225783
-0.072419371 0.835899771 -0.395835780 1.440625833
-0.067463799 0.829457527 -0.263177690 1.268170322
-0.509216962 1.492087271 -0.215495177 1.196646554
-0.410335211 1.323988289 -0.143717281 1.074624126
-0.328549562 1.168595559 -0.173478189 1.131169850
-0.214482346 0.929054416 -0.069792254 0.913429397
-0.162602624 0.809731059 -0.068276508 0.909943182
-0.103171484 0.661153208 -0.014752549 0.776133285
-0.038008606 0.478697154 0.003352313 0.725439670
-0.026351168 0.441393350 -0.018516186 0.795418869
0.071233217 0.070572691 -0.019759611 0.800143886
-0.111794776 0.858509991 -1.996151328 2.697661102
-0.139080294 0.877609853 -0.880683117 1.916833367
-0.081440489 0.825734030 -0.542850961 1.612784435
-0.045297460 0.785976697 -0.400104368 1.455763179
-0.055888580 0.799745152 -0.265239414 1.280438746
-0.276393228 1.130502125 -0.207557033 1.193915174
-0.328212200 1.218594379 -0.139826288 1.078772905
-0.180051391 0.937088846 -0.163880645 1.124476183
-0.184465603 0.946358690 -0.082758943 0.954120616
-0.119906784 0.797873411 -0.083031039 0.954746435
-0.058071921 0.643286251 -0.025319858 0.810468485
-0.017994489 0.531069445 -0.028349303 0.818950931
-0.014206521 0.518947947 0.010755064 0.693816954
0.098968564 0.088882630 0.123366050 0.265895210
-0.067714457 0.784736158 -2.228283419 2.858796961
-0.070647900 0.786789568 -0.905944759 1.933159915
-0.032990269 0.752897702 -0.526202792 1.591392153
-0.018182999 0.736609705 -0.378628807 1.429060766
-0.023879701 0.744015417 -0.270959670 1.289090894
-0.151314401 0.935167467 -0.215719887 1.206231219
-0.176731411 0.978376385 -0.159385559 1.110462859
-0.141595355 0.911617879 -0.104036666 1.005299964
-0.110081706 0.845439219 -0.133627025 1.067439715
-0.077566486 0.770654215 0.016916390 0.721189867
0.004697443 0.564994393 -0.023755634 0.822869926
-0.072326643 0.780661829 0.011422184 0.724372037
0.031279032 0.449123663 -0.054577598 0.935571343
0.063964654 0.324918303 0.001869127 0.721073791
0.240651383 0.519663982 -2.365004561 2.921551000
0.056793693 0.648364363 -0.787411975 1.817236209
0.004169940 0.695725740 -0.502358555 1.560688137
0.025214562 0.672576655 -0.389186581 1.436198963
-0.019091661 0.730174743 -0.257489024 1.264992145
-0.037951460 0.758464442 -0.196182383 1.173032184
-0.089578065 0.846229672 -0.179932480 1.145407348
-0.027190755 0.727693784 -0.111523907 1.015431060
-0.041310777 0.757345831 -0.097291446 0.985542895
-0.017950531 0.703617264 0.018805261 0.718520474
-0.039777365 0.758184349 -0.044332551 0.876365004
-0.032412849 0.737563706 -0.011514572 0.784474663
0.013983649 0.589094909 0.045125889 0.603225186
0.088936245 0.304275050 -0.041955414 0.934134133
0.220494581 0.493645453 -2.237042918 2.841873057
0.071195368 0.598154900 -0.814065386 1.845788801
0.043905367 0.622715901 -0.519962187 1.581095929
0.006675425 0.663668838 -0.383564371 1.431058328
0.052781689 0.603730697 -0.267218884 1.279809201
0.084450821 0.556226999 -0.195063604 1.171576281
0.074472454 0.573190223 -0.140699795 1.079157802
0.065401220 0.590425568 -0.135632802 1.069530516
0.022716517 0.680063440 -0.027026528 0.841457351
-0.018663104 0.775236566 -0.106560861 1.024386313
0.047986912 0.608611525 0.009078385 0.735288199
-0.046574760 0.873384204 0.048050869 0.626165246
0.025020345 0.644279863 -0.028579041 0.871380961
-0.018079878 0.808060709 -0.020072163 0.839054827
0.340901038 0.398719241 -2.431792762 3.016666306
0.147119769 0.534366126 -0.953406748 1.981796114
0.091416516 0.584499053 -0.537983647 1.607915333
0.016853219 0.666518681 -0.360914002 1.413138719
0.072672946 0.593953039 -0.272171134 1.297772996
0.162880680 0.458641438 -0.208420406 1.202146903
0.226390145 0.350675345 -0.126833663 1.063449436
0.127048538 0.539424396 -0.098741686 1.010074680
0.130650370 0.531860549 -0.099150813 1.010933847
0.032316439 0.758028586 -0.017721351 0.823646088
0.058062086 0.693664468 -0.045355764 0.892732122
0.041459044 0.740152985 0.077380669 0.549070116
-0.028186246 0.963017916 -0.064586113 1.003363824
-0.048053864 1.038514861 -0.002349168 0.766863436
0.373005591 0.388941545 -2.000137687 2.700188816
0.171818147 0.529772753 -0.881511026 1.917150166
0.136924353 0.561177167 -0.523102159 1.594582195
0.070095981 0.634688378 -0.378501551 1.435521522
0.054949211 0.654379179 -0.249340177 1.267611742
0.284008316 0.310790521 -0.208144138 1.205817685
0.326937256 0.237811321 -0.148492807 1.104410418
0.248881369 0.386117504 -0.076431361 0.967493674
0.140209165 0.614329124 -0.119226844 1.057364184
0.118635865 0.663947713 0.020768339 0.735375268
0.058828403 0.813466367 -0.046517658 0.903590261
0.050343561 0.837223923 -0.055925088 0.929931064
-0.005936326 1.017319563 0.016085309 0.699497790
-0.060027543 1.222866188 -0.005843491 0.782827229
0.442874458 0.373344170 -1.836965194 2.592401798
0.259417907 0.501763753 -0.862206868 1.910070981
0.138319102 0.610752675 -0.523914570 1.605607921
0.100951529 0.651857006 -0.373400881 1.440042860
0.081834774 0.676708787 -0.249410212 1.278854996
0.523427898 0.014319100 -0.187642828 1.186203919
0.444269935 0.148887641 -0.194407771 1.197704323
0.297728287 0.427316768 0.008585158 0.812017763
0.260276136 0.505966282 -0.183613555 1.215635041
0.186564282 0.675503544 -0.030752115 0.864053738
0.084994648 0.929427630 -0.034381753 0.873127832
0.104909216 0.873666838 0.113869878 0.458023272
0.020260019 1.144544272 -0.066751153 1.036010581
-0.090224450 1.564385251 -0.021677540 0.864730854
0.327827950 0.505111744 -1.666514973 2.506638100
0.238880827 0.567374729 -0.910065824 1.977123705
0.145651067 0.651281511 -0.565007194 1.666570946
0.087822111 0.714893364 -0.352915056 1.433269588
0.178427356 0.597106550 -0.298643041 1.362715972
0.716740020 -0.210362446 -0.187677100 1.196267061
0.672804358 -0.135671818 -0.171152116 1.168174588
0.424958023 0.335236211 -0.088538559 1.011208831
0.314875766 0.566408941 -0.045205940 0.920210335
0.254667341 0.704888317 -0.115672918 1.082284382
0.145281576 0.978352727 -0.072666418 0.974768131
0.106577550 1.086724000 0.139883276 0.379628997
-0.007009706 1.450203224 -0.072280478 1.058553021
0.000280589 1.422500104 0.244897023 -0.146721466
0.000000000 2.000000000 -1.807440031 2.629068607
0.000000000 2.000000000 -1.040262046 2.092044027
-0.010191200 2.009172080 -0.596462346 1.692624308
-0.054497738 2.057909273 -0.432833290 1.512632342
-0.134749380 2.162236404 -0.293496777 1.331494882
-0.705565642 3.018460796 -0.247889996 1.263084710
-0.580291956 2.805495523 -0.133503425 1.068627534
-0.404420044 2.471338895 -0.135368455 1.072171091
-0.306258129 2.265198883 -0.021246667 0.832515346
-0.304161238 2.260376034 -0.163587293 1.159898780
-0.095280424 1.738174000 -0.005940399 0.765781544
-0.105123495 1.765734597 -0.006126760 0.766303356
0.000312726 1.428338686 -0.014349324 0.792615561
0.078648184 1.130663947 0.167986388 0.099739864
-0.050509575 1.965140761 -2.101285583 2.820221487
-0.101059681 2.000525835 -1.034410062 2.073408634
-0.089706757 1.990308204 -0.618983360 1.699524613
-0.064821863 1.962934819 -0.381482678 1.438273857
-0.093733646 2.000520136 -0.319909377 1.358228569
-0.472582466 2.568793366 -0.199521732 1.177647102
-0.450532001 2.531307575 -0.180068080 1.144575893
-0.254408212 2.158672380 -0.113688152 1.018454030
-0.273180539 2.198094265 -0.084919909 0.958040723
-0.137596098 1.886250056 -0.050599861 0.879104614
-0.104542193 1.803615294 -0.064706813 0.914371993
-0.047604728 1.644190397 -0.004946439 0.747042950
-0.015569133 1.541676490 -0.007072192 0.753845358
0.087253755 1.150949522 0.054779503 0.518808921
-0.168263922 1.916342979 -2.220986618 2.897462136
-0.128981479 1.888845269 -0.978694616 2.027857750
-0.083458404 1.847874502 -0.618306847 1.703508766
-0.076290992 1.839990350 -0.425404760 1.491316466
-0.058212862 1.816488782 -0.305493997 1.335432480
-0.287319949 2.160149412 -0.217095860 1.202835274
-0.320193286 2.216034086 -0.155372675 1.097905857
-0.225250802 2.035643368 -0.108901301 1.009610247
-0.128394335 1.832244797 -0.141306784 1.077661758
-0.098533607 1.763565124 -0.094830371 0.970766011
-0.069008282 1.689751811 0.051824856 0.604127943
-0.059120343 1.662065583 -0.023692394 0.815576238
0.027916833 1.383546615 0.012057724 0.701175862
0.100752419 1.106771391 0.101259208 0.362210226
-0.076867943 1.693372908 -2.469557671 3.073807313
-0.092388397 1.704237225 -0.968583880 2.023125677
-0.055697547 1.671215461 -0.605062102 1.695956086
-0.045531408 1.660032709 -0.436927236 1.511007730
-0.047032226 1.661983771 -0.303183126 1.337140392
-0.147504175 1.812691695 -0.220946021 1.213784735
-0.218202550 1.932878935 -0.142625025 1.080639039
-0.084599883 1.679033871 -0.127525673 1.051950270
-0.101785636 1.715123950 -0.133948890 1.065439025
-0.118613811 1.753828753 -0.047424126 0.866432072
-0.028416718 1.528336020 -0.115006982 1.035389211
-0.025177890 1.519267303 0.058981017 0.548222822
0.002121330 1.431909798 0.003417830 0.726025023
0.117715455 0.992652127 -0.034833255 0.871379143
0.105805999 1.396648463 -2.510325462 3.074402586
-0.034320357 1.494736911 -0.901867205 1.948481825
-0.001390576 1.465100109 -0.581352572 1.660018663
-0.032805216 1.499656214 -0.450080198 1.515619049
0.010781286 1.442993764 -0.302624332 1.323926430
-0.071748478 1.566788409 -0.183659450 1.145479107
-0.098714864 1.612631266 -0.184184677 1.146371992
-0.065669441 1.549844964 -0.109539369 1.004545909
-0.030758374 1.476531726 -0.108019684 1.001354570
0.022984738 1.352922572 -0.041977753 0.849458133
-0.064538330 1.571730242 -0.013936760 0.779355651
0.020153518 1.334593072 0.057743178 0.578651827
-0.016414327 1.451610177 -0.048265962 0.917881079
0.059692863 1.162402858 0.033980312 0.605345243
0.066955690 1.454414425 -2.534572633 3.114677445
-0.021559597 1.516375125 -0.882561855 1.958269920
0.012130734 1.486053827 -0.584018091 1.689580540
0.006330016 1.492434618 -0.402052248 1.489418108
-0.027570718 1.536505570 -0.280111365 1.330894966
0.071925504 1.387261238 -0.242034735 1.273780021
0.073127773 1.385217380 -0.157131907 1.129445209
0.080213575 1.371754355 -0.150407010 1.116667906
0.035343758 1.465980968 -0.050066102 0.905952007
-0.012655255 1.576378696 -0.080021005 0.974848282
0.042895483 1.437501851 -0.057789891 0.919270499
0.019941325 1.501773491 0.162965765 0.301154670
0.006184778 1.545794444 -0.100013332 1.142687794
-0.125125356 2.044772945 0.173422630 0.103631152
0.200366390 1.233403617 -2.666024725 3.227642556
0.037012698 1.347751199 -0.957446155 2.031637578
0.026682609 1.357048279 -0.596802688 1.707058466
0.005457999 1.380395351 -0.438313641 1.532720510
0.010196564 1.374235216 -0.317866428 1.376139140
0.135582057 1.186156977 -0.209982643 1.214313462
0.194785069 1.085511855 -0.193765233 1.186743863
0.139094045 1.191324798 -0.122560903 1.051455638
0.113867494 1.244300553 -0.128267675 1.063439859
0.030220740 1.436688084 -0.003761648 0.777076004
0.009973448 1.487306313 -0.051313846 0.895956497
0.030978911 1.428491019 -0.010532287 0.781768136
-0.025378470 1.608834638 0.036781933 0.630362629
-0.116879053 1.956536850 -0.031557234 0.890051460
0.153093943 1.154267009 -2.491127401 3.106337860
0.072929864 1.210381863 -1.007272661 2.067639560
0.034449092 1.245014557 -0.591707685 1.693631091
0.005652310 1.276691017 -0.443958203 1.531106657
-0.006888507 1.292994080 -0.304451512 1.349747966
0.296020437 0.838630663 -0.242680551 1.257091525
0.310821644 0.813468610 -0.150812024 1.100915024
0.187464423 1.047847327 -0.164613485 1.127137799
0.162497124 1.100278653 -0.041082790 0.867723351
0.090779640 1.265228862 -0.139697459 1.094537085
0.045354374 1.378792029 -0.034670637 0.831970030
0.047200907 1.373621736 -0.038334867 0.842229875
-0.012099546 1.563383189 0.010515950 0.685907259
-0.027613940 1.622337883 0.060917813 0.494380180
0.099796063 1.114733574 -2.261120216 2.941163488
0.036702754 1.158898889 -0.986985623 2.049269288
0.024199480 1.170151835 -0.589394429 1.691437223
0.040785089 1.151907665 -0.418375284 1.503316160
0.080541949 1.100223749 -0.324100477 1.380758915
0.427762764 0.579392527 -0.209826777 1.209348365
0.465369987 0.515460246 -0.164945185 1.133049656
0.313760154 0.803518924 -0.152222867 1.108877252
0.160175524 1.126046634 -0.151409769 1.107169747
0.242908539 0.935760702 -0.021554227 0.808502006
0.028735006 1.471194534 -0.005672178 0.768796883
0.059347735 1.385478897 -0.086345205 0.994681356
-0.018113656 1.633355349 0.060722341 0.524065202
0.007272661 1.536887346 0.043985176 0.587666429
-0.130895384 1.199839954 -1.904341096 2.729751763
0.038180354 1.081486939 -1.008633435 2.102756411
0.052056896 1.068998051 -0.635486094 1.766923813
0.042937413 1.079029483 -0.457880363 1.571557504
0.127705305 0.968831227 -0.312609002 1.382704742
0.681227879 0.138547366 -0.253282427 1.293714880
0.565724575 0.334902988 -0.185632772 1.178710463
0.466645527 0.523153178 -0.136617769 1.085581958
0.256304084 0.964870188 -0.080534201 0.967806470
0.229889696 1.025623280 -0.031784467 0.855682086
0.144821826 1.238292954 -0.050892639 0.903452516
0.065519198 1.460340308 -0.013242361 0.798031738
-0.005558531 1.687789046 0.017566485 0.699443430
0.000000000 1.666666627 0.045218396 0.594366170
