0.62096 -0.063039 -0.0738281 -0.0516117 -0.0281876 -0.0174899 0.012125 -0.0269956 -0.0333763 -0.0144143 0.00721269 -0.0347537 -0.573114 
0.393407 -0.0215695 -0.0490536 -0.0123684 -0.00811655 -0.0174046 -0.0129937 -0.0340457 -0.0148353 -0.0110779 -0.00762296 -0.0651732 -0.556945 
0.165394 -0.0285599 -0.00999875 0.00967291 -0.000662213 0.0138162 -0.00932853 -0.0112641 -0.0163507 -0.0102481 -0.00856467 -0.0143162 -1.5284 
-0.00891047 0.00870602 0.194338 -0.000907286 -0.0413438 -0.0238741 -0.0398085 -0.035837 -0.0195566 -0.0115281 -0.0113999 0.00510658 -5.94924 
-0.0651956 0.0195106 0.020452 -0.00816598 -0.0194718 -0.017893 -0.028462 -0.0614604 -0.0383475 -0.0212521 -0.0475093 -0.0234664 -5.45434 
-0.0624152 0.00867522 0.0133757 -0.0352907 -0.0410063 -0.0103761 0.0102426 0.0232118 0.0492527 0.0143143 -0.0247905 -0.106084 -4.77571 
0.0136172 0.0134087 0.00596711 -0.0215309 -0.0234123 -0.0183219 -0.0103301 -0.0575543 -0.0456019 -0.046774 -0.0209558 -0.173805 -4.84701 
0.190076 -0.0182532 -0.0149876 -0.00839555 -0.0225323 -0.0336889 -0.0181637 -0.0111353 -0.0235045 6.3513e-05 -0.00306611 -0.0362687 -1.77841 
0.421842 -0.0195236 -0.0528957 -0.0231833 -0.00604072 0.0299038 0.0163695 -0.00998013 -0.00231209 0.00624728 0.0425942 -0.0639773 -1.02723 
0.689012 -0.0301105 -0.0732639 -0.0114556 -0.00867407 -0.0179769 -0.0459966 -0.0136371 0.0803932 0.0540921 0.0210184 -0.0411578 -0.87058 
0.684113 -0.01947 -0.0563494 -0.0273366 0.014095 0.0210244 0.0466622 0.017067 0.0242096 -0.00531747 -0.00258593 -0.0150825 0.0214206 
0.194561 -0.0441719 -0.0125299 0.0230607 -0.00667256 0.029646 0.0290746 0.0293456 0.0427225 0.0145503 0.00384507 -0.081338 -0.250249 
0.200175 -0.0180381 -0.00253324 0.00863176 0.0369764 0.0193436 0.0327983 0.0428402 0.0464003 0.00782708 -0.0243083 -0.11155 -0.426957 
0.00781234 0.0412668 0.0463206 0.0467267 0.0455162 0.0355916 0.0397386 0.0473607 0.0174886 0.0103702 -0.0223496 -0.015604 0.658246 
-0.0739429 0.0245013 0.0402816 -0.00838285 0.0106018 0.0305127 0.0294875 0.0336333 0.0344642 0.00682222 0.0113834 -0.0652133 3.20985 
-0.0297794 0.0678012 0.0858572 0.0631056 0.041952 0.0563669 0.0492866 0.0590672 0.048554 0.0412472 -0.00737905 -0.0399319 1.90322 
0.0245546 0.0249908 0.0306347 0.0354763 0.0601398 0.0279437 0.0373036 0.0503973 0.0175169 0.0232593 0.0355479 0.0414591 2.6103 
0.0933945 -0.0408202 0.0107971 0.0252475 0.0272619 0.0288564 0.0421799 0.0422875 0.02855 0.0164882 -0.0312257 -0.0865037 0.203295 
0.301224 -0.0374598 -0.0192488 -0.00488841 -0.00284886 0.0129941 0.0236319 0.0139655 -0.0115902 -0.0148247 -0.0444184 -0.0783626 0.242661 
0.530515 -0.0507949 -0.0614967 -0.0233758 -0.00805622 0.00452521 0.00333037 0.0143299 0.0116539 -0.00318894 0.017703 -0.0173011 -0.19227 
-0.617492 0.0407758 0.0822121 0.0121887 0.00545525 -0.00736811 -0.0173212 0.00479303 -0.0288729 0.000492136 0.0472248 0.027941 -0.260858 
-0.391305 0.0341525 0.0561257 0.00879783 0.00600346 -0.00752033 -0.000971179 -0.0312628 -0.0504265 -0.0401368 -0.0454718 0.00854005 0.810156 
-0.190049 0.0316728 0.0212857 0.0214033 0.0158495 -0.0483053 -0.0565018 -0.0338359 -0.0169989 0.00524271 0.00413318 -0.0164952 2.21279 
-0.00660944 0.0115161 -0.0101457 -0.0440028 -0.025564 -0.0298926 -0.0295092 -0.0473641 -0.0495404 -0.0802582 -0.00410682 0.0229499 3.74133 
0.0568377 0.000218829 -0.0142942 -0.0359171 -0.0101016 -0.0154988 -0.0312872 -0.020938 -0.0332267 -0.021037 0.0251676 0.0512742 3.34321 
0.0466185 -0.004072 -0.0277563 0.00734157 0.00336278 -0.00337745 -0.0217487 -0.0174042 -0.0400403 -0.0243804 -0.055252 0.0214717 4.09202 
-0.0239112 0.0139719 0.00936429 -0.000210393 -0.013139 -0.0129086 -0.0150654 -0.0348471 -0.0497751 -0.0470953 -0.0549482 -0.0749693 2.16755 
-0.0672817 0.0567415 0.0246537 -0.000219389 -0.00488306 -0.0224866 -0.0354881 -0.0437041 -0.05218 -0.0561563 -0.0573668 -0.0359722 0.879726 
-0.41694 0.0264725 0.0532229 -0.0100141 -0.0184157 -0.0275408 -0.0232399 -0.0139109 -0.0490068 -0.033794 -0.0348112 -0.00280319 -0.371908 
-0.688553 0.0295075 0.0751568 -0.021233 -0.022615 -0.0334184 -0.016197 -0.00232286 0.0217528 -0.0152737 -0.0458647 0.0138166 -1.07321 
-0.676394 0.0617096 0.0751182 0.04154 0.0201592 0.0122726 -0.0177271 -0.0301778 -0.0124555 -0.0133986 -0.00983208 0.0555075 -0.465607 
-0.424096 0.020754 0.0290318 -0.0541778 -0.0701208 -0.059781 -0.0523888 -0.0631407 -0.0748481 -0.064349 -0.0478591 -0.00478253 0.526979 
-0.212201 0.0361043 0.0344006 -0.0255032 -0.0352818 -0.0291413 -0.0342464 -0.053843 -0.0699162 -0.103093 -0.121797 -0.151644 1.30292 
-0.0166091 0.0032839 -0.00392786 -0.0175449 -0.036427 -0.032689 -0.0545596 -0.0595778 -0.0805175 -0.116568 -0.176942 -0.223823 2.29672 
0.0344554 0.023413 0.00455034 -0.042465 -0.0292648 -0.0564689 -0.0694865 -0.0860493 -0.121659 -0.1531 -0.193353 -0.211301 2.16173 
0.00840144 -0.0122756 0.0133186 -0.0375369 -0.0364486 -0.0348481 -0.0858755 -0.0922746 -0.0903016 -0.0938596 -0.0588535 0.0143707 1.41922 
-0.00655437 0.0203222 -0.00240211 -0.0523376 -0.0626498 -0.0295553 -0.0281726 -0.058202 -0.0614467 -0.109391 -0.186892 -0.149074 1.25485 
-0.213475 0.0479196 0.0337033 0.00760895 -0.00873942 -0.030166 -0.0429292 -0.0531326 -0.070837 -0.104826 -0.120106 -0.19643 0.829256 
-0.183448 0.0778276 0.0507054 0.0207247 0.00428705 0.00381034 -0.0138573 -0.00012061 -0.0539701 -0.0662767 -0.0259577 0.0454384 0.266792 
-0.665259 0.0367207 0.0646494 0.0302509 0.0116799 0.0217685 0.00464887 -0.0136955 0.00547258 0.0232064 0.0486698 0.0766085 -0.332851 
