-0.0543577 0.013744 -0.0230645 -0.0217886 -0.0244547 -0.0234356 -0.00911408 -0.0320571 -0.0334987 -0.0468359 -0.0322967 0.106353 0.476865 
-0.0258429 0.0157057 -0.0225862 -0.0226245 -0.0229924 -0.00653474 -0.0207718 -0.0189557 -0.021064 -0.0292692 -0.0131406 0.135283 0.473416 
-0.0220882 0.00248817 -0.00889996 -0.00831165 -0.0204146 -0.0192762 -0.0160546 -0.0109009 -0.0182316 -0.0208753 -0.0275009 0.153744 0.518479 
-0.0134838 -0.00591455 -0.0170179 -0.00570142 -0.00825041 -0.0153117 -0.00683617 -0.0204927 -0.0203469 -0.0340469 -0.0296227 0.195486 0.511731 
0.00680989 0.00377395 -0.00377534 -0.00689856 -0.0090582 -0.00638185 -0.0127658 0.00149437 0.0129963 0.00226225 0.00842231 0.267568 0.313754 
-0.0165248 -0.00289153 -0.00584427 -0.00690143 -0.0172476 -0.0081204 -0.020345 -0.0110218 -0.0165447 -0.0125157 -0.00425568 0.144264 0.244513 
-0.0140227 -0.0055382 -0.00979427 -0.0032205 -0.0122908 -0.00684841 -0.0128762 -0.00727901 -0.0156201 -0.00102375 0.000770969 0.117696 0.106493 
0.00292865 -0.0064491 -0.00734798 -0.00321743 -0.00636261 -0.0173465 -0.0232012 -0.0118206 -0.0166517 -0.0223276 -0.0218187 0.0422328 0.137633 
0.00220139 -0.0326529 -0.0189426 -0.0155979 -0.0119376 -0.024588 -0.0169279 -0.0219569 -0.0272493 -0.0206287 -0.0330751 0.0631936 -0.00570174 
0.0181593 -0.0547354 -0.024147 -0.031652 -0.0275003 -0.0232553 -0.0445319 -0.0277573 -0.0172679 -0.0413816 -0.0248549 0.0125136 0.0259116 
-0.0707818 0.0241105 -0.00545633 -0.0128721 -0.00701843 -0.0171574 -0.012981 -0.0263232 -0.049271 -0.0188519 -0.0455674 -0.263827 0.0877007 
-0.0411886 0.0130906 -0.0135904 -0.0108724 -0.019841 -0.0111713 -0.0104384 -0.0256202 -0.0381779 -0.0356836 -0.0288845 -0.175218 0.0452377 
-0.0151029 0.0051189 -0.0132083 -0.022527 -0.0221339 -0.0178426 -0.010305 -0.0195327 -0.0246654 -0.0159549 -0.02936 -0.134529 0.0059887 
-0.00355526 -0.00168558 -0.01054 -0.0112091 -0.00774512 -0.0138265 -0.0157296 -0.00992854 -0.0241057 -0.012442 -0.000693559 -0.101584 0.022561 
0.0075592 4.41176e-05 -0.00521347 -0.00406928 -0.00662517 -0.00325168 -0.0104087 -0.00502674 -0.00731673 -0.0151715 -0.00933531 -0.134551 -0.00105647 
-0.0210129 -0.0175671 -0.0222456 -0.0148658 -0.0144673 -0.0177304 -0.0129726 -0.0111871 -0.0249151 0.00584988 -0.026789 -0.138955 0.0183677 
-0.00748621 -0.0104958 -0.0115297 -0.0129129 -0.0125161 -0.0127336 -0.0142639 -0.0105784 -0.0160219 -0.0169094 -0.0112203 -0.14156 0.104682 
0.00403403 -0.027966 -0.0183309 -0.0170095 -0.0174729 -0.0257472 -0.013001 -0.0168825 -0.0206383 -0.0184437 0.00214233 -0.123163 0.0243141 
0.0191018 -0.0410894 -0.0183804 -0.0140833 -0.0174411 -0.0280886 -0.0333111 -0.0118136 -0.0149695 -0.0142254 -0.024409 -0.192079 -0.179231 
0.0426159 -0.0574947 -0.0255662 -0.020316 -0.0245276 -0.0287727 -0.010777 -0.0114107 -0.010512 -0.00777471 -0.018633 -0.116005 -0.342549 
-0.0633819 0.0289859 -0.0111473 -0.00391689 -0.00864932 -0.0195283 -0.0100465 -0.0259526 -0.0612607 -0.0269834 -0.0217685 0.0731799 0.535276 
-0.0385209 0.0248293 -0.0194098 -0.0105611 -0.0135826 -0.00971061 -0.0176479 -0.0184976 -0.0219445 -0.0114237 -0.0174304 0.107631 0.522114 
-0.0165532 0.012193 -0.00841277 -0.0120146 -0.0110562 -0.0168255 -0.0142226 -0.00901371 -0.0128916 -0.0106108 -0.0113192 0.156249 0.427315 
-0.0116893 0.00720615 -0.00916161 -0.0104565 -0.00882944 -0.0129833 -0.0102213 -0.0115819 -0.000683495 -0.0108247 -0.0274889 0.190526 0.487579 
-0.00208958 0.00762559 0.00359606 -0.00161002 -0.00158402 -0.00604338 -0.00347367 0.00367391 -0.00119355 -0.00582675 0.00386842 0.174685 0.304162 
-0.0213389 -0.00620601 -0.00943138 -0.00877269 -0.00869759 -0.00610902 -0.00738531 -0.00902336 -0.016771 -0.00723639 -0.0113791 0.152909 0.230792 
-0.00990192 -0.00362425 -0.00863731 -0.00973338 -0.00981782 -0.0104301 -0.0112132 -0.00886226 -0.0145669 -0.00959947 0.00753975 0.14648 0.309068 
-0.00560875 -0.00882528 -0.00668291 -0.0125492 -0.0195576 -0.0204448 -0.0200987 -0.0221865 -0.0125461 -0.0138786 -0.0170938 0.116895 0.183661 
0.00251053 -0.0335629 -0.0133889 -0.021963 -0.0188289 -0.0237666 -0.02601 -0.0159669 -0.0115714 -0.0151523 -0.0170268 0.049654 0.0319777 
0.021843 -0.0512541 -0.0320625 -0.0285569 -0.0332636 -0.0233241 -0.0323573 -0.0135182 -0.0190229 0.00141863 -0.0151478 0.037898 -0.0711039 
-0.0608193 0.0238664 -0.011107 -0.0147838 -0.0283778 -0.0203036 -0.00590527 -0.0127474 -0.00436274 -0.00851348 0.00339425 -0.127673 0.147336 
-0.0369697 0.0167638 -0.0132893 -0.00925781 -0.0153603 -0.0135419 -0.0102843 -0.0129379 -0.0356347 -0.0171086 -0.0313619 -0.252233 0.0411755 
-0.0131286 0.00226215 -0.0182162 -0.013549 -0.00688978 -0.0138467 -0.0163413 -0.0178043 -0.0327141 -0.0475942 -0.0256007 -0.135012 0.0172047 
-0.00450231 -0.000100665 -0.00880617 -0.00889794 -0.00698117 -0.0100579 -0.00329667 -0.00924677 -0.0439151 0.00087519 -0.0106766 -0.0831101 0.0955961 
0.00454304 0.00286773 -0.00547 -0.00668386 -0.000635472 -0.010743 0.00224191 -0.00457385 -0.041228 -0.0138967 -0.0348953 -0.126272 -0.125414 
-0.0114862 -0.0136827 -0.0112987 -0.0166626 -0.0140083 -0.00984455 -0.00955167 -0.011503 -0.0317624 0.0198381 0.00620549 -0.121349 0.0175274 
-0.00737775 -0.0115707 -0.00460121 -0.0111546 -0.0137441 -0.00214748 -0.0133903 -0.0104455 -0.0154474 0.0219089 -0.0282336 -0.124391 0.0425354 
-0.002128 -0.0205783 -0.0145167 -0.0186747 -0.0179225 -0.0229604 -0.0250474 -0.0172481 -0.0223436 -0.01616 -0.0479651 -0.188755 -0.115965 
0.0157645 -0.0399007 -0.0124181 -0.0168189 -0.0213409 -0.0154794 -0.0160243 -0.0157693 -0.0325779 0.0159304 -0.0465844 -0.148834 -0.13111 
0.0225808 -0.0642829 -0.0238757 -0.0384399 -0.0327587 -0.0486822 -0.0391059 -0.022917 -0.0303273 -0.0199552 -0.0283743 -0.116989 -0.231571 
