1.40676 0.928057 0.91512 0.982816 0.987703 0.996085 1.00444 1.01768 1.00625 0.902208 0.944748 0.968419 2.37537 
1.38191 0.931083 0.935111 0.975388 1.00976 0.995944 0.991512 0.972843 0.970496 0.967755 0.936336 0.922464 2.89546 
1.36224 0.948602 0.934857 0.982059 0.997823 0.982743 1.003 1.0147 1.02695 0.978768 0.969565 0.891222 5.67328 
1.30936 0.970812 1.07714 1.01406 0.985987 0.975546 0.996703 1.01844 0.975809 1.01444 1.03219 1.00925 2.80875 
1.27334 0.946469 0.950556 0.984931 0.997742 0.960213 0.982151 1.02465 0.981579 0.97497 1.03311 0.9605 2.56468 
1.27758 0.957423 0.951375 0.990646 1.00583 1.01551 0.992873 1.01761 0.993737 1.05093 1.09852 1.00991 1.49101 
1.14384 0.924086 0.958198 0.998557 0.988369 0.96034 0.920137 1.0425 1.05424 1.06462 1.09941 1.01934 2.10978 
1.33353 0.896977 0.907449 1.00411 1.01891 1.05283 1.00039 0.954001 0.990811 0.961288 0.939742 0.885124 4.29113 
1.42062 0.921536 0.927522 0.999869 1.01761 1.04763 1.01574 0.99117 0.991004 1.01628 1.01431 0.936495 2.48187 
1.52293 0.955135 0.919316 0.989093 1.03148 1.0513 1.04925 1.02556 0.957809 1.01983 0.953013 0.983067 2.17547 
1.4097 0.932852 0.933199 0.959599 0.961679 0.972529 0.929753 0.96368 0.959179 0.948012 0.907386 0.838594 2.00513 
1.33579 0.964661 0.94296 0.912994 0.953389 0.944268 0.939614 0.902704 0.917862 0.879113 0.862346 0.83142 2.50563 
1.40595 0.981236 0.956604 0.939786 0.951442 0.924038 0.943217 0.95722 0.929018 0.936293 0.899704 0.918057 3.52041 
1.32981 0.933725 0.915241 0.881722 0.912648 0.917648 0.932718 0.925334 0.908836 0.942324 0.949143 0.93774 3.99965 
1.27902 0.950148 0.926568 0.921559 0.906518 0.898705 0.921678 0.901225 0.905999 0.901238 0.913246 0.881898 1.98588 
1.24735 0.919515 0.933521 0.930679 0.933953 0.95043 0.962218 0.933439 0.944901 0.954819 0.908828 0.937474 2.00249 
1.15546 0.929609 0.953888 0.932782 0.948247 0.915922 0.892928 0.85781 0.955919 0.916554 0.958973 0.969662 1.63234 
1.18865 0.932321 0.947172 0.93247 0.936299 0.917091 0.909007 0.920595 0.889603 0.936712 0.935203 0.838987 2.96993 
1.15785 0.899441 0.944319 0.942249 0.933703 0.919524 0.945594 0.904646 0.877596 0.859494 0.81761 0.854039 2.06139 
1.27726 0.890314 0.936169 0.980239 0.942043 0.931368 0.908031 0.91634 0.92898 0.917222 0.880474 0.899009 1.98748 
1.40314 0.933481 0.939105 0.969433 1.00771 0.962332 0.990774 0.992426 1.04307 0.997379 0.999542 0.921804 2.38868 
1.37578 0.962481 0.951445 0.980649 0.996675 0.996685 1.00108 0.971252 0.956948 0.918081 0.953774 0.940548 2.67453 
1.3333 0.954759 0.966164 0.98985 1.00329 0.998282 0.98809 0.980598 1.00227 0.937169 0.941903 0.894427 2.16376 
1.33447 0.967573 0.943002 1.00111 1.03202 0.988683 1.00254 1.06402 1.05121 1.03278 1.01482 1.00278 2.37279 
1.30721 1.00553 0.977555 1.01889 1.02649 0.991188 0.966524 0.970968 0.934908 1.04521 1.06572 1.01389 2.72974 
1.28165 0.975851 0.98362 1.02908 1.04646 1.0296 1.02447 1.06897 1.06224 1.03469 1.00067 0.987798 3.1805 
1.29462 0.949956 0.974312 1.03901 1.01058 1.02012 1.04481 1.03195 1.02398 1.01813 0.915763 0.850962 2.23768 
1.21712 0.936959 0.974528 1.04432 1.0324 1.01569 1.03274 0.994344 0.991912 1.01036 0.981534 0.909568 2.49291 
1.34477 0.946672 0.939048 1.00988 1.02223 1.02353 0.99275 1.00307 0.983332 0.959889 1.04098 0.952526 2.32423 
1.44624 0.949767 0.941963 0.989347 1.00996 0.998906 1.04574 1.03186 0.997188 0.972049 1.00027 0.902665 2.11824 
1.35022 0.935259 0.958011 0.949018 0.944898 0.918193 0.904349 0.910292 0.914205 0.916446 0.89644 0.863495 2.04531 
1.35299 0.955289 0.98135 0.979593 0.969068 0.968849 0.946382 0.94329 0.961923 0.961946 0.989455 0.913709 2.09362 
1.37099 0.978863 0.981669 0.968428 0.939146 0.932676 0.950519 0.944816 1.0167 0.968245 1.01385 0.942816 1.98548 
1.37242 0.979905 0.977879 0.952052 0.939246 0.968032 0.957929 0.984072 0.950584 0.969961 0.953352 0.902018 1.97204 
1.36173 0.963848 1.00125 0.96282 0.968499 0.933294 0.965448 0.976453 0.943074 0.960283 0.941733 0.98084 1.70416 
1.14737 0.953268 0.980501 1.00022 0.980542 0.953919 0.97033 0.994695 0.928683 1.00428 0.871112 0.849727 1.36879 
1.16627 0.940756 0.977327 0.992995 0.986833 0.99578 0.994472 0.999322 1.00613 0.99376 0.972737 0.875989 1.8914 
1.39569 0.940544 0.960936 0.93034 0.951338 0.923256 0.932893 0.934887 0.982214 0.94813 1.00439 0.892264 2.04892 
1.40517 0.944932 0.954816 0.896149 0.908825 0.914236 0.917322 0.906627 0.857723 0.861197 0.887597 0.817339 1.89621 
1.41974 0.935343 0.934147 0.895965 0.880823 0.910898 0.903313 0.908167 0.892685 0.909451 0.876155 0.818068 1.73829 
