1.29433 1.18657 1.19487 1.2058 1.21392 1.1966 1.20095 1.16851 1.18062 1.13637 1.16616 1.20929 1.15431 
1.25755 1.15882 1.1716 1.17723 1.17094 1.15836 1.1613 1.14175 1.17721 1.13104 1.09557 1.00448 0.961085 
1.23914 1.17682 1.15791 1.15577 1.15151 1.14881 1.12907 1.12119 1.1483 1.12063 1.10218 0.876371 0.945068 
1.20483 1.14408 1.15807 1.15811 1.15365 1.14512 1.15534 1.15577 1.14315 1.16391 1.1112 0.826028 0.894045 
1.19915 1.1637 1.1749 1.16942 1.15885 1.16236 1.15276 1.18089 1.19482 1.16287 1.13373 0.874865 1.03035 
1.20411 1.18231 1.185 1.17321 1.15433 1.16678 1.14872 1.12468 1.17781 1.1912 1.21029 0.849921 0.912873 
1.21888 1.15242 1.15792 1.15947 1.16049 1.14258 1.15083 1.17311 1.17942 1.18042 1.1456 0.873163 0.805406 
1.24713 1.14306 1.14914 1.16078 1.14656 1.14658 1.12941 1.10913 1.19988 1.16074 1.20178 1.00667 0.969766 
1.30358 1.16323 1.17081 1.17296 1.17366 1.17257 1.17114 1.12554 1.14056 1.14072 1.12201 1.02353 0.953814 
1.28498 1.19089 1.20821 1.21925 1.19441 1.20563 1.20303 1.19465 1.25936 1.18594 1.19846 1.21405 1.32491 
1.22323 1.07647 1.08128 1.09589 1.13866 1.11456 1.09682 1.1168 1.14434 1.10982 1.18038 1.25073 1.2741 
1.17581 1.06862 1.0714 1.09946 1.09701 1.0787 1.06884 1.04483 1.11542 1.10042 1.12242 1.14292 1.28223 
1.14654 1.07815 1.08969 1.10704 1.09305 1.05918 1.06598 1.04842 1.07992 1.0636 1.09243 0.917606 1.16458 
1.15049 1.13104 1.08159 1.10453 1.08685 1.06592 1.05901 1.04319 1.0787 1.06152 1.03889 0.850058 0.979881 
1.13259 1.14367 1.10032 1.11103 1.10514 1.10845 1.06563 1.10714 1.13241 1.10619 1.16488 0.87691 0.936885 
1.14765 1.11184 1.12311 1.1227 1.10856 1.08624 1.07233 1.04385 1.06965 1.06785 1.04618 0.915509 1.01743 
1.14235 1.07604 1.08781 1.10196 1.09236 1.07668 1.0749 1.05006 1.09987 1.10013 1.14876 0.83689 0.906493 
1.14755 1.07406 1.07867 1.1041 1.08743 1.07425 1.06301 1.04617 1.08935 1.10576 1.03714 0.91551 1.02286 
1.15637 1.08928 1.10145 1.11946 1.11584 1.11233 1.07531 1.02635 1.05371 1.11545 1.10714 1.08479 1.19165 
1.17587 1.09431 1.11558 1.1482 1.15966 1.13606 1.12964 1.09908 1.18494 1.18223 1.1872 1.12695 1.248 
1.13261 1.05956 1.08611 1.12655 1.12441 1.12443 1.10288 1.1212 1.16108 1.08311 1.05545 1.12625 1.13855 
1.10942 1.03429 1.06585 1.07943 1.09329 1.06641 1.05805 1.04118 1.04877 1.02177 1.02591 0.9501 1.05644 
1.09536 1.02476 1.04708 1.07194 1.0697 1.06389 1.05398 1.03093 1.04507 1.0422 1.04692 0.902937 1.04269 
1.08235 1.03502 1.05861 1.07531 1.06467 1.06381 1.05456 1.04878 1.07812 1.06072 1.06625 0.8193 0.868264 
1.06614 1.05308 1.07981 1.08377 1.07148 1.05957 1.05147 1.05979 1.07289 1.07889 1.0798 0.849217 0.907577 
1.09291 1.05144 1.0855 1.09151 1.09472 1.07535 1.05906 1.0634 1.11815 1.09799 1.08405 0.873245 0.973058 
1.07054 1.03542 1.05401 1.08396 1.07582 1.06682 1.0634 1.06245 1.08363 1.07033 1.09339 0.873234 0.894005 
1.09969 1.033 1.05849 1.07525 1.06675 1.05218 1.05633 1.03774 1.02845 1.0281 1.11159 0.927289 1.01135 
1.1227 1.03701 1.06006 1.08532 1.08529 1.07249 1.06945 1.05586 1.06164 1.04965 1.10605 1.03047 1.07267 
1.14477 1.05286 1.09354 1.11726 1.11573 1.12143 1.10733 1.10553 1.13286 1.10814 1.09855 1.24126 1.18051 
1.17364 1.02555 1.0246 1.06563 1.08137 1.08521 1.05976 1.08038 1.09282 1.11653 1.06022 1.28442 1.37533 
1.12971 1.01477 1.02797 1.05694 1.07918 1.05977 1.04763 1.01887 1.07078 1.04224 0.993278 1.094 1.27912 
1.11343 1.03966 1.02722 1.06091 1.06488 1.06043 1.05325 1.02956 1.00085 1.01579 0.996012 0.918309 1.06039 
1.10798 1.0791 1.03211 1.06335 1.06236 1.05568 1.04515 1.03842 0.983876 1.03008 1.02828 0.869005 1.05058 
1.0946 1.05415 1.06521 1.07401 1.08193 1.06063 1.05738 1.04474 1.00578 0.994239 0.971315 0.81915 0.819043 
1.09735 1.05972 1.08807 1.08898 1.08458 1.06134 1.07079 1.03689 1.03166 0.983812 1.03771 0.890867 0.862295 
1.12164 1.03757 1.05109 1.06904 1.08598 1.06154 1.04443 1.04141 1.0848 1.02939 1.02722 0.845794 0.96929 
1.16071 1.0449 1.04802 1.05548 1.06496 1.05507 1.03928 1.03194 1.02074 1.03177 1.00245 0.989233 1.15487 
1.12857 1.03169 1.04735 1.08394 1.08075 1.08549 1.06547 1.03084 1.01999 1.01382 0.974292 1.11832 1.19616 
1.13688 1.06397 1.08715 1.10287 1.13611 1.12187 1.11894 1.09597 1.08046 1.09409 1.05345 1.1406 1.29142 
