0 0 0 3
0 0 1 3
0 0 2 11
0 0 3 11
0 0 4 11
0 0 5 11
0 0 6 11
0 0 7 3
0 0 8 3
0 0 9 11
0 0 10 11
0 0 11 11
0 0 12 3
0 0 13 1
0 0 14 1
0 0 15 1
0 0 16 1
0 0 17 1
0 0 18 1
0 0 19 5
0 0 20 17
0 0 21 5
0 0 22 3
0 0 23 9
0 0 24 3
0 0 25 1
0 0 26 1
0 0 27 1
0 0 28 1
0 0 29 1
0 0 30 1
0 0 31 5
0 0 32 21
0 0 33 21
0 0 34 5
0 0 35 1
0 0 36 5
0 0 37 17
0 0 38 5
0 0 39 21
0 0 40 23
0 0 41 13
0 0 42 3
0 0 43 1
0 0 44 1
0 0 45 5
0 0 46 17
0 0 47 7
0 0 48 9
0 0 49 7
0 0 50 17
0 0 51 5
0 0 52 1
0 0 53 1
0 0 54 1
0 0 55 1
0 0 56 1
0 0 57 1
0 0 58 1
0 0 59 1
0 0 60 1
0 0 61 1
0 0 62 3
0 0 63 9
0 0 64 3
0 0 65 1
0 0 66 3
0 0 67 11
0 0 68 11
0 0 69 11
0 0 70 11
0 0 71 11
0 1 0 3
0 1 1 10
0 1 2 2
0 1 3 2
0 1 4 2
0 1 5 2
0 1 6 2
0 1 7 2
0 1 8 2
0 1 9 2
0 1 10 2
0 1 11 2
0 1 12 2
0 1 19 4
0 1 20 4
0 1 21 4
0 1 22 2
0 1 23 2
0 1 24 2
0 1 31 4
0 1 32 4
0 1 33 4
0 1 34 4
0 1 36 4
0 1 37 4
0 1 38 4
0 1 39 4
0 1 40 6
0 1 41 6
0 1 42 2
0 1 45 4
0 1 46 4
0 1 47 6
0 1 48 2
0 1 49 6
0 1 50 4
0 1 51 4
0 1 62 2
0 1 63 2
0 1 64 2
0 1 65 2
0 1 66 2
0 1 67 2
0 1 68 2
0 1 69 2
0 1 70 10
0 1 71 11
0 2 0 3
0 2 1 10
0 2 2 2
0 2 65 2
0 2 66 10
0 2 67 2
0 2 68 2
0 2 69 10
0 2 70 10
0 2 71 11
0 3 0 3
0 3 1 10
0 3 2 2
0 3 65 2
0 3 66 10
0 3 67 2
0 3 68 2
0 3 69 2
0 3 70 10
0 3 71 11
0 4 0 3
0 4 1 10
0 4 2 2
0 4 65 2
0 4 66 2
0 4 67 2
0 4 69 2
0 4 70 2
0 4 71 3
0 5 0 3
0 5 1 10
0 5 2 2
0 5 69 2
0 5 70 10
0 5 71 11
0 6 0 3
0 6 1 10
0 6 2 2
0 6 69 2
0 6 70 10
0 6 71 11
0 7 0 3
0 7 1 10
0 7 2 2
0 7 69 2
0 7 70 10
0 7 71 11
0 8 0 3
0 8 1 10
0 8 2 2
0 8 3 2
0 8 4 2
0 8 69 2
0 8 70 10
0 8 71 3
0 9 0 3
0 9 1 10
0 9 2 2
0 9 3 8
0 9 4 2
0 9 69 2
0 9 70 10
0 9 71 3
0 10 0 3
0 10 1 10
0 10 2 2
0 10 3 2
0 10 4 2
0 10 69 2
0 10 70 10
0 10 71 3
0 11 0 3
0 11 1 10
0 11 2 2
0 11 69 2
0 11 70 10
0 11 71 11
0 12 0 3
0 12 1 10
0 12 2 2
0 12 69 2
0 12 70 10
0 12 71 11
0 13 0 11
0 13 1 10
0 13 2 2
0 13 69 2
0 13 70 10
0 13 71 11
0 14 0 11
0 14 1 10
0 14 2 2
0 14 22 4
0 14 23 4
0 14 24 4
0 14 69 2
0 14 70 10
0 14 71 11
0 15 0 11
0 15 1 10
0 15 2 2
0 15 22 4
0 15 23 20
0 15 24 4
0 15 69 2
0 15 70 2
0 15 71 11
0 16 0 11
0 16 1 10
0 16 2 2
0 16 21 4
0 16 22 4
0 16 23 20
0 16 24 4
0 16 69 2
0 16 70 10
0 16 71 11
0 17 0 3
0 17 1 10
0 17 2 2
0 17 21 4
0 17 22 20
0 17 23 4
0 17 24 4
0 17 69 2
0 17 70 10
0 17 71 11
0 18 0 3
0 18 1 10
0 18 2 2
0 18 21 6
0 18 22 6
0 18 23 6
0 18 69 2
0 18 70 10
0 18 71 3
0 19 0 11
0 19 1 10
0 19 2 2
0 19 21 6
0 19 22 12
0 19 23 6
0 19 24 4
0 19 69 2
0 19 70 10
0 19 71 11
0 20 0 11
0 20 1 2
0 20 2 2
0 20 21 6
0 20 22 22
0 20 23 22
0 20 24 4
0 20 69 2
0 20 70 10
0 20 71 11
0 21 0 11
0 21 1 2
0 21 2 2
0 21 21 4
0 21 22 4
0 21 23 4
0 21 24 4
0 21 69 2
0 21 70 10
0 21 71 11
0 22 0 15
0 22 1 14
0 22 2 2
0 22 69 2
0 22 70 10
0 22 71 11
0 23 0 19
0 23 1 14
0 23 2 2
0 23 48 2
0 23 49 2
0 23 50 2
0 23 69 2
0 23 70 10
0 23 71 11
0 24 0 15
0 24 1 14
0 24 2 2
0 24 48 2
0 24 49 8
0 24 50 2
0 24 69 2
0 24 70 2
0 24 71 11
0 25 0 3
0 25 1 10
0 25 2 2
0 25 48 2
0 25 49 2
0 25 50 2
0 25 69 2
0 25 70 10
0 25 71 3
0 26 0 3
0 26 1 10
0 26 2 2
0 26 69 2
0 26 70 2
0 26 71 3
0 27 0 3
0 27 1 10
0 27 2 2
0 27 69 2
0 27 70 2
0 27 71 11
0 28 0 3
0 28 1 10
0 28 2 2
0 28 69 2
0 28 70 10
0 28 71 3
0 29 0 3
0 29 1 10
0 29 2 2
0 29 59 4
0 29 60 4
0 29 61 6
0 29 62 6
0 29 63 6
0 29 64 4
0 29 69 2
0 29 70 2
0 29 71 11
0 30 0 3
0 30 1 10
0 30 2 2
0 30 59 4
0 30 60 16
0 30 61 6
0 30 62 12
0 30 63 22
0 30 64 4
0 30 69 2
0 30 70 2
0 30 71 11
0 31 0 3
0 31 1 10
0 31 2 2
0 31 59 4
0 31 60 4
0 31 61 6
0 31 62 6
0 31 63 22
0 31 64 4
0 31 69 2
0 31 70 10
0 31 71 3
0 32 0 3
0 32 1 10
0 32 2 2
0 32 41 4
0 32 42 4
0 32 43 4
0 32 57 4
0 32 58 4
0 32 59 4
0 32 62 4
0 32 63 4
0 32 64 4
0 32 69 2
0 32 70 10
0 32 71 3
0 33 0 11
0 33 1 2
0 33 2 2
0 33 41 4
0 33 42 16
0 33 43 4
0 33 57 4
0 33 58 16
0 33 59 4
0 33 69 2
0 33 70 2
0 33 71 3
0 34 0 3
0 34 1 10
0 34 2 2
0 34 3 2
0 34 4 2
0 34 8 4
0 34 9 6
0 34 10 6
0 34 11 2
0 34 12 2
0 34 29 2
0 34 30 2
0 34 31 2
0 34 37 4
0 34 38 4
0 34 39 4
0 34 40 2
0 34 41 6
0 34 42 6
0 34 43 4
0 34 44 2
0 34 45 2
0 34 46 2
0 34 47 2
0 34 48 2
0 34 49 2
0 34 50 2
0 34 51 2
0 34 52 2
0 34 53 2
0 34 57 4
0 34 58 4
0 34 59 4
0 34 60 2
0 34 61 2
0 34 62 2
0 34 66 2
0 34 67 2
0 34 68 2
0 34 69 2
0 34 70 10
0 34 71 3
0 35 0 11
0 35 1 3
0 35 2 3
0 35 3 9
0 35 4 3
0 35 5 1
0 35 6 1
0 35 7 1
0 35 8 5
0 35 9 19
0 35 10 15
0 35 11 11
0 35 12 3
0 35 13 1
0 35 14 1
0 35 15 1
0 35 16 1
0 35 17 1
0 35 18 1
0 35 19 1
0 35 20 1
0 35 21 1
0 35 22 1
0 35 23 1
0 35 24 1
0 35 25 1
0 35 26 1
0 35 27 1
0 35 28 1
0 35 29 3
0 35 30 9
0 35 31 3
0 35 32 1
0 35 33 1
0 35 34 1
0 35 35 1
0 35 36 1
0 35 37 5
0 35 38 17
0 35 39 5
0 35 40 3
0 35 41 13
0 35 42 19
0 35 43 5
0 35 44 3
0 35 45 9
0 35 46 3
0 35 47 11
0 35 48 11
0 35 49 11
0 35 50 3
0 35 51 3
0 35 52 9
0 35 53 3
0 35 54 1
0 35 55 1
0 35 56 1
0 35 57 1
0 35 58 1
0 35 59 1
0 35 60 3
0 35 61 9
0 35 62 3
0 35 63 1
0 35 64 1
0 35 65 1
0 35 66 3
0 35 67 9
0 35 68 3
0 35 69 11
0 35 70 11
0 35 71 11
1 0 0 11
1 0 1 3
1 0 2 3
1 0 3 3
1 0 4 3
1 0 5 1
1 0 6 1
1 0 7 1
1 0 8 1
1 0 9 1
1 0 10 1
1 0 11 1
1 0 12 1
1 0 13 1
1 0 14 1
1 0 15 1
1 0 16 1
1 0 17 1
1 0 18 1
1 0 19 1
1 0 20 1
1 0 21 1
1 0 22 1
1 0 23 1
1 0 24 1
1 0 25 1
1 0 26 1
1 0 27 1
1 0 28 1
1 0 29 1
1 0 30 1
1 0 31 1
1 0 32 5
1 0 33 17
1 0 34 5
1 0 35 1
1 0 36 1
1 0 37 1
1 0 38 1
1 0 39 1
1 0 40 1
1 0 41 1
1 0 42 1
1 0 43 1
1 0 44 1
1 0 45 5
1 0 46 17
1 0 47 5
1 0 48 1
1 0 49 1
1 0 50 1
1 0 51 1
1 0 52 1
1 0 53 3
1 0 54 9
1 0 55 3
1 0 56 1
1 0 57 1
1 0 58 1
1 0 59 1
1 0 60 1
1 0 61 1
1 0 62 1
1 0 63 1
1 0 64 3
1 0 65 11
1 0 66 11
1 0 67 3
1 0 68 3
1 0 69 3
1 0 70 3
1 0 71 3
1 1 0 11
1 1 1 10
1 1 2 10
1 1 3 10
1 1 4 2
1 1 17 4
1 1 18 4
1 1 19 4
1 1 32 4
1 1 33 4
1 1 34 4
1 1 45 4
1 1 46 4
1 1 47 4
1 1 53 2
1 1 54 2
1 1 55 2
1 1 64 2
1 1 65 2
1 1 66 2
1 1 67 2
1 1 68 2
1 1 69 10
1 1 70 10
1 1 71 11
1 2 0 3
1 2 1 10
1 2 2 2
1 2 3 2
1 2 4 2
1 2 17 4
1 2 18 20
1 2 19 4
1 2 20 4
1 2 42 4
1 2 43 4
1 2 44 4
1 2 67 2
1 2 68 10
1 2 69 2
1 2 70 10
1 2 71 3
1 3 0 11
1 3 1 10
1 3 2 2
1 3 17 4
1 3 18 4
1 3 19 20
1 3 20 4
1 3 26 4
1 3 27 4
1 3 28 4
1 3 42 4
1 3 43 16
1 3 44 4
1 3 67 2
1 3 68 2
1 3 69 2
1 3 70 10
1 3 71 3
1 4 0 3
1 4 1 10
1 4 2 2
1 4 17 4
1 4 18 4
1 4 19 4
1 4 20 4
1 4 26 4
1 4 27 16
1 4 28 4
1 4 42 4
1 4 43 4
1 4 44 4
1 4 69 2
1 4 70 10
1 4 71 11
1 5 0 11
1 5 1 10
1 5 2 2
1 5 17 4
1 5 18 16
1 5 19 4
1 5 26 4
1 5 27 4
1 5 28 4
1 5 69 2
1 5 70 10
1 5 71 11
1 6 0 11
1 6 1 10
1 6 2 2
1 6 17 4
1 6 18 4
1 6 19 4
1 6 67 2
1 6 68 2
1 6 69 2
1 6 70 10
1 6 71 3
1 7 0 11
1 7 1 10
1 7 2 2
1 7 3 2
1 7 66 2
1 7 67 2
1 7 68 10
1 7 69 10
1 7 70 10
1 7 71 11
1 8 0 11
1 8 1 10
1 8 2 10
1 8 3 2
1 8 66 2
1 8 67 10
1 8 68 2
1 8 69 2
1 8 70 10
1 8 71 11
1 9 0 3
1 9 1 10
1 9 2 2
1 9 3 2
1 9 66 2
1 9 67 2
1 9 68 10
1 9 69 10
1 9 70 10
1 9 71 11
1 10 0 3
1 10 1 10
1 10 2 2
1 10 67 2
1 10 68 2
1 10 69 2
1 10 70 10
1 10 71 3
1 11 0 3
1 11 1 10
1 11 2 2
1 11 35 2
1 11 36 2
1 11 37 2
1 11 67 2
1 11 68 8
1 11 69 2
1 11 70 10
1 11 71 3
1 12 0 11
1 12 1 10
1 12 2 2
1 12 35 2
1 12 36 8
1 12 37 2
1 12 67 2
1 12 68 2
1 12 69 2
1 12 70 10
1 12 71 11
1 13 0 11
1 13 1 10
1 13 2 2
1 13 35 2
1 13 36 2
1 13 37 2
1 13 69 2
1 13 70 10
1 13 71 11
1 14 0 3
1 14 1 10
1 14 2 2
1 14 38 2
1 14 39 2
1 14 40 2
1 14 63 4
1 14 64 4
1 14 65 4
1 14 69 2
1 14 70 10
1 14 71 11
1 15 0 11
1 15 1 10
1 15 2 2
1 15 38 2
1 15 39 8
1 15 40 2
1 15 63 4
1 15 64 16
1 15 65 4
1 15 69 2
1 15 70 10
1 15 71 3
1 16 0 3
1 16 1 10
1 16 2 2
1 16 38 2
1 16 39 2
1 16 40 2
1 16 63 4
1 16 64 4
1 16 65 4
1 16 69 2
1 16 70 10
1 16 71 3
1 17 0 11
1 17 1 10
1 17 2 2
1 17 69 2
1 17 70 10
1 17 71 11
1 18 0 3
1 18 1 10
1 18 2 2
1 18 69 2
1 18 70 10
1 18 71 11
1 19 0 3
1 19 1 10
1 19 2 2
1 19 68 2
1 19 69 2
1 19 70 10
1 19 71 11
1 20 0 3
1 20 1 10
1 20 2 2
1 20 68 2
1 20 69 10
1 20 70 10
1 20 71 11
1 21 0 3
1 21 1 10
1 21 2 2
1 21 67 2
1 21 68 2
1 21 69 2
1 21 70 10
1 21 71 11
1 22 0 3
1 22 1 10
1 22 2 2
1 22 67 2
1 22 68 10
1 22 69 2
1 22 70 10
1 22 71 3
1 23 0 11
1 23 1 10
1 23 2 2
1 23 64 4
1 23 65 4
1 23 66 4
1 23 67 2
1 23 68 10
1 23 69 2
1 23 70 10
1 23 71 11
1 24 0 11
1 24 1 10
1 24 2 2
1 24 64 4
1 24 65 16
1 24 66 4
1 24 67 2
1 24 68 2
1 24 69 2
1 24 70 2
1 24 71 11
1 25 0 11
1 25 1 2
1 25 2 2
1 25 64 4
1 25 65 4
1 25 66 4
1 25 68 2
1 25 69 10
1 25 70 10
1 25 71 3
1 26 0 11
1 26 1 10
1 26 2 2
1 26 68 2
1 26 69 2
1 26 70 10
1 26 71 11
1 27 0 11
1 27 1 10
1 27 2 2
1 27 47 4
1 27 48 4
1 27 49 4
1 27 69 2
1 27 70 10
1 27 71 11
1 28 0 11
1 28 1 10
1 28 2 2
1 28 47 4
1 28 48 16
1 28 49 4
1 28 69 2
1 28 70 2
1 28 71 11
1 29 0 3
1 29 1 10
1 29 2 2
1 29 47 4
1 29 48 4
1 29 49 4
1 29 69 2
1 29 70 10
1 29 71 11
1 30 0 3
1 30 1 10
1 30 2 2
1 30 69 2
1 30 70 10
1 30 71 11
1 31 0 11
1 31 1 10
1 31 2 2
1 31 3 2
1 31 69 2
1 31 70 2
1 31 71 11
1 32 0 3
1 32 1 10
1 32 2 10
1 32 3 2
1 32 4 2
1 32 5 2
1 32 6 2
1 32 66 2
1 32 67 2
1 32 68 2
1 32 69 2
1 32 70 10
1 32 71 11
1 33 0 11
1 33 1 10
1 33 2 2
1 33 3 2
1 33 4 10
1 33 5 10
1 33 6 2
1 33 27 2
1 33 28 2
1 33 29 2
1 33 42 2
1 33 43 2
1 33 44 2
1 33 65 2
1 33 66 2
1 33 67 10
1 33 68 2
1 33 69 2
1 33 70 10
1 33 71 3
1 34 0 11
1 34 1 10
1 34 2 2
1 34 3 10
1 34 4 10
1 34 5 10
1 34 6 2
1 34 7 2
1 34 8 2
1 34 9 2
1 34 10 4
1 34 11 4
1 34 12 4
1 34 22 2
1 34 23 2
1 34 24 2
1 34 27 2
1 34 28 8
1 34 29 2
1 34 30 2
1 34 31 2
1 34 33 2
1 34 34 6
1 34 35 6
1 34 36 4
1 34 42 2
1 34 43 10
1 34 44 2
1 34 45 2
1 34 47 2
1 34 48 2
1 34 49 2
1 34 50 2
1 34 51 2
1 34 52 2
1 34 56 2
1 34 57 2
1 34 58 2
1 34 64 2
1 34 65 2
1 34 66 10
1 34 67 10
1 34 68 10
1 34 69 2
1 34 70 10
1 34 71 3
1 35 0 3
1 35 1 3
1 35 2 11
1 35 3 3
1 35 4 11
1 35 5 11
1 35 6 3
1 35 7 3
1 35 8 9
1 35 9 3
1 35 10 5
1 35 11 17
1 35 12 5
1 35 13 1
1 35 14 1
1 35 15 1
1 35 16 1
1 35 17 1
1 35 18 1
1 35 19 1
1 35 20 1
1 35 21 1
1 35 22 3
1 35 23 9
1 35 24 3
1 35 25 1
1 35 26 1
1 35 27 3
1 35 28 3
1 35 29 3
1 35 30 9
1 35 31 3
1 35 32 1
1 35 33 3
1 35 34 13
1 35 35 19
1 35 36 5
1 35 37 1
1 35 38 1
1 35 39 1
1 35 40 1
1 35 41 1
1 35 42 3
1 35 43 11
1 35 44 11
1 35 45 3
1 35 46 1
1 35 47 3
1 35 48 9
1 35 49 3
1 35 50 11
1 35 51 11
1 35 52 3
1 35 53 1
1 35 54 1
1 35 55 1
1 35 56 3
1 35 57 9
1 35 58 3
1 35 59 1
1 35 60 1
1 35 61 1
1 35 62 1
1 35 63 1
1 35 64 3
1 35 65 11
1 35 66 11
1 35 67 11
1 35 68 11
1 35 69 11
1 35 70 11
1 35 71 11
2 0 0 11
2 0 1 11
2 0 2 7
2 0 3 19
2 0 4 7
2 0 5 9
2 0 6 3
2 0 7 1
2 0 8 3
2 0 9 9
2 0 10 3
2 0 11 1
2 0 12 1
2 0 13 1
2 0 14 1
2 0 15 1
2 0 16 1
2 0 17 1
2 0 18 1
2 0 19 1
2 0 20 1
2 0 21 3
2 0 22 9
2 0 23 3
2 0 24 13
2 0 25 19
2 0 26 5
2 0 27 1
2 0 28 1
2 0 29 1
2 0 30 1
2 0 31 1
2 0 32 1
2 0 33 1
2 0 34 5
2 0 35 17
2 0 36 5
2 0 37 1
2 0 38 1
2 0 39 1
2 0 40 1
2 0 41 1
2 0 42 1
2 0 43 1
2 0 44 1
2 0 45 1
2 0 46 1
2 0 47 1
2 0 48 1
2 0 49 1
2 0 50 1
2 0 51 3
2 0 52 11
2 0 53 11
2 0 54 7
2 0 55 17
2 0 56 5
2 0 57 17
2 0 58 5
2 0 59 1
2 0 60 1
2 0 61 1
2 0 62 3
2 0 63 9
2 0 64 3
2 0 65 1
2 0 66 1
2 0 67 3
2 0 68 11
2 0 69 3
2 0 70 3
2 0 71 11
2 1 0 11
2 1 1 10
2 1 2 14
2 1 3 14
2 1 4 6
2 1 5 2
2 1 6 2
2 1 8 2
2 1 9 2
2 1 10 2
2 1 21 2
2 1 22 2
2 1 23 2
2 1 24 6
2 1 25 6
2 1 26 4
2 1 34 4
2 1 35 4
2 1 36 4
2 1 51 2
2 1 52 2
2 1 53 2
2 1 54 6
2 1 55 4
2 1 56 4
2 1 57 4
2 1 58 4
2 1 62 2
2 1 63 6
2 1 64 6
2 1 65 6
2 1 66 2
2 1 67 2
2 1 68 2
2 1 69 10
2 1 70 10
2 1 71 3
2 2 0 11
2 2 1 10
2 2 2 2
2 2 3 2
2 2 4 2
2 2 63 4
2 2 64 20
2 2 65 38
2 2 66 46
2 2 67 34
2 2 68 2
2 2 69 2
2 2 70 10
2 2 71 3
2 3 0 11
2 3 1 10
2 3 2 2
2 3 63 4
2 3 64 20
2 3 65 54
2 3 66 78
2 3 67 34
2 3 69 2
2 3 70 10
2 3 71 11
2 4 0 11
2 4 1 10
2 4 2 2
2 4 63 4
2 4 64 4
2 4 65 38
2 4 66 38
2 4 67 34
2 4 69 2
2 4 70 10
2 4 71 11
2 5 0 3
2 5 1 10
2 5 2 2
2 5 54 34
2 5 55 34
2 5 56 34
2 5 57 34
2 5 58 34
2 5 59 34
2 5 60 2
2 5 69 2
2 5 70 10
2 5 71 3
2 6 0 11
2 6 1 14
2 6 2 6
2 6 3 4
2 6 53 4
2 6 54 38
2 6 55 110
2 6 56 34
2 6 57 34
2 6 58 74
2 6 59 42
2 6 60 2
2 6 69 2
2 6 70 10
2 6 71 11
2 7 0 11
2 7 1 14
2 7 2 18
2 7 3 4
2 7 53 4
2 7 54 50
2 7 55 110
2 7 56 34
2 7 57 34
2 7 58 42
2 7 59 42
2 7 60 2
2 7 69 2
2 7 70 10
2 7 71 11
2 8 0 3
2 8 1 14
2 8 2 6
2 8 3 4
2 8 46 4
2 8 47 4
2 8 48 4
2 8 53 4
2 8 54 38
2 8 55 38
2 8 56 34
2 8 57 2
2 8 58 2
2 8 59 2
2 8 60 2
2 8 69 2
2 8 70 10
2 8 71 3
2 9 0 3
2 9 1 10
2 9 2 2
2 9 46 4
2 9 47 16
2 9 48 4
2 9 69 2
2 9 70 10
2 9 71 11
2 10 0 3
2 10 1 10
2 10 2 2
2 10 3 2
2 10 4 2
2 10 46 4
2 10 47 4
2 10 48 4
2 10 69 2
2 10 70 10
2 10 71 11
2 11 0 3
2 11 1 10
2 11 2 2
2 11 3 8
2 11 4 2
2 11 5 2
2 11 6 2
2 11 11 4
2 11 12 4
2 11 13 4
2 11 46 4
2 11 47 16
2 11 48 4
2 11 69 2
2 11 70 10
2 11 71 11
2 12 0 3
2 12 1 2
2 12 2 2
2 12 3 2
2 12 4 2
2 12 5 8
2 12 6 2
2 12 11 4
2 12 12 20
2 12 13 4
2 12 14 4
2 12 46 4
2 12 47 4
2 12 48 4
2 12 67 2
2 12 68 2
2 12 69 2
2 12 70 10
2 12 71 3
2 13 0 3
2 13 1 10
2 13 2 2
2 13 4 2
2 13 5 2
2 13 6 2
2 13 11 4
2 13 12 20
2 13 13 20
2 13 14 4
2 13 67 2
2 13 68 8
2 13 69 2
2 13 70 10
2 13 71 3
2 14 0 3
2 14 1 10
2 14 2 2
2 14 11 4
2 14 12 20
2 14 13 20
2 14 14 4
2 14 67 2
2 14 68 2
2 14 69 2
2 14 70 10
2 14 71 3
2 15 0 11
2 15 1 10
2 15 2 2
2 15 11 4
2 15 12 4
2 15 13 4
2 15 14 4
2 15 32 4
2 15 33 4
2 15 34 4
2 15 69 2
2 15 70 10
2 15 71 3
2 16 0 3
2 16 1 10
2 16 2 2
2 16 11 4
2 16 12 4
2 16 13 4
2 16 32 4
2 16 33 16
2 16 34 4
2 16 69 2
2 16 70 10
2 16 71 11
2 17 0 11
2 17 1 10
2 17 2 2
2 17 3 2
2 17 11 4
2 17 12 16
2 17 13 4
2 17 32 4
2 17 33 4
2 17 34 4
2 17 60 4
2 17 61 4
2 17 62 4
2 17 69 2
2 17 70 10
2 17 71 11
2 18 0 11
2 18 1 10
2 18 2 10
2 18 3 2
2 18 11 4
2 18 12 4
2 18 13 4
2 18 60 4
2 18 61 16
2 18 62 4
2 18 67 2
2 18 68 2
2 18 69 2
2 18 70 10
2 18 71 3
2 19 0 11
2 19 1 10
2 19 2 2
2 19 3 2
2 19 11 4
2 19 12 16
2 19 13 4
2 19 36 2
2 19 37 2
2 19 38 2
2 19 60 4
2 19 61 4
2 19 62 4
2 19 67 2
2 19 68 8
2 19 69 2
2 19 70 10
2 19 71 11
2 20 0 3
2 20 1 10
2 20 2 2
2 20 11 4
2 20 12 4
2 20 13 4
2 20 36 2
2 20 37 8
2 20 38 2
2 20 67 2
2 20 68 2
2 20 69 2
2 20 70 10
2 20 71 11
2 21 0 3
2 21 1 10
2 21 2 2
2 21 11 4
2 21 12 20
2 21 13 4
2 21 32 4
2 21 33 4
2 21 34 4
2 21 36 2
2 21 37 2
2 21 38 2
2 21 69 2
2 21 70 10
2 21 71 11
2 22 0 3
2 22 1 10
2 22 2 2
2 22 11 4
2 22 12 20
2 22 13 4
2 22 14 4
2 22 32 4
2 22 33 16
2 22 34 4
2 22 69 2
2 22 70 10
2 22 71 3
2 23 0 15
2 23 1 14
2 23 2 2
2 23 3 2
2 23 11 4
2 23 12 4
2 23 13 20
2 23 14 4
2 23 32 4
2 23 33 4
2 23 34 4
2 23 68 2
2 23 69 2
2 23 70 10
2 23 71 3
2 24 0 23
2 24 1 14
2 24 2 10
2 24 3 2
2 24 6 4
2 24 7 4
2 24 8 4
2 24 12 4
2 24 13 4
2 24 14 4
2 24 68 2
2 24 69 10
2 24 70 2
2 24 71 11
2 25 0 23
2 25 1 14
2 25 2 10
2 25 3 2
2 25 6 4
2 25 7 16
2 25 8 4
2 25 27 2
2 25 28 2
2 25 29 2
2 25 68 2
2 25 69 2
2 25 70 2
2 25 71 11
2 26 0 23
2 26 1 14
2 26 2 2
2 26 3 2
2 26 5 4
2 26 6 4
2 26 7 4
2 26 8 4
2 26 27 2
2 26 28 8
2 26 29 2
2 26 48 4
2 26 49 4
2 26 50 4
2 26 69 2
2 26 70 10
2 26 71 11
2 27 0 23
2 27 1 14
2 27 2 2
2 27 3 2
2 27 5 4
2 27 6 20
2 27 7 4
2 27 27 2
2 27 28 6
2 27 29 6
2 27 30 4
2 27 48 4
2 27 49 16
2 27 50 4
2 27 69 2
2 27 70 10
2 27 71 11
2 28 0 23
2 28 1 6
2 28 2 10
2 28 3 2
2 28 5 4
2 28 6 20
2 28 7 4
2 28 27 2
2 28 28 12
2 28 29 18
2 28 30 4
2 28 48 4
2 28 49 4
2 28 50 4
2 28 69 2
2 28 70 10
2 28 71 11
2 29 0 23
2 29 1 14
2 29 2 2
2 29 3 2
2 29 5 4
2 29 6 4
2 29 7 4
2 29 8 4
2 29 27 2
2 29 28 6
2 29 29 6
2 29 30 4
2 29 69 2
2 29 70 10
2 29 71 11
2 30 0 23
2 30 1 6
2 30 2 2
2 30 3 2
2 30 6 4
2 30 7 16
2 30 8 4
2 30 27 2
2 30 28 2
2 30 29 2
2 30 69 2
2 30 70 10
2 30 71 11
2 31 0 23
2 31 1 14
2 31 2 10
2 31 3 2
2 31 6 4
2 31 7 4
2 31 8 4
2 31 27 2
2 31 28 10
2 31 29 2
2 31 30 2
2 31 69 2
2 31 70 14
2 31 71 7
2 32 0 23
2 32 1 6
2 32 2 10
2 32 3 2
2 32 27 2
2 32 28 2
2 32 29 10
2 32 30 2
2 32 69 2
2 32 70 14
2 32 71 19
2 33 0 23
2 33 1 6
2 33 2 10
2 33 3 2
2 33 28 2
2 33 29 2
2 33 30 2
2 33 63 2
2 33 64 2
2 33 65 2
2 33 66 2
2 33 67 2
2 33 68 2
2 33 69 2
2 33 70 14
2 33 71 7
2 34 0 23
2 34 1 14
2 34 2 14
2 34 3 2
2 34 4 2
2 34 5 2
2 34 6 6
2 34 7 6
2 34 8 6
2 34 9 2
2 34 10 2
2 34 11 2
2 34 12 2
2 34 13 2
2 34 14 2
2 34 23 2
2 34 24 2
2 34 25 2
2 34 28 4
2 34 29 4
2 34 30 4
2 34 31 2
2 34 32 2
2 34 33 2
2 34 35 2
2 34 36 2
2 34 37 2
2 34 39 2
2 34 40 2
2 34 41 2
2 34 42 2
2 34 48 2
2 34 49 2
2 34 50 2
2 34 51 2
2 34 52 2
2 34 53 2
2 34 54 4
2 34 55 4
2 34 56 4
2 34 57 2
2 34 58 2
2 34 59 6
2 34 60 4
2 34 61 4
2 34 62 4
2 34 63 6
2 34 64 12
2 34 65 6
2 34 66 14
2 34 67 14
2 34 68 6
2 34 69 14
2 34 70 14
2 34 71 7
2 35 0 23
2 35 1 23
2 35 2 15
2 35 3 11
2 35 4 11
2 35 5 11
2 35 6 7
2 35 7 19
2 35 8 13
2 35 9 3
2 35 10 11
2 35 11 11
2 35 12 3
2 35 13 9
2 35 14 3
2 35 15 1
2 35 16 1
2 35 17 1
2 35 18 1
2 35 19 1
2 35 20 1
2 35 21 1
2 35 22 1
2 35 23 3
2 35 24 9
2 35 25 3
2 35 26 1
2 35 27 1
2 35 28 5
2 35 29 17
2 35 30 5
2 35 31 3
2 35 32 9
2 35 33 3
2 35 34 1
2 35 35 3
2 35 36 9
2 35 37 3
2 35 38 1
2 35 39 3
2 35 40 11
2 35 41 11
2 35 42 3
2 35 43 1
2 35 44 1
2 35 45 1
2 35 46 1
2 35 47 1
2 35 48 3
2 35 49 9
2 35 50 3
2 35 51 3
2 35 52 9
2 35 53 3
2 35 54 5
2 35 55 17
2 35 56 5
2 35 57 3
2 35 58 9
2 35 59 7
2 35 60 21
2 35 61 21
2 35 62 21
2 35 63 23
2 35 64 23
2 35 65 23
2 35 66 23
2 35 67 23
2 35 68 23
2 35 69 15
2 35 70 19
2 35 71 7
3 0 0 3
3 0 1 3
3 0 2 11
3 0 3 3
3 0 4 1
3 0 5 3
3 0 6 9
3 0 7 3
3 0 8 1
3 0 9 1
3 0 10 1
3 0 11 1
3 0 12 1
3 0 13 1
3 0 14 1
3 0 15 1
3 0 16 1
3 0 17 1
3 0 18 1
3 0 19 3
3 0 20 9
3 0 21 3
3 0 22 1
3 0 23 1
3 0 24 1
3 0 25 1
3 0 26 1
3 0 27 1
3 0 28 1
3 0 29 1
3 0 30 1
3 0 31 1
3 0 32 1
3 0 33 1
3 0 34 1
3 0 35 5
3 0 36 21
3 0 37 21
3 0 38 5
3 0 39 1
3 0 40 1
3 0 41 1
3 0 42 1
3 0 43 1
3 0 44 1
3 0 45 1
3 0 46 1
3 0 47 5
3 0 48 23
3 0 49 23
3 0 50 23
3 0 51 23
3 0 52 23
3 0 53 23
3 0 54 23
3 0 55 23
3 0 56 23
3 0 57 23
3 0 58 23
3 0 59 13
3 0 60 3
3 0 61 1
3 0 62 3
3 0 63 9
3 0 64 3
3 0 65 9
3 0 66 3
3 0 67 1
3 0 68 1
3 0 69 3
3 0 70 11
3 0 71 11
3 1 0 3
3 1 1 10
3 1 2 2
3 1 3 2
3 1 5 2
3 1 6 2
3 1 7 2
3 1 19 2
3 1 20 2
3 1 21 2
3 1 35 4
3 1 36 4
3 1 37 4
3 1 38 4
3 1 47 4
3 1 48 6
3 1 49 14
3 1 50 14
3 1 51 6
3 1 52 6
3 1 53 14
3 1 54 14
3 1 55 6
3 1 56 14
3 1 57 14
3 1 58 6
3 1 59 6
3 1 60 2
3 1 62 2
3 1 63 2
3 1 64 2
3 1 65 2
3 1 66 2
3 1 69 2
3 1 70 10
3 1 71 11
3 2 0 11
3 2 1 10
3 2 2 2
3 2 48 2
3 2 49 2
3 2 50 2
3 2 51 2
3 2 52 2
3 2 53 2
3 2 54 2
3 2 55 2
3 2 56 2
3 2 57 2
3 2 58 2
3 2 69 2
3 2 70 10
3 2 71 11
3 3 0 11
3 3 1 10
3 3 2 2
3 3 69 2
3 3 70 2
3 3 71 11
3 4 0 3
3 4 1 10
3 4 2 2
3 4 69 2
3 4 70 10
3 4 71 3
3 5 0 11
3 5 1 2
3 5 2 2
3 5 69 2
3 5 70 10
3 5 71 3
3 6 0 3
3 6 1 10
3 6 2 2
3 6 39 2
3 6 40 2
3 6 41 2
3 6 43 2
3 6 44 2
3 6 45 2
3 6 46 2
3 6 69 2
3 6 70 10
3 6 71 11
3 7 0 3
3 7 1 10
3 7 2 2
3 7 39 2
3 7 40 8
3 7 41 2
3 7 43 2
3 7 44 10
3 7 45 10
3 7 46 2
3 7 69 2
3 7 70 2
3 7 71 11
3 8 0 11
3 8 1 2
3 8 2 2
3 8 39 2
3 8 40 2
3 8 41 2
3 8 43 2
3 8 44 2
3 8 45 2
3 8 46 2
3 8 69 2
3 8 70 10
3 8 71 11
3 9 0 3
3 9 1 10
3 9 2 2
3 9 52 4
3 9 53 4
3 9 54 4
3 9 69 2
3 9 70 10
3 9 71 3
3 10 0 3
3 10 1 10
3 10 2 2
3 10 52 4
3 10 53 16
3 10 54 4
3 10 60 4
3 10 61 4
3 10 62 4
3 10 69 2
3 10 70 2
3 10 71 11
3 11 0 3
3 11 1 10
3 11 2 2
3 11 52 4
3 11 53 4
3 11 54 4
3 11 60 4
3 11 61 16
3 11 62 4
3 11 69 2
3 11 70 2
3 11 71 11
3 12 0 11
3 12 1 2
3 12 2 2
3 12 60 6
3 12 61 6
3 12 62 6
3 12 69 2
3 12 70 10
3 12 71 3
3 13 0 3
3 13 1 10
3 13 2 2
3 13 59 2
3 13 60 38
3 13 61 46
3 13 62 38
3 13 69 2
3 13 70 10
3 13 71 11
3 14 0 11
3 14 1 2
3 14 2 2
3 14 16 4
3 14 17 4
3 14 18 4
3 14 58 2
3 14 59 38
3 14 60 46
3 14 61 118
3 14 62 38
3 14 68 2
3 14 69 2
3 14 70 2
3 14 71 11
3 15 0 11
3 15 1 10
3 15 2 2
3 15 16 4
3 15 17 16
3 15 18 4
3 15 29 2
3 15 30 2
3 15 31 2
3 15 32 2
3 15 58 2
3 15 59 46
3 15 60 118
3 15 61 38
3 15 62 36
3 15 67 2
3 15 68 6
3 15 69 14
3 15 70 14
3 15 71 11
3 16 0 3
3 16 1 10
3 16 2 2
3 16 16 4
3 16 17 4
3 16 18 4
3 16 29 34
3 16 30 42
3 16 31 42
3 16 32 2
3 16 58 2
3 16 59 38
3 16 60 46
3 16 61 38
3 16 67 2
3 16 68 14
3 16 69 18
3 16 70 14
3 16 71 11
3 17 0 7
3 17 1 14
3 17 2 2
3 17 16 4
3 17 17 16
3 17 18 4
3 17 29 34
3 17 30 74
3 17 31 42
3 17 32 2
3 17 40 2
3 17 41 2
3 17 42 2
3 17 59 2
3 17 60 2
3 17 61 2
3 17 62 2
3 17 67 2
3 17 68 14
3 17 69 14
3 17 70 14
3 17 71 11
3 18 0 19
3 18 1 14
3 18 2 2
3 18 16 4
3 18 17 4
3 18 18 4
3 18 29 34
3 18 30 38
3 18 31 38
3 18 32 6
3 18 40 2
3 18 41 8
3 18 42 2
3 18 58 2
3 18 59 6
3 18 60 38
3 18 61 46
3 18 62 38
3 18 63 2
3 18 67 2
3 18 68 2
3 18 69 2
3 18 70 2
3 18 71 11
3 19 0 7
3 19 1 14
3 19 2 2
3 19 30 4
3 19 31 16
3 19 32 4
3 19 40 2
3 19 41 2
3 19 42 2
3 19 58 2
3 19 59 12
3 19 60 54
3 19 61 86
3 19 62 46
3 19 63 2
3 19 67 2
3 19 68 2
3 19 69 2
3 19 70 10
3 19 71 11
3 20 0 3
3 20 1 10
3 20 2 2
3 20 15 4
3 20 16 4
3 20 17 4
3 20 30 4
3 20 31 4
3 20 32 4
3 20 58 2
3 20 59 6
3 20 60 38
3 20 61 38
3 20 62 38
3 20 63 2
3 20 66 2
3 20 67 6
3 20 68 14
3 20 69 6
3 20 70 10
3 20 71 11
3 21 0 3
3 21 1 10
3 21 2 2
3 21 15 4
3 21 16 16
3 21 17 4
3 21 66 2
3 21 67 14
3 21 68 18
3 21 69 14
3 21 70 10
3 21 71 3
3 22 0 11
3 22 1 2
3 22 2 2
3 22 15 4
3 22 16 4
3 22 17 4
3 22 66 2
3 22 67 6
3 22 68 6
3 22 69 6
3 22 70 10
3 22 71 3
3 23 0 11
3 23 1 2
3 23 2 2
3 23 38 4
3 23 39 4
3 23 40 4
3 23 59 2
3 23 60 2
3 23 61 2
3 23 62 2
3 23 69 2
3 23 70 10
3 23 71 3
3 24 0 3
3 24 1 10
3 24 2 2
3 24 38 4
3 24 39 16
3 24 40 4
3 24 47 4
3 24 48 4
3 24 49 4
3 24 50 4
3 24 52 4
3 24 53 4
3 24 54 4
3 24 59 2
3 24 60 10
3 24 61 10
3 24 62 2
3 24 69 2
3 24 70 10
3 24 71 11
3 25 0 3
3 25 1 10
3 25 2 2
3 25 38 4
3 25 39 4
3 25 40 4
3 25 47 4
3 25 48 20
3 25 49 20
3 25 50 4
3 25 52 4
3 25 53 16
3 25 54 4
3 25 59 2
3 25 60 10
3 25 61 10
3 25 62 2
3 25 69 2
3 25 70 10
3 25 71 11
3 26 0 3
3 26 1 10
3 26 2 2
3 26 47 4
3 26 48 20
3 26 49 20
3 26 50 4
3 26 52 4
3 26 53 4
3 26 54 4
3 26 59 2
3 26 60 10
3 26 61 10
3 26 62 2
3 26 69 2
3 26 70 10
3 26 71 3
3 27 0 11
3 27 1 10
3 27 2 2
3 27 47 4
3 27 48 4
3 27 49 4
3 27 50 4
3 27 59 2
3 27 60 10
3 27 61 10
3 27 62 2
3 27 69 2
3 27 70 10
3 27 71 11
3 28 0 11
3 28 1 10
3 28 2 2
3 28 47 4
3 28 48 4
3 28 49 4
3 28 50 4
3 28 55 4
3 28 56 4
3 28 57 4
3 28 59 2
3 28 60 10
3 28 61 10
3 28 62 2
3 28 69 2
3 28 70 10
3 28 71 3
3 29 0 11
3 29 1 10
3 29 2 2
3 29 8 2
3 29 9 2
3 29 10 2
3 29 11 2
3 29 47 4
3 29 48 20
3 29 49 20
3 29 50 4
3 29 55 4
3 29 56 20
3 29 57 4
3 29 59 2
3 29 60 10
3 29 61 10
3 29 62 2
3 29 68 2
3 29 69 2
3 29 70 10
3 29 71 11
3 30 0 11
3 30 1 10
3 30 2 2
3 30 7 2
3 30 8 6
3 30 9 14
3 30 10 14
3 30 11 2
3 30 12 2
3 30 13 2
3 30 14 2
3 30 15 2
3 30 47 4
3 30 48 4
3 30 49 22
3 30 50 6
3 30 51 2
3 30 55 4
3 30 56 20
3 30 57 4
3 30 58 4
3 30 59 2
3 30 60 10
3 30 61 10
3 30 62 2
3 30 65 2
3 30 66 2
3 30 67 2
3 30 68 2
3 30 69 10
3 30 70 10
3 30 71 11
3 31 0 3
3 31 1 10
3 31 2 2
3 31 6 2
3 31 7 38
3 31 8 46
3 31 9 54
3 31 10 14
3 31 11 6
3 31 12 46
3 31 13 46
3 31 14 46
3 31 15 2
3 31 47 4
3 31 48 4
3 31 49 22
3 31 50 14
3 31 51 2
3 31 55 4
3 31 56 4
3 31 57 20
3 31 58 4
3 31 59 2
3 31 60 10
3 31 61 10
3 31 62 2
3 31 64 2
3 31 65 2
3 31 66 10
3 31 67 2
3 31 68 2
3 31 69 2
3 31 70 10
3 31 71 11
3 32 0 11
3 32 1 2
3 32 2 2
3 32 6 2
3 32 7 46
3 32 8 86
3 32 9 54
3 32 10 14
3 32 11 6
3 32 12 54
3 32 13 86
3 32 14 46
3 32 15 2
3 32 47 6
3 32 48 22
3 32 49 22
3 32 50 14
3 32 51 2
3 32 56 4
3 32 57 4
3 32 58 4
3 32 59 2
3 32 60 10
3 32 61 10
3 32 62 2
3 32 64 2
3 32 65 10
3 32 66 2
3 32 67 2
3 32 68 2
3 32 69 2
3 32 70 10
3 32 71 3
3 33 0 3
3 33 1 10
3 33 2 2
3 33 3 2
3 33 4 2
3 33 6 2
3 33 7 38
3 33 8 46
3 33 9 54
3 33 10 14
3 33 11 6
3 33 12 54
3 33 13 54
3 33 14 46
3 33 15 2
3 33 45 2
3 33 46 2
3 33 47 6
3 33 48 14
3 33 49 14
3 33 50 14
3 33 51 2
3 33 59 2
3 33 60 10
3 33 61 10
3 33 62 2
3 33 64 2
3 33 65 2
3 33 66 2
3 33 67 2
3 33 68 10
3 33 69 2
3 33 70 10
3 33 71 11
3 34 0 3
3 34 1 10
3 34 2 10
3 34 3 10
3 34 4 2
3 34 5 2
3 34 6 6
3 34 7 14
3 34 8 22
3 34 9 22
3 34 10 14
3 34 11 6
3 34 12 14
3 34 13 14
3 34 14 6
3 34 15 2
3 34 16 2
3 34 17 2
3 34 18 2
3 34 19 2
3 34 20 2
3 34 21 2
3 34 22 2
3 34 23 2
3 34 24 2
3 34 29 2
3 34 30 2
3 34 31 2
3 34 32 2
3 34 33 2
3 34 34 2
3 34 35 2
3 34 36 2
3 34 40 2
3 34 41 2
3 34 42 2
3 34 43 2
3 34 44 2
3 34 45 2
3 34 46 10
3 34 47 6
3 34 48 22
3 34 49 22
3 34 50 14
3 34 51 2
3 34 52 2
3 34 53 2
3 34 54 2
3 34 55 2
3 34 56 2
3 34 57 2
3 34 58 2
3 34 59 6
3 34 60 14
3 34 61 14
3 34 62 6
3 34 63 2
3 34 64 2
3 34 65 2
3 34 66 2
3 34 67 6
3 34 68 14
3 34 69 14
3 34 70 14
3 34 71 11
3 35 0 11
3 35 1 11
3 35 2 11
3 35 3 11
3 35 4 11
3 35 5 11
3 35 6 7
3 35 7 23
3 35 8 23
3 35 9 23
3 35 10 23
3 35 11 7
3 35 12 3
3 35 13 3
3 35 14 11
3 35 15 3
3 35 16 3
3 35 17 11
3 35 18 11
3 35 19 11
3 35 20 3
3 35 21 9
3 35 22 3
3 35 23 9
3 35 24 3
3 35 25 1
3 35 26 1
3 35 27 1
3 35 28 1
3 35 29 3
3 35 30 9
3 35 31 3
3 35 32 3
3 35 33 11
3 35 34 11
3 35 35 11
3 35 36 3
3 35 37 1
3 35 38 1
3 35 39 1
3 35 40 3
3 35 41 9
3 35 42 3
3 35 43 11
3 35 44 11
3 35 45 11
3 35 46 3
3 35 47 7
3 35 48 15
3 35 49 15
3 35 50 15
3 35 51 3
3 35 52 11
3 35 53 11
3 35 54 11
3 35 55 3
3 35 56 9
3 35 57 3
3 35 58 9
3 35 59 7
3 35 60 23
3 35 61 23
3 35 62 15
3 35 63 11
3 35 64 3
3 35 65 11
3 35 66 11
3 35 67 15
3 35 68 23
3 35 69 23
3 35 70 7
3 35 71 11
7 0 0 11
7 0 1 11
7 0 2 3
7 0 3 1
7 0 4 1
7 0 5 3
7 0 6 11
7 0 7 11
7 0 8 3
7 0 9 3
7 0 10 9
7 0 11 3
7 0 12 1
7 0 13 1
7 0 14 1
7 0 15 1
7 0 16 1
7 0 17 1
7 0 18 1
7 0 19 1
7 0 20 1
7 0 21 1
7 0 22 1
7 0 23 7
7 0 24 23
7 0 25 23
7 0 26 5
7 0 27 1
7 0 28 1
7 0 29 3
7 0 30 9
7 0 31 3
7 0 32 1
7 0 33 1
7 0 34 1
7 0 35 1
7 0 36 1
7 0 37 3
7 0 38 9
7 0 39 3
7 0 40 9
7 0 41 3
7 0 42 9
7 0 43 3
7 0 44 1
7 0 45 5
7 0 46 21
7 0 47 23
7 0 48 15
7 0 49 11
7 0 50 11
7 0 51 11
7 0 52 11
7 0 53 11
7 0 54 11
7 0 55 11
7 0 56 11
7 0 57 11
7 0 58 11
7 0 59 11
7 0 60 3
7 0 61 1
7 0 62 1
7 0 63 1
7 0 64 3
7 0 65 9
7 0 66 3
7 0 67 1
7 0 68 3
7 0 69 3
7 0 70 11
7 0 71 11
7 1 0 11
7 1 1 10
7 1 2 2
7 1 5 2
7 1 6 2
7 1 7 2
7 1 8 2
7 1 9 2
7 1 10 2
7 1 11 2
7 1 23 6
7 1 24 12
7 1 25 6
7 1 26 4
7 1 29 2
7 1 30 2
7 1 31 2
7 1 37 2
7 1 38 2
7 1 39 2
7 1 40 2
7 1 41 2
7 1 42 2
7 1 43 2
7 1 45 4
7 1 46 4
7 1 47 6
7 1 48 6
7 1 49 2
7 1 50 2
7 1 51 2
7 1 52 2
7 1 53 2
7 1 54 2
7 1 55 2
7 1 56 2
7 1 57 2
7 1 58 2
7 1 59 2
7 1 60 2
7 1 64 2
7 1 65 2
7 1 66 2
7 1 68 2
7 1 69 10
7 1 70 10
7 1 71 11
7 2 0 11
7 2 1 10
7 2 2 2
7 2 23 2
7 2 24 2
7 2 25 2
7 2 58 4
7 2 59 4
7 2 60 4
7 2 68 2
7 2 69 10
7 2 70 10
7 2 71 11
7 3 0 11
7 3 1 10
7 3 2 2
7 3 58 4
7 3 59 16
7 3 60 4
7 3 67 2
7 3 68 2
7 3 69 2
7 3 70 10
7 3 71 11
7 4 0 11
7 4 1 10
7 4 2 2
7 4 58 4
7 4 59 4
7 4 60 4
7 4 67 2
7 4 68 10
7 4 69 2
7 4 70 10
7 4 71 11
7 5 0 3
7 5 1 10
7 5 2 2
7 5 67 2
7 5 68 10
7 5 69 2
7 5 70 10
7 5 71 11
7 6 0 11
7 6 1 10
7 6 2 2
7 6 38 4
7 6 39 4
7 6 40 4
7 6 67 2
7 6 68 2
7 6 69 10
7 6 70 10
7 6 71 3
7 7 0 11
7 7 1 10
7 7 2 2
7 7 3 2
7 7 38 4
7 7 39 16
7 7 40 4
7 7 68 2
7 7 69 10
7 7 70 10
7 7 71 11
7 8 0 11
7 8 1 10
7 8 2 10
7 8 3 2
7 8 38 4
7 8 39 4
7 8 40 4
7 8 68 2
7 8 69 10
7 8 70 10
7 8 71 11
7 9 0 11
7 9 1 10
7 9 2 10
7 9 3 2
7 9 68 2
7 9 69 2
7 9 70 10
7 9 71 11
7 10 0 3
7 10 1 10
7 10 2 2
7 10 3 2
7 10 69 2
7 10 70 10
7 10 71 11
7 11 0 11
7 11 1 10
7 11 2 2
7 11 27 4
7 11 28 4
7 11 29 4
7 11 30 4
7 11 33 4
7 11 34 4
7 11 35 4
7 11 36 4
7 11 69 2
7 11 70 14
7 11 71 15
7 12 0 11
7 12 1 10
7 12 2 2
7 12 27 4
7 12 28 20
7 12 29 20
7 12 30 4
7 12 33 4
7 12 34 20
7 12 35 20
7 12 36 4
7 12 68 2
7 12 69 2
7 12 70 14
7 12 71 19
7 13 0 11
7 13 1 10
7 13 2 2
7 13 27 4
7 13 28 4
7 13 29 20
7 13 30 4
7 13 33 4
7 13 34 20
7 13 35 4
7 13 36 4
7 13 62 2
7 13 63 2
7 13 64 2
7 13 68 2
7 13 69 10
7 13 70 14
7 13 71 7
7 14 0 11
7 14 1 10
7 14 2 2
7 14 3 2
7 14 28 4
7 14 29 4
7 14 30 4
7 14 31 4
7 14 32 4
7 14 33 4
7 14 34 20
7 14 35 20
7 14 36 4
7 14 42 32
7 14 43 32
7 14 44 32
7 14 62 2
7 14 63 8
7 14 64 2
7 14 68 2
7 14 69 2
7 14 70 14
7 14 71 19
7 15 0 11
7 15 1 10
7 15 2 10
7 15 3 2
7 15 27 4
7 15 28 4
7 15 29 20
7 15 30 4
7 15 31 16
7 15 32 4
7 15 33 4
7 15 34 20
7 15 35 20
7 15 36 4
7 15 42 32
7 15 43 64
7 15 44 32
7 15 62 2
7 15 63 2
7 15 64 2
7 15 69 2
7 15 70 14
7 15 71 7
7 16 0 11
7 16 1 10
7 16 2 2
7 16 3 2
7 16 27 4
7 16 28 20
7 16 29 4
7 16 30 4
7 16 31 4
7 16 32 4
7 16 33 4
7 16 34 20
7 16 35 20
7 16 36 4
7 16 42 32
7 16 43 32
7 16 44 32
7 16 68 2
7 16 69 2
7 16 70 10
7 16 71 3
7 17 0 11
7 17 1 10
7 17 2 10
7 17 3 2
7 17 27 4
7 17 28 4
7 17 29 4
7 17 30 4
7 17 33 4
7 17 34 20
7 17 35 4
7 17 36 4
7 17 68 2
7 17 69 10
7 17 70 10
7 17 71 11
7 18 0 11
7 18 1 10
7 18 2 10
7 18 3 2
7 18 27 4
7 18 28 4
7 18 29 20
7 18 30 4
7 18 33 4
7 18 34 20
7 18 35 20
7 18 36 4
7 18 67 2
7 18 68 2
7 18 69 10
7 18 70 14
7 18 71 7
7 19 0 11
7 19 1 10
7 19 2 2
7 19 3 2
7 19 27 4
7 19 28 20
7 19 29 4
7 19 30 4
7 19 33 4
7 19 34 20
7 19 35 20
7 19 36 4
7 19 67 2
7 19 68 10
7 19 69 10
7 19 70 14
7 19 71 19
7 20 0 11
7 20 1 10
7 20 2 2
7 20 27 4
7 20 28 4
7 20 29 4
7 20 30 4
7 20 33 4
7 20 34 20
7 20 35 20
7 20 36 4
7 20 40 4
7 20 41 4
7 20 42 4
7 20 63 2
7 20 64 2
7 20 65 2
7 20 67 2
7 20 68 2
7 20 69 10
7 20 70 14
7 20 71 15
7 21 0 3
7 21 1 10
7 21 2 2
7 21 27 4
7 21 28 20
7 21 29 20
7 21 30 4
7 21 31 2
7 21 32 2
7 21 33 6
7 21 34 20
7 21 35 20
7 21 36 4
7 21 40 4
7 21 41 16
7 21 42 4
7 21 63 2
7 21 64 8
7 21 65 2
7 21 67 2
7 21 68 2
7 21 69 2
7 21 70 10
7 21 71 3
7 22 0 11
7 22 1 10
7 22 2 2
7 22 27 4
7 22 28 4
7 22 29 4
7 22 30 4
7 22 31 2
7 22 32 8
7 22 33 6
7 22 34 20
7 22 35 20
7 22 36 4
7 22 40 4
7 22 41 4
7 22 42 4
7 22 63 2
7 22 64 2
7 22 65 2
7 22 67 2
7 22 68 10
7 22 69 10
7 22 70 10
7 22 71 3
7 23 0 11
7 23 1 10
7 23 2 2
7 23 27 4
7 23 28 16
7 23 29 4
7 23 31 2
7 23 32 2
7 23 33 6
7 23 34 20
7 23 35 20
7 23 36 4
7 23 67 2
7 23 68 2
7 23 69 10
7 23 70 10
7 23 71 11
7 24 0 3
7 24 1 10
7 24 2 2
7 24 27 4
7 24 28 4
7 24 29 4
7 24 33 4
7 24 34 4
7 24 35 4
7 24 36 4
7 24 67 2
7 24 68 10
7 24 69 10
7 24 70 10
7 24 71 11
7 25 0 11
7 25 1 10
7 25 2 2
7 25 3 2
7 25 67 2
7 25 68 2
7 25 69 10
7 25 70 10
7 25 71 11
7 26 0 11
7 26 1 10
7 26 2 10
7 26 3 2
7 26 68 2
7 26 69 10
7 26 70 10
7 26 71 3
7 27 0 11
7 27 1 10
7 27 2 2
7 27 3 2
7 27 68 2
7 27 69 2
7 27 70 10
7 27 71 11
7 28 0 11
7 28 1 10
7 28 2 2
7 28 68 2
7 28 69 10
7 28 70 10
7 28 71 11
7 29 0 11
7 29 1 10
7 29 2 2
7 29 68 2
7 29 69 10
7 29 70 10
7 29 71 3
7 30 0 11
7 30 1 10
7 30 2 2
7 30 3 2
7 30 39 4
7 30 40 4
7 30 41 4
7 30 68 2
7 30 69 10
7 30 70 10
7 30 71 3
7 31 0 11
7 31 1 10
7 31 2 10
7 31 3 2
7 31 39 4
7 31 40 16
7 31 41 4
7 31 48 4
7 31 49 4
7 31 50 4
7 31 67 2
7 31 68 2
7 31 69 10
7 31 70 10
7 31 71 11
7 32 0 11
7 32 1 10
7 32 2 2
7 32 3 2
7 32 39 4
7 32 40 4
7 32 41 4
7 32 48 4
7 32 49 20
7 32 50 4
7 32 67 2
7 32 68 10
7 32 69 10
7 32 70 10
7 32 71 11
7 33 0 11
7 33 1 10
7 33 2 2
7 33 3 2
7 33 4 2
7 33 5 2
7 33 43 2
7 33 44 2
7 33 45 2
7 33 46 2
7 33 47 2
7 33 48 6
7 33 49 22
7 33 50 6
7 33 67 2
7 33 68 10
7 33 69 10
7 33 70 14
7 33 71 15
7 34 0 11
7 34 1 10
7 34 2 10
7 34 3 2
7 34 4 8
7 34 5 2
7 34 6 4
7 34 7 6
7 34 8 6
7 34 9 2
7 34 10 2
7 34 11 2
7 34 12 2
7 34 13 2
7 34 14 2
7 34 15 2
7 34 16 2
7 34 17 2
7 34 18 2
7 34 25 2
7 34 26 2
7 34 27 2
7 34 28 2
7 34 29 2
7 34 34 2
7 34 35 2
7 34 36 2
7 34 37 2
7 34 38 2
7 34 39 2
7 34 40 2
7 34 41 2
7 34 42 2
7 34 43 6
7 34 44 14
7 34 45 14
7 34 46 2
7 34 47 2
7 34 48 14
7 34 49 14
7 34 50 6
7 34 51 2
7 34 52 2
7 34 53 2
7 34 54 2
7 34 55 2
7 34 56 2
7 34 57 2
7 34 59 2
7 34 60 2
7 34 61 2
7 34 62 2
7 34 63 2
7 34 64 2
7 34 65 2
7 34 66 2
7 34 67 2
7 34 68 10
7 34 69 10
7 34 70 14
7 34 71 19
7 35 0 11
7 35 1 11
7 35 2 11
7 35 3 3
7 35 4 3
7 35 5 3
7 35 6 5
7 35 7 19
7 35 8 15
7 35 9 11
7 35 10 11
7 35 11 3
7 35 12 9
7 35 13 3
7 35 14 9
7 35 15 3
7 35 16 11
7 35 17 11
7 35 18 3
7 35 19 1
7 35 20 1
7 35 21 1
7 35 22 1
7 35 23 1
7 35 24 1
7 35 25 3
7 35 26 11
7 35 27 11
7 35 28 11
7 35 29 3
7 35 30 1
7 35 31 1
7 35 32 1
7 35 33 1
7 35 34 3
7 35 35 9
7 35 36 3
7 35 37 3
7 35 38 11
7 35 39 11
7 35 40 3
7 35 41 3
7 35 42 11
7 35 43 15
7 35 44 19
7 35 45 7
7 35 46 11
7 35 47 11
7 35 48 11
7 35 49 3
7 35 50 3
7 35 51 3
7 35 52 11
7 35 53 11
7 35 54 11
7 35 55 3
7 35 56 9
7 35 57 3
7 35 58 1
7 35 59 3
7 35 60 9
7 35 61 3
7 35 62 3
7 35 63 9
7 35 64 3
7 35 65 3
7 35 66 11
7 35 67 11
7 35 68 11
7 35 69 11
7 35 70 15
7 35 71 15
6 0 0 11
6 0 1 11
6 0 2 15
6 0 3 19
6 0 4 7
6 0 5 3
6 0 6 11
6 0 7 11
6 0 8 3
6 0 9 1
6 0 10 3
6 0 11 11
6 0 12 11
6 0 13 11
6 0 14 7
6 0 15 17
6 0 16 5
6 0 17 1
6 0 18 3
6 0 19 13
6 0 20 19
6 0 21 13
6 0 22 3
6 0 23 1
6 0 24 1
6 0 25 1
6 0 26 1
6 0 27 1
6 0 28 1
6 0 29 1
6 0 30 1
6 0 31 1
6 0 32 1
6 0 33 1
6 0 34 1
6 0 35 1
6 0 36 1
6 0 37 1
6 0 38 1
6 0 39 1
6 0 40 1
6 0 41 1
6 0 42 1
6 0 43 3
6 0 44 9
6 0 45 3
6 0 46 1
6 0 47 5
6 0 48 19
6 0 49 13
6 0 50 3
6 0 51 1
6 0 52 1
6 0 53 1
6 0 54 1
6 0 55 1
6 0 56 5
6 0 57 7
6 0 58 13
6 0 59 3
6 0 60 3
6 0 61 11
6 0 62 11
6 0 63 15
6 0 64 19
6 0 65 5
6 0 66 3
6 0 67 11
6 0 68 3
6 0 69 7
6 0 70 23
6 0 71 23
6 1 0 11
6 1 1 10
6 1 2 14
6 1 3 14
6 1 4 14
6 1 5 2
6 1 6 2
6 1 7 6
6 1 8 6
6 1 9 4
6 1 10 2
6 1 11 2
6 1 12 2
6 1 13 2
6 1 14 6
6 1 15 4
6 1 16 4
6 1 18 2
6 1 19 6
6 1 20 6
6 1 21 6
6 1 22 2
6 1 31 4
6 1 32 4
6 1 33 4
6 1 39 4
6 1 40 4
6 1 41 4
6 1 43 2
6 1 44 2
6 1 45 2
6 1 47 4
6 1 48 6
6 1 49 6
6 1 50 2
6 1 56 4
6 1 57 18
6 1 58 6
6 1 59 2
6 1 60 2
6 1 61 2
6 1 62 2
6 1 63 6
6 1 64 6
6 1 65 4
6 1 66 2
6 1 67 10
6 1 68 10
6 1 69 14
6 1 70 14
6 1 71 15
6 2 0 11
6 2 1 10
6 2 2 10
6 2 3 2
6 2 4 2
6 2 5 2
6 2 7 4
6 2 8 16
6 2 9 4
6 2 18 4
6 2 19 4
6 2 20 4
6 2 31 4
6 2 32 16
6 2 33 4
6 2 39 4
6 2 40 16
6 2 41 4
6 2 42 4
6 2 43 4
6 2 56 4
6 2 57 4
6 2 58 4
6 2 66 2
6 2 67 2
6 2 68 10
6 2 69 2
6 2 70 10
6 2 71 3
6 3 0 11
6 3 1 10
6 3 2 10
6 3 3 2
6 3 7 4
6 3 8 4
6 3 9 4
6 3 18 4
6 3 19 16
6 3 20 4
6 3 31 4
6 3 32 4
6 3 33 4
6 3 39 4
6 3 40 4
6 3 41 4
6 3 42 16
6 3 43 4
6 3 67 2
6 3 68 10
6 3 69 10
6 3 70 10
6 3 71 11
6 4 0 11
6 4 1 10
6 4 2 10
6 4 3 2
6 4 9 4
6 4 10 4
6 4 11 4
6 4 18 4
6 4 19 4
6 4 20 4
6 4 41 4
6 4 42 4
6 4 43 4
6 4 67 2
6 4 68 2
6 4 69 10
6 4 70 14
6 4 71 15
6 5 0 11
6 5 1 10
6 5 2 10
6 5 3 2
6 5 9 4
6 5 10 16
6 5 11 4
6 5 37 4
6 5 38 4
6 5 39 4
6 5 45 4
6 5 46 4
6 5 47 4
6 5 68 2
6 5 69 10
6 5 70 14
6 5 71 23
6 6 0 11
6 6 1 10
6 6 2 10
6 6 3 2
6 6 9 4
6 6 10 4
6 6 11 4
6 6 27 4
6 6 28 4
6 6 29 4
6 6 30 4
6 6 31 4
6 6 37 6
6 6 38 18
6 6 39 6
6 6 45 4
6 6 46 16
6 6 47 4
6 6 53 4
6 6 54 4
6 6 55 4
6 6 68 2
6 6 69 10
6 6 70 14
6 6 71 23
6 7 0 11
6 7 1 10
6 7 2 10
6 7 3 2
6 7 27 4
6 7 28 16
6 7 29 4
6 7 30 16
6 7 31 4
6 7 37 6
6 7 38 12
6 7 39 6
6 7 45 4
6 7 46 4
6 7 47 4
6 7 53 4
6 7 54 16
6 7 55 4
6 7 68 2
6 7 69 10
6 7 70 14
6 7 71 15
6 8 0 11
6 8 1 10
6 8 2 2
6 8 3 2
6 8 26 4
6 8 27 4
6 8 28 4
6 8 29 4
6 8 30 4
6 8 31 4
6 8 37 2
6 8 38 2
6 8 39 2
6 8 52 2
6 8 53 6
6 8 54 6
6 8 55 4
6 8 67 2
6 8 68 2
6 8 69 10
6 8 70 10
6 8 71 11
6 9 0 11
6 9 1 10
6 9 2 10
6 9 3 2
6 9 26 4
6 9 27 16
6 9 28 4
6 9 46 4
6 9 47 4
6 9 48 4
6 9 52 2
6 9 53 8
6 9 54 2
6 9 67 2
6 9 68 10
6 9 69 10
6 9 70 14
6 9 71 15
6 10 0 11
6 10 1 10
6 10 2 10
6 10 3 2
6 10 11 4
6 10 12 4
6 10 13 4
6 10 26 4
6 10 27 4
6 10 28 4
6 10 46 4
6 10 47 16
6 10 48 4
6 10 52 2
6 10 53 2
6 10 54 2
6 10 59 4
6 10 60 4
6 10 61 4
6 10 67 2
6 10 68 10
6 10 69 10
6 10 70 14
6 10 71 19
6 11 0 11
6 11 1 10
6 11 2 10
6 11 3 2
6 11 11 4
6 11 12 16
6 11 13 4
6 11 32 4
6 11 33 4
6 11 34 4
6 11 46 4
6 11 47 4
6 11 48 4
6 11 51 4
6 11 52 4
6 11 53 4
6 11 59 4
6 11 60 16
6 11 61 4
6 11 67 2
6 11 68 10
6 11 69 10
6 11 70 14
6 11 71 15
6 12 0 11
6 12 1 10
6 12 2 10
6 12 3 2
6 12 11 4
6 12 12 4
6 12 13 4
6 12 21 4
6 12 22 4
6 12 23 4
6 12 24 4
6 12 25 4
6 12 26 4
6 12 27 4
6 12 32 4
6 12 33 16
6 12 34 4
6 12 39 4
6 12 40 4
6 12 41 4
6 12 51 4
6 12 52 16
6 12 53 4
6 12 58 4
6 12 59 4
6 12 60 4
6 12 61 4
6 12 63 4
6 12 64 4
6 12 65 4
6 12 67 2
6 12 68 10
6 12 69 10
6 12 70 14
6 12 71 7
6 13 0 11
6 13 1 10
6 13 2 14
6 13 3 6
6 13 4 4
6 13 20 4
6 13 21 4
6 13 22 20
6 13 23 20
6 13 24 4
6 13 25 4
6 13 26 16
6 13 27 4
6 13 32 4
6 13 33 4
6 13 34 4
6 13 39 4
6 13 40 16
6 13 41 4
6 13 42 4
6 13 43 4
6 13 44 4
6 13 49 4
6 13 50 4
6 13 51 4
6 13 52 4
6 13 53 4
6 13 58 4
6 13 59 16
6 13 60 4
6 13 63 4
6 13 64 16
6 13 65 4
6 13 67 2
6 13 68 10
6 13 69 10
6 13 70 14
6 13 71 19
6 14 0 11
6 14 1 10
6 14 2 14
6 14 3 18
6 14 4 4
6 14 20 4
6 14 21 20
6 14 22 4
6 14 23 4
6 14 24 4
6 14 25 4
6 14 26 4
6 14 27 4
6 14 31 34
6 14 32 34
6 14 33 34
6 14 39 4
6 14 40 4
6 14 41 4
6 14 42 4
6 14 43 20
6 14 44 4
6 14 49 4
6 14 50 16
6 14 51 4
6 14 56 4
6 14 57 4
6 14 58 4
6 14 59 4
6 14 60 4
6 14 62 4
6 14 63 4
6 14 64 4
6 14 65 4
6 14 67 2
6 14 68 2
6 14 69 10
6 14 70 14
6 14 71 7
6 15 0 11
6 15 1 10
6 15 2 6
6 15 3 6
6 15 4 4
6 15 20 4
6 15 21 4
6 15 22 4
6 15 31 34
6 15 32 72
6 15 33 34
6 15 40 4
6 15 41 4
6 15 42 20
6 15 43 4
6 15 44 4
6 15 45 4
6 15 49 4
6 15 50 4
6 15 51 4
6 15 52 4
6 15 56 4
6 15 57 16
6 15 58 4
6 15 62 4
6 15 63 16
6 15 64 4
6 15 68 2
6 15 69 10
6 15 70 14
6 15 71 19
6 16 0 11
6 16 1 10
6 16 2 2
6 16 3 2
6 16 31 34
6 16 32 34
6 16 33 34
6 16 40 4
6 16 41 20
6 16 42 4
6 16 43 4
6 16 44 16
6 16 45 4
6 16 50 4
6 16 51 16
6 16 52 4
6 16 53 4
6 16 54 4
6 16 55 4
6 16 56 4
6 16 57 4
6 16 58 4
6 16 59 4
6 16 60 4
6 16 62 4
6 16 63 4
6 16 64 4
6 16 67 2
6 16 68 2
6 16 69 10
6 16 70 14
6 16 71 15
6 17 0 11
6 17 1 10
6 17 2 10
6 17 3 2
6 17 32 4
6 17 33 4
6 17 34 4
6 17 37 4
6 17 38 4
6 17 39 4
6 17 40 4
6 17 41 4
6 17 42 4
6 17 43 4
6 17 44 4
6 17 45 4
6 17 50 4
6 17 51 4
6 17 52 4
6 17 53 16
6 17 54 4
6 17 55 4
6 17 56 16
6 17 57 4
6 17 58 4
6 17 59 16
6 17 60 4
6 17 67 2
6 17 68 10
6 17 69 10
6 17 70 10
6 17 71 11
6 18 0 11
6 18 1 10
6 18 2 2
6 18 3 2
6 18 18 4
6 18 19 4
6 18 20 4
6 18 32 4
6 18 33 16
6 18 34 4
6 18 37 4
6 18 38 20
6 18 39 4
6 18 52 4
6 18 53 4
6 18 54 4
6 18 55 4
6 18 56 4
6 18 57 4
6 18 58 4
6 18 59 4
6 18 60 4
6 18 67 2
6 18 68 10
6 18 69 10
6 18 70 14
6 18 71 15
6 19 0 11
6 19 1 10
6 19 2 10
6 19 3 2
6 19 9 4
6 19 10 4
6 19 11 4
6 19 18 4
6 19 19 16
6 19 20 4
6 19 29 4
6 19 30 4
6 19 31 4
6 19 32 4
6 19 33 4
6 19 34 4
6 19 37 4
6 19 38 20
6 19 39 4
6 19 45 4
6 19 46 4
6 19 47 4
6 19 65 4
6 19 66 4
6 19 67 6
6 19 68 2
6 19 69 10
6 19 70 14
6 19 71 19
6 20 0 11
6 20 1 10
6 20 2 2
6 20 3 2
6 20 9 4
6 20 10 20
6 20 11 4
6 20 12 4
6 20 18 4
6 20 19 4
6 20 20 4
6 20 21 4
6 20 22 4
6 20 29 4
6 20 30 16
6 20 31 4
6 20 37 4
6 20 38 4
6 20 39 4
6 20 45 4
6 20 46 16
6 20 47 4
6 20 48 4
6 20 49 4
6 20 65 4
6 20 66 16
6 20 67 4
6 20 68 2
6 20 69 10
6 20 70 14
6 20 71 7
6 21 0 11
6 21 1 10
6 21 2 10
6 21 3 2
6 21 9 4
6 21 10 4
6 21 11 20
6 21 12 4
6 21 20 4
6 21 21 16
6 21 22 4
6 21 29 4
6 21 30 4
6 21 31 4
6 21 37 4
6 21 38 20
6 21 39 4
6 21 42 4
6 21 43 4
6 21 44 4
6 21 45 4
6 21 46 4
6 21 47 4
6 21 48 20
6 21 49 4
6 21 50 4
6 21 65 4
6 21 66 4
6 21 67 4
6 21 68 2
6 21 69 10
6 21 70 10
6 21 71 3
6 22 0 11
6 22 1 10
6 22 2 2
6 22 3 2
6 22 7 4
6 22 8 4
6 22 9 4
6 22 10 4
6 22 11 4
6 22 12 4
6 22 20 4
6 22 21 4
6 22 22 4
6 22 37 4
6 22 38 20
6 22 39 4
6 22 40 4
6 22 42 4
6 22 43 16
6 22 44 4
6 22 47 4
6 22 48 4
6 22 49 20
6 22 50 4
6 22 54 4
6 22 55 4
6 22 56 4
6 22 68 2
6 22 69 10
6 22 70 14
6 22 71 15
6 23 0 11
6 23 1 10
6 23 2 10
6 23 3 2
6 23 7 4
6 23 8 16
6 23 9 4
6 23 10 4
6 23 11 4
6 23 12 4
6 23 22 4
6 23 23 4
6 23 24 4
6 23 35 4
6 23 36 4
6 23 37 4
6 23 38 20
6 23 39 20
6 23 40 4
6 23 41 4
6 23 42 4
6 23 43 4
6 23 44 4
6 23 45 4
6 23 46 4
6 23 47 4
6 23 48 4
6 23 49 4
6 23 50 4
6 23 54 4
6 23 55 16
6 23 56 4
6 23 68 2
6 23 69 10
6 23 70 14
6 23 71 19
6 24 0 11
6 24 1 10
6 24 2 10
6 24 3 2
6 24 7 4
6 24 8 4
6 24 9 4
6 24 10 4
6 24 11 20
6 24 12 4
6 24 22 4
6 24 23 16
6 24 24 4
6 24 28 4
6 24 29 4
6 24 30 4
6 24 35 4
6 24 36 20
6 24 37 20
6 24 38 20
6 24 39 20
6 24 40 20
6 24 41 20
6 24 42 20
6 24 43 20
6 24 44 20
6 24 45 20
6 24 46 52
6 24 47 52
6 24 48 36
6 24 54 4
6 24 55 4
6 24 56 4
6 24 66 4
6 24 67 6
6 24 68 6
6 24 69 10
6 24 70 14
6 24 71 15
6 25 0 15
6 25 1 14
6 25 2 10
6 25 3 2
6 25 8 4
6 25 9 16
6 25 10 4
6 25 11 20
6 25 12 4
6 25 22 4
6 25 23 4
6 25 24 4
6 25 28 4
6 25 29 16
6 25 30 4
6 25 35 4
6 25 36 20
6 25 37 20
6 25 38 20
6 25 39 20
6 25 40 20
6 25 41 20
6 25 42 20
6 25 43 20
6 25 44 20
6 25 45 20
6 25 46 52
6 25 47 84
6 25 48 36
6 25 59 2
6 25 60 6
6 25 61 6
6 25 62 6
6 25 63 6
6 25 64 6
6 25 65 6
6 25 66 6
6 25 67 18
6 25 68 14
6 25 69 10
6 25 70 10
6 25 71 11
6 26 0 19
6 26 1 14
6 26 2 10
6 26 3 2
6 26 8 4
6 26 9 4
6 26 10 4
6 26 11 4
6 26 12 4
6 26 13 4
6 26 14 4
6 26 15 4
6 26 28 4
6 26 29 4
6 26 30 4
6 26 35 4
6 26 36 20
6 26 37 20
6 26 38 20
6 26 39 20
6 26 40 20
6 26 41 20
6 26 42 20
6 26 43 20
6 26 44 20
6 26 45 20
6 26 46 52
6 26 47 52
6 26 48 36
6 26 59 2
6 26 60 14
6 26 61 22
6 26 62 14
6 26 63 14
6 26 64 22
6 26 65 22
6 26 66 14
6 26 67 14
6 26 68 14
6 26 69 10
6 26 70 2
6 26 71 3
6 27 0 15
6 27 1 14
6 27 2 10
6 27 3 2
6 27 13 4
6 27 14 16
6 27 15 4
6 27 19 4
6 27 20 4
6 27 21 4
6 27 35 4
6 27 36 20
6 27 37 20
6 27 38 20
6 27 39 20
6 27 40 20
6 27 41 20
6 27 42 20
6 27 43 20
6 27 44 20
6 27 45 20
6 27 46 20
6 27 47 20
6 27 48 4
6 27 50 4
6 27 51 4
6 27 52 4
6 27 56 4
6 27 57 6
6 27 58 6
6 27 59 2
6 27 60 14
6 27 61 22
6 27 62 22
6 27 63 14
6 27 64 22
6 27 65 22
6 27 66 22
6 27 67 6
6 27 68 10
6 27 69 14
6 27 70 14
6 27 71 15
6 28 0 11
6 28 1 10
6 28 2 10
6 28 3 2
6 28 11 4
6 28 12 4
6 28 13 4
6 28 14 4
6 28 15 4
6 28 19 4
6 28 20 16
6 28 21 4
6 28 25 4
6 28 26 4
6 28 27 4
6 28 35 4
6 28 36 20
6 28 37 20
6 28 38 20
6 28 39 20
6 28 40 20
6 28 41 20
6 28 42 20
6 28 43 20
6 28 44 20
6 28 45 20
6 28 46 20
6 28 47 20
6 28 48 4
6 28 50 4
6 28 51 16
6 28 52 4
6 28 53 2
6 28 54 2
6 28 55 2
6 28 56 4
6 28 57 22
6 28 58 14
6 28 59 10
6 28 60 6
6 28 61 6
6 28 62 6
6 28 63 6
6 28 64 6
6 28 65 4
6 28 66 4
6 28 67 6
6 28 68 10
6 28 69 14
6 28 70 18
6 28 71 15
6 29 0 15
6 29 1 14
6 29 2 10
6 29 3 2
6 29 11 4
6 29 12 16
6 29 13 4
6 29 19 4
6 29 20 4
6 29 21 4
6 29 25 4
6 29 26 16
6 29 27 4
6 29 35 4
6 29 36 20
6 29 37 20
6 29 38 20
6 29 39 20
6 29 40 20
6 29 41 20
6 29 42 20
6 29 43 20
6 29 44 20
6 29 45 20
6 29 46 20
6 29 47 20
6 29 48 4
6 29 50 4
6 29 51 4
6 29 52 4
6 29 53 2
6 29 54 8
6 29 55 2
6 29 56 4
6 29 57 22
6 29 58 14
6 29 59 10
6 29 60 2
6 29 67 2
6 29 68 2
6 29 69 14
6 29 70 14
6 29 71 15
6 30 0 19
6 30 1 14
6 30 2 10
6 30 3 2
6 30 11 4
6 30 12 4
6 30 13 4
6 30 14 4
6 30 25 36
6 30 26 36
6 30 27 36
6 30 30 4
6 30 31 4
6 30 32 4
6 30 35 4
6 30 36 20
6 30 37 20
6 30 38 20
6 30 39 20
6 30 40 20
6 30 41 20
6 30 42 20
6 30 43 20
6 30 44 20
6 30 45 20
6 30 46 20
6 30 47 20
6 30 48 4
6 30 53 2
6 30 54 2
6 30 55 2
6 30 56 4
6 30 57 6
6 30 58 6
6 30 59 6
6 30 60 6
6 30 67 2
6 30 68 10
6 30 69 10
6 30 70 10
6 30 71 11
6 31 0 15
6 31 1 14
6 31 2 2
6 31 3 2
6 31 9 4
6 31 10 4
6 31 11 4
6 31 12 4
6 31 13 16
6 31 14 4
6 31 18 4
6 31 19 4
6 31 20 4
6 31 21 4
6 31 22 4
6 31 25 32
6 31 26 64
6 31 27 32
6 31 30 4
6 31 31 16
6 31 32 4
6 31 35 4
6 31 36 20
6 31 37 20
6 31 38 20
6 31 39 20
6 31 40 20
6 31 41 20
6 31 42 20
6 31 43 20
6 31 44 20
6 31 45 20
6 31 46 20
6 31 47 20
6 31 48 4
6 31 58 4
6 31 59 16
6 31 60 4
6 31 67 2
6 31 68 2
6 31 69 2
6 31 70 10
6 31 71 11
6 32 0 11
6 32 1 10
6 32 2 10
6 32 3 2
6 32 9 4
6 32 10 16
6 32 11 4
6 32 12 4
6 32 13 4
6 32 14 4
6 32 18 4
6 32 19 16
6 32 20 4
6 32 21 16
6 32 22 4
6 32 25 32
6 32 26 32
6 32 27 36
6 32 28 4
6 32 29 4
6 32 30 4
6 32 31 4
6 32 32 4
6 32 35 4
6 32 36 20
6 32 37 20
6 32 38 20
6 32 39 20
6 32 40 20
6 32 41 20
6 32 42 20
6 32 43 20
6 32 44 20
6 32 45 20
6 32 46 20
6 32 47 20
6 32 48 4
6 32 49 4
6 32 54 4
6 32 55 4
6 32 56 4
6 32 58 4
6 32 59 4
6 32 60 4
6 32 67 2
6 32 68 2
6 32 69 10
6 32 70 10
6 32 71 11
6 33 0 11
6 33 1 10
6 33 2 2
6 33 3 2
6 33 4 2
6 33 9 4
6 33 10 4
6 33 11 4
6 33 18 4
6 33 19 4
6 33 20 4
6 33 21 4
6 33 22 4
6 33 27 4
6 33 28 20
6 33 29 4
6 33 35 4
6 33 36 20
6 33 37 20
6 33 38 20
6 33 39 20
6 33 40 20
6 33 41 20
6 33 42 20
6 33 43 20
6 33 44 20
6 33 45 20
6 33 46 20
6 33 47 20
6 33 48 20
6 33 49 4
6 33 54 4
6 33 55 16
6 33 56 4
6 33 66 2
6 33 67 2
6 33 68 10
6 33 69 10
6 33 70 10
6 33 71 11
6 34 0 11
6 34 1 10
6 34 2 10
6 34 3 10
6 34 4 2
6 34 5 2
6 34 6 2
6 34 7 2
6 34 11 4
6 34 12 4
6 34 13 4
6 34 18 4
6 34 19 4
6 34 20 6
6 34 21 6
6 34 22 6
6 34 23 4
6 34 24 6
6 34 25 2
6 34 26 2
6 34 27 4
6 34 28 20
6 34 29 4
6 34 30 2
6 34 31 2
6 34 32 2
6 34 35 6
6 34 36 22
6 34 37 6
6 34 38 6
6 34 39 4
6 34 40 20
6 34 41 20
6 34 42 20
6 34 43 20
6 34 44 20
6 34 45 20
6 34 46 20
6 34 47 20
6 34 48 4
6 34 49 4
6 34 50 2
6 34 51 2
6 34 52 2
6 34 53 2
6 34 54 6
6 34 55 6
6 34 56 6
6 34 57 2
6 34 58 2
6 34 59 2
6 34 61 2
6 34 62 2
6 34 63 2
6 34 64 2
6 34 65 2
6 34 66 2
6 34 67 10
6 34 68 10
6 34 69 10
6 34 70 10
6 34 71 11
6 35 0 11
6 35 1 11
6 35 2 11
6 35 3 11
6 35 4 11
6 35 5 3
6 35 6 9
6 35 7 3
6 35 8 1
6 35 9 1
6 35 10 1
6 35 11 5
6 35 12 17
6 35 13 5
6 35 14 1
6 35 15 1
6 35 16 1
6 35 17 1
6 35 18 5
6 35 19 21
6 35 20 23
6 35 21 13
6 35 22 7
6 35 23 17
6 35 24 7
6 35 25 9
6 35 26 3
6 35 27 5
6 35 28 5
6 35 29 5
6 35 30 3
6 35 31 9
6 35 32 3
6 35 33 1
6 35 34 1
6 35 35 7
6 35 36 15
6 35 37 15
6 35 38 23
6 35 39 21
6 35 40 21
6 35 41 21
6 35 42 21
6 35 43 21
6 35 44 21
6 35 45 21
6 35 46 21
6 35 47 21
6 35 48 5
6 35 49 1
6 35 50 3
6 35 51 9
6 35 52 3
6 35 53 9
6 35 54 3
6 35 55 3
6 35 56 11
6 35 57 11
6 35 58 11
6 35 59 3
6 35 60 1
6 35 61 3
6 35 62 9
6 35 63 3
6 35 64 11
6 35 65 11
6 35 66 11
6 35 67 11
6 35 68 11
6 35 69 11
6 35 70 11
6 35 71 11
5 0 0 3
5 0 1 3
5 0 2 3
5 0 3 3
5 0 4 3
5 0 5 1
5 0 6 3
5 0 7 9
5 0 8 3
5 0 9 1
5 0 10 1
5 0 11 1
5 0 12 1
5 0 13 1
5 0 14 1
5 0 15 1
5 0 16 1
5 0 17 1
5 0 18 1
5 0 19 1
5 0 20 5
5 0 21 17
5 0 22 5
5 0 23 17
5 0 24 5
5 0 25 1
5 0 26 3
5 0 27 9
5 0 28 3
5 0 29 1
5 0 30 1
5 0 31 1
5 0 32 5
5 0 33 21
5 0 34 23
5 0 35 13
5 0 36 19
5 0 37 5
5 0 38 5
5 0 39 17
5 0 40 5
5 0 41 1
5 0 42 1
5 0 43 1
5 0 44 5
5 0 45 21
5 0 46 21
5 0 47 5
5 0 48 5
5 0 49 21
5 0 50 21
5 0 51 5
5 0 52 5
5 0 53 17
5 0 54 5
5 0 55 21
5 0 56 21
5 0 57 21
5 0 58 5
5 0 59 1
5 0 60 1
5 0 61 1
5 0 62 5
5 0 63 17
5 0 64 5
5 0 65 1
5 0 66 5
5 0 67 21
5 0 68 21
5 0 69 21
5 0 70 5
5 0 71 1
5 0 72 5
5 0 73 19
5 0 74 13
5 0 75 19
5 0 76 5
5 0 77 1
5 0 78 1
5 0 79 1
5 0 80 1
5 0 81 1
5 0 82 1
5 0 83 5
5 0 84 21
5 0 85 21
5 0 86 7
5 0 87 9
5 0 88 3
5 0 89 1
5 0 90 1
5 0 91 1
5 0 92 1
5 0 93 3
5 0 94 11
5 0 95 3
5 1 0 3
5 1 1 10
5 1 2 2
5 1 3 8
5 1 4 2
5 1 6 2
5 1 7 2
5 1 8 2
5 1 9 2
5 1 10 2
5 1 11 2
5 1 20 4
5 1 21 4
5 1 22 4
5 1 23 4
5 1 24 4
5 1 26 2
5 1 27 2
5 1 28 2
5 1 32 4
5 1 33 4
5 1 34 6
5 1 35 6
5 1 36 6
5 1 37 4
5 1 38 4
5 1 39 4
5 1 40 4
5 1 44 4
5 1 45 4
5 1 46 4
5 1 47 4
5 1 48 4
5 1 49 4
5 1 50 4
5 1 51 4
5 1 52 4
5 1 53 4
5 1 54 4
5 1 55 4
5 1 56 4
5 1 57 4
5 1 58 4
5 1 62 4
5 1 63 4
5 1 64 4
5 1 66 4
5 1 67 4
5 1 68 4
5 1 69 4
5 1 70 4
5 1 72 4
5 1 73 6
5 1 74 6
5 1 75 6
5 1 76 6
5 1 83 4
5 1 84 20
5 1 85 20
5 1 86 6
5 1 87 2
5 1 88 2
5 1 93 2
5 1 94 10
5 1 95 3
5 2 0 3
5 2 1 10
5 2 2 2
5 2 3 2
5 2 4 2
5 2 9 2
5 2 10 8
5 2 11 2
5 2 74 2
5 2 75 8
5 2 76 2
5 2 83 4
5 2 84 20
5 2 85 20
5 2 86 4
5 2 93 2
5 2 94 2
5 2 95 3
5 3 0 3
5 3 1 2
5 3 2 2
5 3 9 2
5 3 10 2
5 3 11 2
5 3 53 4
5 3 54 4
5 3 55 4
5 3 74 2
5 3 75 2
5 3 76 2
5 3 83 4
5 3 84 20
5 3 85 20
5 3 86 4
5 3 94 2
5 3 95 11
5 4 0 1
5 4 53 4
5 4 54 16
5 4 55 4
5 4 57 4
5 4 58 4
5 4 59 4
5 4 83 4
5 4 84 20
5 4 85 20
5 4 86 4
5 4 94 2
5 4 95 11
5 5 0 1
5 5 15 4
5 5 16 4
5 5 17 4
5 5 53 4
5 5 54 4
5 5 55 4
5 5 57 4
5 5 58 16
5 5 59 4
5 5 83 4
5 5 84 20
5 5 85 20
5 5 86 4
5 5 93 2
5 5 94 2
5 5 95 3
5 6 0 1
5 6 15 4
5 6 16 16
5 6 17 4
5 6 57 4
5 6 58 4
5 6 59 4
5 6 83 4
5 6 84 20
5 6 85 20
5 6 86 4
5 6 93 2
5 6 94 10
5 6 95 11
5 7 0 3
5 7 1 2
5 7 15 4
5 7 16 4
5 7 17 4
5 7 39 4
5 7 40 4
5 7 41 4
5 7 42 4
5 7 51 4
5 7 52 4
5 7 53 4
5 7 83 4
5 7 84 20
5 7 85 20
5 7 86 4
5 7 93 2
5 7 94 2
5 7 95 11
5 8 0 9
5 8 1 2
5 8 39 4
5 8 40 20
5 8 41 20
5 8 42 4
5 8 51 4
5 8 52 18
5 8 53 6
5 8 54 2
5 8 83 4
5 8 84 20
5 8 85 20
5 8 86 4
5 8 93 2
5 8 94 2
5 8 95 3
5 9 0 3
5 9 1 2
5 9 2 2
5 9 39 4
5 9 40 4
5 9 41 4
5 9 42 4
5 9 51 4
5 9 52 6
5 9 53 12
5 9 54 2
5 9 83 4
5 9 84 20
5 9 85 20
5 9 86 4
5 9 93 2
5 9 94 10
5 9 95 3
5 10 0 3
5 10 1 8
5 10 2 2
5 10 11 4
5 10 12 4
5 10 13 4
5 10 52 2
5 10 53 2
5 10 54 2
5 10 83 4
5 10 84 20
5 10 85 20
5 10 86 4
5 10 93 2
5 10 94 14
5 10 95 7
5 11 0 7
5 11 1 6
5 11 2 2
5 11 11 4
5 11 12 16
5 11 13 4
5 11 42 2
5 11 43 2
5 11 44 2
5 11 57 4
5 11 58 4
5 11 59 4
5 11 83 4
5 11 84 20
5 11 85 20
5 11 86 4
5 11 93 2
5 11 94 14
5 11 95 19
5 12 0 19
5 12 1 12
5 12 2 2
5 12 11 4
5 12 12 4
5 12 13 4
5 12 42 2
5 12 43 8
5 12 44 2
5 12 57 4
5 12 58 16
5 12 59 4
5 12 83 4
5 12 84 4
5 12 85 4
5 12 86 4
5 12 93 2
5 12 94 14
5 12 95 7
5 13 0 7
5 13 1 6
5 13 2 2
5 13 42 2
5 13 43 2
5 13 44 2
5 13 57 4
5 13 58 4
5 13 59 4
5 13 93 2
5 13 94 2
5 13 95 11
5 14 0 3
5 14 1 2
5 14 2 2
5 14 31 6
5 14 32 6
5 14 33 6
5 14 34 4
5 14 35 4
5 14 64 4
5 14 65 4
5 14 66 4
5 14 85 4
5 14 86 4
5 14 87 4
5 14 91 2
5 14 92 2
5 14 93 2
5 14 94 2
5 14 95 3
5 15 0 3
5 15 1 10
5 15 2 2
5 15 14 2
5 15 15 2
5 15 16 2
5 15 21 4
5 15 22 4
5 15 23 4
5 15 31 6
5 15 32 28
5 15 33 22
5 15 34 20
5 15 35 4
5 15 40 4
5 15 41 4
5 15 42 4
5 15 64 4
5 15 65 16
5 15 66 4
5 15 72 4
5 15 73 4
5 15 74 4
5 15 85 4
5 15 86 16
5 15 87 4
5 15 91 2
5 15 92 8
5 15 93 2
5 15 94 2
5 15 95 11
5 16 0 7
5 16 1 14
5 16 2 6
5 16 3 2
5 16 14 2
5 16 15 8
5 16 16 2
5 16 21 4
5 16 22 16
5 16 23 4
5 16 31 6
5 16 32 6
5 16 33 6
5 16 34 4
5 16 35 4
5 16 40 4
5 16 41 16
5 16 42 4
5 16 64 4
5 16 65 4
5 16 66 4
5 16 67 2
5 16 68 2
5 16 69 2
5 16 72 4
5 16 73 16
5 16 74 4
5 16 85 4
5 16 86 4
5 16 87 4
5 16 91 2
5 16 92 2
5 16 93 2
5 16 94 10
5 16 95 3
5 17 0 23
5 17 1 22
5 17 2 14
5 17 3 2
5 17 14 2
5 17 15 2
5 17 16 2
5 17 21 4
5 17 22 4
5 17 23 4
5 17 40 4
5 17 41 4
5 17 42 4
5 17 67 2
5 17 68 8
5 17 69 2
5 17 72 4
5 17 73 4
5 17 74 4
5 17 79 2
5 17 80 2
5 17 81 2
5 17 93 2
5 17 94 6
5 17 95 15
5 18 0 23
5 18 1 14
5 18 2 6
5 18 3 2
5 18 50 4
5 18 51 4
5 18 52 4
5 18 67 2
5 18 68 2
5 18 69 2
5 18 79 2
5 18 80 8
5 18 81 2
5 18 93 2
5 18 94 14
5 18 95 19
5 19 0 23
5 19 1 14
5 19 2 2
5 19 9 2
5 19 10 2
5 19 11 2
5 19 12 2
5 19 50 4
5 19 51 16
5 19 52 4
5 19 54 4
5 19 55 4
5 19 56 4
5 19 79 2
5 19 80 2
5 19 81 2
5 19 83 4
5 19 84 4
5 19 85 4
5 19 86 4
5 19 87 4
5 19 90 4
5 19 91 4
5 19 92 4
5 19 93 2
5 19 94 6
5 19 95 15
5 20 0 7
5 20 1 6
5 20 2 2
5 20 9 6
5 20 10 14
5 20 11 14
5 20 12 2
5 20 26 4
5 20 27 4
5 20 28 4
5 20 47 2
5 20 48 2
5 20 49 2
5 20 50 4
5 20 51 4
5 20 52 4
5 20 54 4
5 20 55 16
5 20 56 4
5 20 83 4
5 20 84 16
5 20 85 4
5 20 86 16
5 20 87 4
5 20 90 4
5 20 91 16
5 20 92 4
5 20 93 2
5 20 94 2
5 20 95 11
5 21 0 3
5 21 1 2
5 21 9 6
5 21 10 18
5 21 11 14
5 21 12 2
5 21 26 4
5 21 27 16
5 21 28 4
5 21 47 2
5 21 48 8
5 21 49 2
5 21 54 4
5 21 55 4
5 21 56 4
5 21 83 4
5 21 84 4
5 21 85 4
5 21 86 4
5 21 87 4
5 21 90 4
5 21 91 4
5 21 92 4
5 21 93 2
5 21 94 14
5 21 95 7
5 22 0 9
5 22 1 2
5 22 9 4
5 22 10 6
5 22 11 6
5 22 12 2
5 22 26 4
5 22 27 4
5 22 28 4
5 22 47 2
5 22 48 2
5 22 49 2
5 22 61 4
5 22 62 6
5 22 63 6
5 22 64 2
5 22 93 2
5 22 94 6
5 22 95 19
5 23 0 3
5 23 1 2
5 23 19 4
5 23 20 4
5 23 21 4
5 23 22 4
5 23 23 4
5 23 44 4
5 23 45 4
5 23 46 4
5 23 47 4
5 23 48 4
5 23 61 4
5 23 62 18
5 23 63 12
5 23 64 2
5 23 65 4
5 23 66 4
5 23 67 4
5 23 68 4
5 23 93 2
5 23 94 6
5 23 95 15
5 24 0 3
5 24 1 2
5 24 6 4
5 24 7 4
5 24 8 4
5 24 19 4
5 24 20 16
5 24 21 4
5 24 22 16
5 24 23 4
5 24 44 4
5 24 45 16
5 24 46 4
5 24 47 22
5 24 48 6
5 24 49 2
5 24 61 4
5 24 62 6
5 24 63 6
5 24 64 2
5 24 65 4
5 24 66 20
5 24 67 20
5 24 68 4
5 24 93 2
5 24 94 10
5 24 95 3
5 25 0 11
5 25 1 2
5 25 6 4
5 25 7 16
5 25 8 4
5 25 19 4
5 25 20 4
5 25 21 4
5 25 22 4
5 25 23 4
5 25 40 4
5 25 41 4
5 25 42 4
5 25 43 4
5 25 44 4
5 25 45 4
5 25 46 6
5 25 47 22
5 25 48 14
5 25 49 2
5 25 59 32
5 25 60 32
5 25 61 32
5 25 62 32
5 25 63 32
5 25 64 32
5 25 65 4
5 25 66 20
5 25 67 20
5 25 68 4
5 25 69 4
5 25 70 4
5 25 71 4
5 25 93 2
5 25 94 10
5 25 95 3
5 26 0 11
5 26 1 2
5 26 6 4
5 26 7 4
5 26 8 4
5 26 40 4
5 26 41 20
5 26 42 4
5 26 43 4
5 26 44 20
5 26 45 4
5 26 46 6
5 26 47 14
5 26 48 6
5 26 49 2
5 26 59 32
5 26 60 96
5 26 61 96
5 26 62 96
5 26 63 96
5 26 64 32
5 26 65 4
5 26 66 20
5 26 67 20
5 26 68 4
5 26 69 4
5 26 70 20
5 26 71 4
5 26 79 4
5 26 80 4
5 26 81 4
5 26 93 2
5 26 94 2
5 26 95 3
5 27 0 11
5 27 1 2
5 27 6 4
5 27 7 16
5 27 8 4
5 27 36 4
5 27 37 4
5 27 38 4
5 27 40 4
5 27 41 20
5 27 42 4
5 27 43 4
5 27 44 20
5 27 45 4
5 27 46 6
5 27 47 6
5 27 48 6
5 27 58 32
5 27 59 32
5 27 60 96
5 27 61 96
5 27 62 96
5 27 63 96
5 27 64 32
5 27 65 4
5 27 66 20
5 27 67 20
5 27 68 4
5 27 69 4
5 27 70 20
5 27 71 4
5 27 79 4
5 27 80 16
5 27 81 4
5 27 93 2
5 27 94 2
5 27 95 3
5 28 0 3
5 28 1 2
5 28 6 4
5 28 7 4
5 28 8 4
5 28 36 4
5 28 37 16
5 28 38 4
5 28 40 4
5 28 41 4
5 28 42 4
5 28 43 4
5 28 44 4
5 28 45 4
5 28 46 4
5 28 47 16
5 28 48 4
5 28 58 32
5 28 59 96
5 28 60 32
5 28 61 32
5 28 62 32
5 28 63 32
5 28 64 32
5 28 65 4
5 28 66 20
5 28 67 20
5 28 68 4
5 28 69 4
5 28 70 4
5 28 71 4
5 28 79 4
5 28 80 4
5 28 81 4
5 28 93 2
5 28 94 14
5 28 95 7
5 29 0 9
5 29 1 2
5 29 36 4
5 29 37 4
5 29 38 4
5 29 41 4
5 29 42 20
5 29 43 20
5 29 44 4
5 29 45 20
5 29 46 4
5 29 47 4
5 29 48 4
5 29 58 32
5 29 59 96
5 29 60 32
5 29 65 4
5 29 66 20
5 29 67 20
5 29 68 4
5 29 89 4
5 29 90 6
5 29 91 6
5 29 92 2
5 29 93 2
5 29 94 14
5 29 95 19
5 30 0 3
5 30 1 2
5 30 25 4
5 30 26 4
5 30 27 4
5 30 39 4
5 30 40 4
5 30 41 4
5 30 42 4
5 30 43 4
5 30 44 4
5 30 45 4
5 30 46 20
5 30 47 4
5 30 58 32
5 30 59 32
5 30 60 32
5 30 64 4
5 30 65 4
5 30 66 20
5 30 67 20
5 30 68 4
5 30 89 4
5 30 90 18
5 30 91 12
5 30 92 2
5 30 93 2
5 30 94 6
5 30 95 7
5 31 0 9
5 31 1 2
5 31 12 2
5 31 13 2
5 31 14 2
5 31 25 4
5 31 26 16
5 31 27 4
5 31 39 4
5 31 40 16
5 31 41 4
5 31 42 4
5 31 43 4
5 31 44 4
5 31 45 4
5 31 46 4
5 31 47 4
5 31 64 4
5 31 65 20
5 31 66 20
5 31 67 20
5 31 68 4
5 31 72 4
5 31 73 4
5 31 74 4
5 31 89 4
5 31 90 6
5 31 91 6
5 31 92 2
5 31 94 4
5 31 95 5
5 32 0 3
5 32 1 2
5 32 3 2
5 32 4 2
5 32 5 2
5 32 6 2
5 32 7 2
5 32 8 2
5 32 12 2
5 32 13 8
5 32 14 2
5 32 25 4
5 32 26 4
5 32 27 4
5 32 36 4
5 32 37 4
5 32 38 4
5 32 39 4
5 32 40 4
5 32 41 4
5 32 42 4
5 32 43 20
5 32 44 4
5 32 45 4
5 32 64 4
5 32 65 4
5 32 66 20
5 32 67 20
5 32 68 4
5 32 72 4
5 32 73 16
5 32 74 4
5 32 90 2
5 32 91 2
5 32 92 2
5 32 94 4
5 32 95 17
5 33 0 1
5 33 3 2
5 33 4 10
5 33 5 2
5 33 6 2
5 33 7 8
5 33 8 2
5 33 12 2
5 33 13 2
5 33 14 2
5 33 36 4
5 33 37 20
5 33 38 4
5 33 40 4
5 33 41 4
5 33 42 20
5 33 43 4
5 33 44 20
5 33 45 4
5 33 65 4
5 33 66 20
5 33 67 20
5 33 68 4
5 33 72 4
5 33 73 4
5 33 74 4
5 33 90 2
5 33 91 8
5 33 92 2
5 33 93 2
5 33 94 6
5 33 95 7
5 34 0 1
5 34 3 2
5 34 4 10
5 34 5 2
5 34 6 2
5 34 7 2
5 34 8 2
5 34 13 2
5 34 14 2
5 34 15 2
5 34 36 4
5 34 37 20
5 34 38 4
5 34 40 4
5 34 41 20
5 34 42 4
5 34 43 4
5 34 44 4
5 34 45 4
5 34 65 4
5 34 66 20
5 34 67 20
5 34 68 4
5 34 90 2
5 34 91 2
5 34 92 2
5 34 93 2
5 34 94 10
5 34 95 3
5 35 0 3
5 35 1 2
5 35 2 2
5 35 3 2
5 35 4 2
5 35 5 2
5 35 12 4
5 35 13 6
5 35 14 12
5 35 15 2
5 35 36 4
5 35 37 4
5 35 38 4
5 35 40 4
5 35 41 4
5 35 42 4
5 35 65 4
5 35 66 20
5 35 67 20
5 35 68 4
5 35 93 2
5 35 94 10
5 35 95 3
5 36 0 3
5 36 1 8
5 36 2 2
5 36 3 2
5 36 4 2
5 36 5 2
5 36 12 4
5 36 13 18
5 36 14 6
5 36 15 2
5 36 36 4
5 36 37 16
5 36 38 4
5 36 65 4
5 36 66 4
5 36 67 4
5 36 68 6
5 36 69 2
5 36 70 2
5 36 80 4
5 36 81 4
5 36 82 4
5 36 92 2
5 36 93 2
5 36 94 2
5 36 95 3
5 37 0 3
5 37 1 2
5 37 2 2
5 37 3 2
5 37 4 8
5 37 5 2
5 37 12 4
5 37 13 4
5 37 14 4
5 37 36 4
5 37 37 4
5 37 38 4
5 37 39 4
5 37 40 4
5 37 41 4
5 37 68 2
5 37 69 8
5 37 70 2
5 37 80 4
5 37 81 16
5 37 82 4
5 37 92 2
5 37 93 10
5 37 94 2
5 37 95 9
5 38 0 1
5 38 3 2
5 38 4 2
5 38 5 2
5 38 34 4
5 38 35 4
5 38 36 4
5 38 39 4
5 38 40 16
5 38 41 4
5 38 68 2
5 38 69 2
5 38 70 2
5 38 80 4
5 38 81 4
5 38 82 4
5 38 92 2
5 38 93 10
5 38 94 2
5 38 95 3
5 39 0 1
5 39 34 4
5 39 35 16
5 39 36 4
5 39 39 4
5 39 40 4
5 39 41 4
5 39 68 4
5 39 69 4
5 39 70 4
5 39 92 2
5 39 93 10
5 39 94 2
5 39 95 11
5 40 0 1
5 40 3 2
5 40 4 2
5 40 5 2
5 40 34 4
5 40 35 4
5 40 36 4
5 40 66 4
5 40 67 4
5 40 68 4
5 40 69 16
5 40 70 4
5 40 92 2
5 40 93 2
5 40 94 6
5 40 95 15
5 41 0 1
5 41 3 2
5 41 4 14
5 41 5 6
5 41 6 4
5 41 66 4
5 41 67 16
5 41 68 4
5 41 69 4
5 41 70 4
5 41 92 2
5 41 93 14
5 41 94 14
5 41 95 23
5 42 0 1
5 42 3 2
5 42 4 14
5 42 5 18
5 42 6 4
5 42 30 2
5 42 31 2
5 42 32 2
5 42 66 4
5 42 67 4
5 42 68 4
5 42 90 2
5 42 91 6
5 42 92 6
5 42 93 14
5 42 94 22
5 42 95 15
5 43 0 3
5 43 1 2
5 43 2 2
5 43 3 2
5 43 4 6
5 43 5 6
5 43 6 4
5 43 30 2
5 43 31 8
5 43 32 2
5 43 40 4
5 43 41 4
5 43 42 4
5 43 90 2
5 43 91 12
5 43 92 18
5 43 93 14
5 43 94 22
5 43 95 15
5 44 0 3
5 44 1 10
5 44 2 2
5 44 30 2
5 44 31 2
5 44 32 2
5 44 40 4
5 44 41 16
5 44 42 4
5 44 90 2
5 44 91 6
5 44 92 6
5 44 93 6
5 44 94 14
5 44 95 23
5 45 0 3
5 45 1 10
5 45 2 2
5 45 3 2
5 45 4 2
5 45 5 2
5 45 6 2
5 45 7 2
5 45 8 2
5 45 9 2
5 45 40 4
5 45 41 4
5 45 42 4
5 45 48 4
5 45 49 4
5 45 50 4
5 45 82 2
5 45 83 2
5 45 84 2
5 45 92 4
5 45 93 18
5 45 94 14
5 45 95 23
5 46 0 3
5 46 1 10
5 46 2 2
5 46 3 8
5 46 4 2
5 46 5 8
5 46 6 2
5 46 7 6
5 46 8 12
5 46 9 6
5 46 18 2
5 46 19 2
5 46 20 2
5 46 21 4
5 46 22 4
5 46 23 4
5 46 24 4
5 46 30 4
5 46 31 4
5 46 32 4
5 46 33 4
5 46 34 4
5 46 35 4
5 46 36 4
5 46 39 4
5 46 40 4
5 46 41 4
5 46 42 4
5 46 43 4
5 46 44 4
5 46 45 6
5 46 46 2
5 46 47 2
5 46 48 4
5 46 49 20
5 46 50 4
5 46 51 4
5 46 54 4
5 46 55 4
5 46 56 4
5 46 57 4
5 46 58 4
5 46 59 4
5 46 60 4
5 46 62 4
5 46 63 4
5 46 64 4
5 46 65 4
5 46 66 4
5 46 67 4
5 46 68 4
5 46 69 4
5 46 70 4
5 46 71 4
5 46 72 4
5 46 73 6
5 46 74 2
5 46 75 2
5 46 76 2
5 46 77 2
5 46 82 2
5 46 83 12
5 46 84 6
5 46 85 4
5 46 86 4
5 46 87 4
5 46 88 4
5 46 92 4
5 46 93 6
5 46 94 14
5 46 95 23
5 47 0 3
5 47 1 3
5 47 2 3
5 47 3 3
5 47 4 3
5 47 5 3
5 47 6 3
5 47 7 7
5 47 8 19
5 47 9 7
5 47 10 1
5 47 11 1
5 47 12 1
5 47 13 1
5 47 14 1
5 47 15 1
5 47 16 1
5 47 17 1
5 47 18 3
5 47 19 9
5 47 20 3
5 47 21 5
5 47 22 21
5 47 23 21
5 47 24 5
5 47 25 1
5 47 26 1
5 47 27 1
5 47 28 1
5 47 29 1
5 47 30 5
5 47 31 17
5 47 32 5
5 47 33 5
5 47 34 21
5 47 35 21
5 47 36 5
5 47 37 1
5 47 38 1
5 47 39 5
5 47 40 21
5 47 41 21
5 47 42 5
5 47 43 5
5 47 44 17
5 47 45 7
5 47 46 9
5 47 47 3
5 47 48 5
5 47 49 21
5 47 50 21
5 47 51 5
5 47 52 1
5 47 53 1
5 47 54 5
5 47 55 17
5 47 56 5
5 47 57 17
5 47 58 5
5 47 59 17
5 47 60 5
5 47 61 1
5 47 62 5
5 47 63 17
5 47 64 5
5 47 65 17
5 47 66 5
5 47 67 21
5 47 68 21
5 47 69 21
5 47 70 5
5 47 71 5
5 47 72 17
5 47 73 7
5 47 74 9
5 47 75 3
5 47 76 9
5 47 77 3
5 47 78 1
5 47 79 1
5 47 80 1
5 47 81 1
5 47 82 3
5 47 83 7
5 47 84 19
5 47 85 5
5 47 86 5
5 47 87 17
5 47 88 5
5 47 89 1
5 47 90 1
5 47 91 1
5 47 92 1
5 47 93 7
5 47 94 23
5 47 95 7
4 0 0 3
4 0 1 3
4 0 2 3
4 0 3 3
4 0 4 11
4 0 5 3
4 0 6 3
4 0 7 3
4 0 8 7
4 0 9 17
4 0 10 5
4 0 11 1
4 0 12 1
4 0 13 1
4 0 14 1
4 0 15 1
4 0 16 1
4 0 17 1
4 0 18 3
4 0 19 9
4 0 20 3
4 0 21 1
4 0 22 1
4 0 23 5
4 0 24 5
4 0 25 5
4 0 26 1
4 0 27 1
4 0 28 1
4 0 29 1
4 0 30 1
4 0 31 1
4 0 32 5
4 0 33 23
4 0 34 23
4 0 35 7
4 0 36 5
4 0 37 17
4 0 38 5
4 0 39 7
4 0 40 13
4 0 41 7
4 0 42 1
4 0 43 1
4 0 44 1
4 0 45 1
4 0 46 1
4 0 47 3
4 0 48 11
4 0 49 11
4 0 50 3
4 0 51 1
4 0 52 1
4 0 53 1
4 0 54 1
4 0 55 1
4 0 56 1
4 0 57 1
4 0 58 1
4 0 59 1
4 0 60 1
4 0 61 1
4 0 62 1
4 0 63 1
4 0 64 1
4 0 65 5
4 0 66 5
4 0 67 5
4 0 68 1
4 0 69 3
4 0 70 9
4 0 71 3
4 0 72 1
4 0 73 1
4 0 74 1
4 0 75 1
4 0 76 5
4 0 77 7
4 0 78 13
4 0 79 3
4 0 80 5
4 0 81 17
4 0 82 5
4 0 83 1
4 0 84 1
4 0 85 1
4 0 86 1
4 0 87 1
4 0 88 1
4 0 89 3
4 0 90 3
4 0 91 3
4 0 92 3
4 0 93 3
4 0 94 3
4 0 95 3
4 1 0 11
4 1 1 2
4 1 2 2
4 1 3 10
4 1 4 2
4 1 5 2
4 1 6 2
4 1 7 8
4 1 8 6
4 1 9 4
4 1 10 4
4 1 18 2
4 1 19 2
4 1 20 2
4 1 23 6
4 1 24 18
4 1 25 6
4 1 32 4
4 1 33 6
4 1 34 12
4 1 35 6
4 1 36 4
4 1 37 4
4 1 38 6
4 1 39 6
4 1 40 18
4 1 41 6
4 1 47 2
4 1 48 2
4 1 49 2
4 1 50 2
4 1 54 4
4 1 55 4
4 1 56 4
4 1 65 4
4 1 66 16
4 1 67 4
4 1 69 2
4 1 70 2
4 1 71 2
4 1 76 4
4 1 77 18
4 1 78 6
4 1 79 2
4 1 80 4
4 1 81 4
4 1 82 4
4 1 86 2
4 1 87 2
4 1 88 2
4 1 89 2
4 1 90 10
4 1 91 10
4 1 92 2
4 1 93 10
4 1 94 10
4 1 95 11
4 2 0 11
4 2 1 2
4 2 2 2
4 2 3 2
4 2 4 2
4 2 6 2
4 2 7 2
4 2 8 2
4 2 23 6
4 2 24 12
4 2 25 6
4 2 33 2
4 2 34 2
4 2 35 2
4 2 38 2
4 2 39 12
4 2 40 6
4 2 41 4
4 2 54 4
4 2 55 16
4 2 56 4
4 2 65 4
4 2 66 4
4 2 67 4
4 2 76 4
4 2 77 4
4 2 78 4
4 2 86 2
4 2 87 8
4 2 88 2
4 2 89 2
4 2 90 2
4 2 91 10
4 2 92 2
4 2 93 10
4 2 94 10
4 2 95 3
4 3 0 11
4 3 1 2
4 3 23 2
4 3 24 2
4 3 25 2
4 3 27 2
4 3 28 2
4 3 29 2
4 3 30 2
4 3 38 2
4 3 39 2
4 3 40 2
4 3 54 4
4 3 55 4
4 3 56 4
4 3 86 2
4 3 87 2
4 3 88 2
4 3 90 2
4 3 91 10
4 3 92 2
4 3 93 2
4 3 94 2
4 3 95 11
4 4 0 3
4 4 1 2
4 4 27 2
4 4 28 10
4 4 29 10
4 4 30 2
4 4 39 4
4 4 40 4
4 4 41 4
4 4 90 2
4 4 91 10
4 4 92 2
4 4 94 2
4 4 95 3
4 5 0 11
4 5 1 2
4 5 2 2
4 5 6 4
4 5 7 4
4 5 8 4
4 5 27 2
4 5 28 2
4 5 29 2
4 5 30 2
4 5 39 4
4 5 40 16
4 5 41 4
4 5 74 4
4 5 75 4
4 5 76 4
4 5 90 2
4 5 91 2
4 5 92 2
4 5 93 2
4 5 94 2
4 5 95 9
4 6 0 3
4 6 1 10
4 6 2 2
4 6 6 4
4 6 7 16
4 6 8 4
4 6 9 2
4 6 10 2
4 6 11 2
4 6 31 2
4 6 32 2
4 6 33 2
4 6 39 4
4 6 40 4
4 6 41 4
4 6 74 4
4 6 75 16
4 6 76 4
4 6 91 2
4 6 92 8
4 6 93 2
4 6 94 2
4 6 95 3
4 7 0 3
4 7 1 2
4 7 2 2
4 7 3 2
4 7 4 2
4 7 6 4
4 7 7 4
4 7 8 4
4 7 9 2
4 7 10 8
4 7 11 2
4 7 31 2
4 7 32 8
4 7 33 2
4 7 74 4
4 7 75 4
4 7 76 4
4 7 91 2
4 7 92 2
4 7 93 2
4 7 94 10
4 7 95 3
4 8 0 3
4 8 1 2
4 8 2 2
4 8 3 8
4 8 4 2
4 8 9 2
4 8 10 2
4 8 11 2
4 8 31 2
4 8 32 2
4 8 33 2
4 8 93 2
4 8 94 2
4 8 95 11
4 9 0 3
4 9 1 8
4 9 2 2
4 9 3 2
4 9 4 2
4 9 38 4
4 9 39 4
4 9 40 4
4 9 41 4
4 9 42 4
4 9 43 4
4 9 94 2
4 9 95 11
4 10 0 3
4 10 1 2
4 10 2 2
4 10 38 4
4 10 39 16
4 10 40 4
4 10 41 4
4 10 42 16
4 10 43 4
4 10 53 4
4 10 54 4
4 10 55 4
4 10 72 4
4 10 73 4
4 10 74 4
4 10 93 2
4 10 94 2
4 10 95 3
4 11 0 11
4 11 1 6
4 11 2 6
4 11 3 4
4 11 38 4
4 11 39 4
4 11 40 4
4 11 41 4
4 11 42 4
4 11 43 4
4 11 53 4
4 11 54 16
4 11 55 4
4 11 64 4
4 11 65 4
4 11 66 4
4 11 72 4
4 11 73 16
4 11 74 4
4 11 93 2
4 11 94 8
4 11 95 3
4 12 0 3
4 12 1 14
4 12 2 22
4 12 3 4
4 12 4 4
4 12 53 4
4 12 54 4
4 12 55 4
4 12 64 4
4 12 65 16
4 12 66 4
4 12 72 4
4 12 73 4
4 12 74 4
4 12 91 4
4 12 92 6
4 12 93 6
4 12 94 2
4 12 95 3
4 13 0 3
4 13 1 6
4 13 2 6
4 13 3 20
4 13 4 4
4 13 41 4
4 13 42 4
4 13 43 4
4 13 44 4
4 13 45 4
4 13 64 4
4 13 65 4
4 13 66 4
4 13 67 4
4 13 68 4
4 13 91 4
4 13 92 18
4 13 93 14
4 13 94 2
4 13 95 3
4 14 0 9
4 14 1 2
4 14 2 4
4 14 3 4
4 14 4 4
4 14 18 2
4 14 19 2
4 14 20 2
4 14 41 4
4 14 42 20
4 14 43 4
4 14 44 20
4 14 45 4
4 14 51 4
4 14 52 4
4 14 53 4
4 14 66 4
4 14 67 16
4 14 68 4
4 14 91 4
4 14 92 6
4 14 93 6
4 14 94 10
4 14 95 3
4 15 0 3
4 15 1 2
4 15 2 4
4 15 3 4
4 15 4 4
4 15 12 4
4 15 13 4
4 15 14 4
4 15 18 2
4 15 19 8
4 15 20 2
4 15 41 4
4 15 42 4
4 15 43 20
4 15 44 4
4 15 45 4
4 15 46 4
4 15 47 4
4 15 48 4
4 15 51 4
4 15 52 16
4 15 53 4
4 15 66 4
4 15 67 4
4 15 68 4
4 15 89 2
4 15 90 2
4 15 91 2
4 15 92 2
4 15 93 10
4 15 94 2
4 15 95 3
4 16 0 3
4 16 1 2
4 16 2 6
4 16 3 20
4 16 4 4
4 16 8 4
4 16 9 4
4 16 10 4
4 16 11 4
4 16 12 4
4 16 13 16
4 16 14 4
4 16 18 2
4 16 19 2
4 16 20 2
4 16 41 4
4 16 42 20
4 16 43 4
4 16 44 20
4 16 45 4
4 16 46 4
4 16 47 16
4 16 48 4
4 16 51 4
4 16 52 4
4 16 53 4
4 16 89 2
4 16 90 8
4 16 91 2
4 16 92 10
4 16 93 2
4 16 94 2
4 16 95 11
4 17 0 3
4 17 1 8
4 17 2 6
4 17 3 20
4 17 4 4
4 17 5 2
4 17 6 2
4 17 7 2
4 17 8 4
4 17 9 20
4 17 10 20
4 17 11 4
4 17 12 4
4 17 13 4
4 17 14 4
4 17 41 4
4 17 42 4
4 17 43 4
4 17 44 4
4 17 45 4
4 17 46 4
4 17 47 4
4 17 48 4
4 17 82 2
4 17 83 2
4 17 84 2
4 17 89 2
4 17 90 2
4 17 91 6
4 17 92 6
4 17 93 14
4 17 94 2
4 17 95 11
4 18 0 3
4 18 1 6
4 18 2 6
4 18 3 20
4 18 4 4
4 18 5 2
4 18 6 8
4 18 7 2
4 18 8 4
4 18 9 4
4 18 10 4
4 18 11 4
4 18 12 4
4 18 46 4
4 18 47 4
4 18 48 4
4 18 55 4
4 18 56 4
4 18 57 4
4 18 62 4
4 18 63 4
4 18 64 4
4 18 82 2
4 18 83 8
4 18 84 2
4 18 91 4
4 18 92 22
4 18 93 6
4 18 94 6
4 18 95 3
4 19 0 3
4 19 1 6
4 19 2 20
4 19 3 20
4 19 4 4
4 19 5 2
4 19 6 2
4 19 7 2
4 19 10 6
4 19 11 18
4 19 12 6
4 19 46 4
4 19 47 16
4 19 48 4
4 19 55 4
4 19 56 16
4 19 57 4
4 19 58 4
4 19 59 4
4 19 62 4
4 19 63 16
4 19 64 4
4 19 82 2
4 19 83 2
4 19 84 2
4 19 91 4
4 19 92 4
4 19 93 22
4 19 94 12
4 19 95 3
4 20 0 9
4 20 1 6
4 20 2 4
4 20 3 20
4 20 4 4
4 20 10 6
4 20 11 12
4 20 12 6
4 20 37 2
4 20 38 2
4 20 39 2
4 20 46 4
4 20 47 4
4 20 48 4
4 20 55 4
4 20 56 4
4 20 57 4
4 20 58 16
4 20 59 4
4 20 62 4
4 20 63 4
4 20 64 4
4 20 74 4
4 20 75 4
4 20 76 4
4 20 79 4
4 20 80 4
4 20 81 4
4 20 91 4
4 20 92 4
4 20 93 6
4 20 94 6
4 20 95 3
4 21 0 3
4 21 1 6
4 21 2 4
4 21 3 4
4 21 4 4
4 21 10 2
4 21 11 2
4 21 12 2
4 21 19 4
4 21 20 4
4 21 21 4
4 21 37 2
4 21 38 8
4 21 39 2
4 21 56 2
4 21 57 6
4 21 58 6
4 21 59 4
4 21 74 4
4 21 75 16
4 21 76 4
4 21 79 4
4 21 80 16
4 21 81 4
4 21 91 4
4 21 92 16
4 21 93 4
4 21 94 2
4 21 95 11
4 22 0 1
4 22 1 4
4 22 2 16
4 22 3 4
4 22 19 4
4 22 20 20
4 22 21 4
4 22 22 4
4 22 33 2
4 22 34 2
4 22 35 2
4 22 37 2
4 22 38 2
4 22 39 2
4 22 49 4
4 22 50 4
4 22 51 4
4 22 52 4
4 22 56 2
4 22 57 8
4 22 58 2
4 22 74 4
4 22 75 4
4 22 76 4
4 22 79 4
4 22 80 4
4 22 81 4
4 22 91 4
4 22 92 4
4 22 93 4
4 22 94 2
4 22 95 11
4 23 0 7
4 23 1 6
4 23 2 6
4 23 3 4
4 23 19 4
4 23 20 4
4 23 21 20
4 23 22 4
4 23 33 2
4 23 34 10
4 23 35 2
4 23 43 4
4 23 44 4
4 23 45 4
4 23 46 4
4 23 49 4
4 23 50 20
4 23 51 20
4 23 52 4
4 23 56 2
4 23 57 2
4 23 58 2
4 23 70 2
4 23 71 2
4 23 72 2
4 23 94 2
4 23 95 3
4 24 0 19
4 24 1 14
4 24 2 2
4 24 20 4
4 24 21 6
4 24 22 6
4 24 23 2
4 24 33 2
4 24 34 10
4 24 35 2
4 24 43 4
4 24 44 20
4 24 45 20
4 24 46 4
4 24 49 4
4 24 50 4
4 24 51 4
4 24 52 4
4 24 70 2
4 24 71 8
4 24 72 2
4 24 95 1
4 25 0 7
4 25 1 14
4 25 2 2
4 25 21 2
4 25 22 8
4 25 23 2
4 25 31 4
4 25 32 4
4 25 33 6
4 25 34 2
4 25 35 2
4 25 43 4
4 25 44 20
4 25 45 4
4 25 46 4
4 25 48 4
4 25 49 4
4 25 50 4
4 25 70 2
4 25 71 2
4 25 72 2
4 25 95 1
4 26 0 7
4 26 1 14
4 26 2 2
4 26 21 2
4 26 22 2
4 26 23 2
4 26 31 4
4 26 32 18
4 26 33 6
4 26 34 2
4 26 43 4
4 26 44 20
4 26 45 4
4 26 48 4
4 26 49 16
4 26 50 4
4 26 93 4
4 26 94 6
4 26 95 7
4 27 0 19
4 27 1 14
4 27 2 2
4 27 3 2
4 27 4 2
4 27 18 4
4 27 19 4
4 27 20 4
4 27 21 4
4 27 22 4
4 27 31 4
4 27 32 6
4 27 33 12
4 27 34 2
4 27 43 4
4 27 44 4
4 27 45 4
4 27 48 4
4 27 49 4
4 27 50 4
4 27 93 4
4 27 94 18
4 27 95 15
4 28 0 7
4 28 1 14
4 28 2 2
4 28 3 8
4 28 4 2
4 28 18 4
4 28 19 16
4 28 20 4
4 28 21 16
4 28 22 4
4 28 32 2
4 28 33 2
4 28 34 2
4 28 43 4
4 28 44 4
4 28 45 4
4 28 46 4
4 28 77 4
4 28 78 4
4 28 79 4
4 28 93 6
4 28 94 6
4 28 95 15
4 29 0 3
4 29 1 2
4 29 2 2
4 29 3 2
4 29 4 2
4 29 18 4
4 29 19 4
4 29 20 4
4 29 21 4
4 29 22 4
4 29 40 4
4 29 41 4
4 29 42 4
4 29 43 4
4 29 44 20
4 29 45 20
4 29 46 4
4 29 77 4
4 29 78 16
4 29 79 4
4 29 93 2
4 29 94 14
4 29 95 7
4 30 0 1
4 30 38 4
4 30 39 4
4 30 40 4
4 30 41 16
4 30 42 4
4 30 43 4
4 30 44 4
4 30 45 20
4 30 46 4
4 30 77 4
4 30 78 4
4 30 79 4
4 30 93 2
4 30 94 14
4 30 95 19
4 31 0 1
4 31 38 4
4 31 39 16
4 31 40 4
4 31 41 4
4 31 42 4
4 31 43 4
4 31 44 20
4 31 45 4
4 31 46 4
4 31 93 2
4 31 94 6
4 31 95 7
4 32 0 1
4 32 26 4
4 32 27 4
4 32 28 4
4 32 38 4
4 32 39 4
4 32 40 4
4 32 43 4
4 32 44 4
4 32 45 20
4 32 46 4
4 32 93 2
4 32 94 14
4 32 95 15
4 33 0 1
4 33 26 4
4 33 27 16
4 33 28 4
4 33 44 4
4 33 45 4
4 33 46 4
4 33 83 2
4 33 84 2
4 33 85 2
4 33 93 2
4 33 94 14
4 33 95 19
4 34 0 1
4 34 3 2
4 34 4 2
4 34 5 2
4 34 26 4
4 34 27 4
4 34 28 4
4 34 43 4
4 34 44 4
4 34 45 4
4 34 81 4
4 34 82 4
4 34 83 6
4 34 84 8
4 34 85 2
4 34 93 2
4 34 94 14
4 34 95 7
4 35 0 3
4 35 1 2
4 35 3 2
4 35 4 8
4 35 5 2
4 35 43 4
4 35 44 16
4 35 45 4
4 35 51 4
4 35 52 4
4 35 53 4
4 35 81 4
4 35 82 16
4 35 83 6
4 35 84 2
4 35 85 2
4 35 91 4
4 35 92 4
4 35 93 6
4 35 94 6
4 35 95 7
4 36 0 11
4 36 1 2
4 36 2 6
4 36 3 6
4 36 4 6
4 36 5 2
4 36 40 4
4 36 41 4
4 36 42 4
4 36 43 4
4 36 44 4
4 36 45 4
4 36 51 4
4 36 52 16
4 36 53 4
4 36 66 4
4 36 67 4
4 36 68 4
4 36 81 4
4 36 82 4
4 36 83 4
4 36 87 4
4 36 88 4
4 36 89 4
4 36 91 4
4 36 92 20
4 36 93 22
4 36 94 14
4 36 95 23
4 37 0 15
4 37 1 6
4 37 2 14
4 37 3 18
4 37 4 4
4 37 40 4
4 37 41 16
4 37 42 4
4 37 51 4
4 37 52 4
4 37 53 4
4 37 66 4
4 37 67 16
4 37 68 4
4 37 87 4
4 37 88 16
4 37 89 4
4 37 91 4
4 37 92 20
4 37 93 22
4 37 94 14
4 37 95 23
4 38 0 7
4 38 1 18
4 38 2 14
4 38 3 6
4 38 4 4
4 38 18 2
4 38 19 2
4 38 20 2
4 38 21 2
4 38 30 4
4 38 31 4
4 38 32 4
4 38 36 2
4 38 37 2
4 38 38 2
4 38 40 4
4 38 41 4
4 38 42 4
4 38 66 4
4 38 67 4
4 38 68 4
4 38 73 4
4 38 74 4
4 38 75 4
4 38 87 4
4 38 88 4
4 38 89 4
4 38 91 4
4 38 92 4
4 38 93 6
4 38 94 14
4 38 95 23
4 39 0 15
4 39 1 14
4 39 2 6
4 39 3 2
4 39 17 2
4 39 18 6
4 39 19 14
4 39 20 14
4 39 21 2
4 39 30 4
4 39 31 16
4 39 32 4
4 39 36 2
4 39 37 8
4 39 38 2
4 39 46 4
4 39 47 4
4 39 48 4
4 39 65 4
4 39 66 4
4 39 67 4
4 39 68 4
4 39 73 4
4 39 74 16
4 39 75 4
4 39 87 4
4 39 88 4
4 39 89 4
4 39 91 4
4 39 92 20
4 39 93 22
4 39 94 14
4 39 95 23
4 40 0 23
4 40 1 14
4 40 2 6
4 40 3 4
4 40 15 2
4 40 16 6
4 40 17 6
4 40 18 14
4 40 19 18
4 40 20 14
4 40 21 2
4 40 22 2
4 40 23 2
4 40 24 2
4 40 30 4
4 40 31 4
4 40 32 4
4 40 36 2
4 40 37 2
4 40 38 2
4 40 40 4
4 40 41 4
4 40 42 4
4 40 46 4
4 40 47 16
4 40 48 4
4 40 65 4
4 40 66 20
4 40 67 20
4 40 68 4
4 40 73 4
4 40 74 4
4 40 75 4
4 40 87 4
4 40 88 16
4 40 89 4
4 40 91 4
4 40 92 20
4 40 93 22
4 40 94 14
4 40 95 15
4 41 0 23
4 41 1 14
4 41 2 18
4 41 3 4
4 41 12 2
4 41 13 2
4 41 14 2
4 41 15 2
4 41 16 12
4 41 17 18
4 41 18 6
4 41 19 14
4 41 20 6
4 41 21 6
4 41 22 6
4 41 23 14
4 41 24 2
4 41 40 4
4 41 41 16
4 41 42 4
4 41 46 4
4 41 47 4
4 41 48 4
4 41 52 2
4 41 53 2
4 41 54 2
4 41 65 4
4 41 66 4
4 41 67 4
4 41 68 4
4 41 87 4
4 41 88 4
4 41 89 4
4 41 90 4
4 41 91 4
4 41 92 20
4 41 93 22
4 41 94 14
4 41 95 11
4 42 0 15
4 42 1 6
4 42 2 6
4 42 3 4
4 42 4 4
4 42 12 2
4 42 13 8
4 42 14 2
4 42 15 2
4 42 16 6
4 42 17 6
4 42 18 14
4 42 19 6
4 42 20 14
4 42 21 22
4 42 22 22
4 42 23 14
4 42 24 2
4 42 31 4
4 42 32 4
4 42 33 4
4 42 34 4
4 42 40 4
4 42 41 4
4 42 42 4
4 42 52 2
4 42 53 8
4 42 54 2
4 42 66 4
4 42 67 4
4 42 68 4
4 42 88 4
4 42 89 16
4 42 90 4
4 42 91 4
4 42 92 20
4 42 93 22
4 42 94 14
4 42 95 11
4 43 0 19
4 43 1 14
4 43 2 6
4 43 3 16
4 43 4 4
4 43 6 4
4 43 7 6
4 43 8 6
4 43 9 6
4 43 10 4
4 43 12 2
4 43 13 2
4 43 14 2
4 43 17 6
4 43 18 18
4 43 19 14
4 43 20 22
4 43 21 22
4 43 22 22
4 43 23 6
4 43 24 2
4 43 30 4
4 43 31 4
4 43 32 20
4 43 33 20
4 43 34 4
4 43 35 4
4 43 40 4
4 43 41 4
4 43 42 4
4 43 52 2
4 43 53 2
4 43 54 2
4 43 66 4
4 43 67 16
4 43 68 4
4 43 88 4
4 43 89 4
4 43 90 4
4 43 91 4
4 43 92 20
4 43 93 6
4 43 94 14
4 43 95 11
4 44 0 7
4 44 1 6
4 44 2 6
4 44 3 4
4 44 4 4
4 44 6 4
4 44 7 18
4 44 8 12
4 44 9 18
4 44 10 4
4 44 17 4
4 44 18 6
4 44 19 6
4 44 20 6
4 44 21 4
4 44 22 4
4 44 23 4
4 44 29 4
4 44 30 4
4 44 31 20
4 44 32 20
4 44 33 20
4 44 34 20
4 44 35 4
4 44 40 4
4 44 41 20
4 44 42 4
4 44 66 4
4 44 67 4
4 44 68 4
4 44 88 4
4 44 89 16
4 44 90 4
4 44 91 4
4 44 92 20
4 44 93 22
4 44 94 14
4 44 95 7
4 45 0 3
4 45 1 10
4 45 2 2
4 45 3 2
4 45 6 4
4 45 7 6
4 45 8 6
4 45 9 6
4 45 10 4
4 45 29 4
4 45 30 20
4 45 31 4
4 45 32 20
4 45 33 4
4 45 34 20
4 45 35 4
4 45 40 4
4 45 41 20
4 45 42 4
4 45 87 2
4 45 88 6
4 45 89 6
4 45 90 4
4 45 91 4
4 45 92 20
4 45 93 22
4 45 94 22
4 45 95 15
4 46 0 7
4 46 1 14
4 46 2 14
4 46 3 2
4 46 4 2
4 46 5 2
4 46 6 2
4 46 7 2
4 46 8 2
4 46 9 2
4 46 10 6
4 46 11 6
4 46 12 4
4 46 13 4
4 46 14 4
4 46 15 4
4 46 20 4
4 46 21 4
4 46 22 4
4 46 23 4
4 46 25 4
4 46 26 4
4 46 27 4
4 46 29 4
4 46 30 4
4 46 31 20
4 46 32 20
4 46 33 20
4 46 34 4
4 46 35 4
4 46 36 4
4 46 37 4
4 46 38 4
4 46 39 4
4 46 40 4
4 46 41 4
4 46 42 4
4 46 43 4
4 46 49 4
4 46 50 4
4 46 51 4
4 46 53 4
4 46 54 4
4 46 55 4
4 46 59 4
4 46 60 4
4 46 61 4
4 46 64 4
4 46 65 4
4 46 66 4
4 46 67 4
4 46 68 4
4 46 69 4
4 46 70 4
4 46 75 2
4 46 76 2
4 46 77 6
4 46 78 4
4 46 79 4
4 46 82 4
4 46 83 4
4 46 84 6
4 46 85 2
4 46 86 2
4 46 87 2
4 46 88 8
4 46 89 6
4 46 90 4
4 46 91 4
4 46 92 4
4 46 93 22
4 46 94 14
4 46 95 15
4 47 0 7
4 47 1 19
4 47 2 15
4 47 3 11
4 47 4 11
4 47 5 11
4 47 6 11
4 47 7 11
4 47 8 11
4 47 9 11
4 47 10 15
4 47 11 19
4 47 12 5
4 47 13 5
4 47 14 17
4 47 15 5
4 47 16 1
4 47 17 1
4 47 18 1
4 47 19 1
4 47 20 5
4 47 21 21
4 47 22 21
4 47 23 5
4 47 24 1
4 47 25 5
4 47 26 17
4 47 27 5
4 47 28 1
4 47 29 5
4 47 30 21
4 47 31 5
4 47 32 5
4 47 33 5
4 47 34 5
4 47 35 21
4 47 36 21
4 47 37 5
4 47 38 5
4 47 39 21
4 47 40 21
4 47 41 5
4 47 42 17
4 47 43 5
4 47 44 1
4 47 45 1
4 47 46 1
4 47 47 1
4 47 48 1
4 47 49 5
4 47 50 17
4 47 51 5
4 47 52 1
4 47 53 5
4 47 54 17
4 47 55 5
4 47 56 1
4 47 57 1
4 47 58 1
4 47 59 5
4 47 60 17
4 47 61 5
4 47 62 1
4 47 63 1
4 47 64 5
4 47 65 21
4 47 66 21
4 47 67 21
4 47 68 5
4 47 69 17
4 47 70 5
4 47 71 1
4 47 72 1
4 47 73 1
4 47 74 1
4 47 75 3
4 47 76 9
4 47 77 7
4 47 78 17
4 47 79 5
4 47 80 1
4 47 81 1
4 47 82 5
4 47 83 17
4 47 84 7
4 47 85 11
4 47 86 11
4 47 87 3
4 47 88 3
4 47 89 7
4 47 90 17
4 47 91 5
4 47 92 21
4 47 93 7
4 47 94 23
4 47 95 23
