1.48018 1.29477 6.75971
1.62575 3.01084 1.08271
1.7496 4.71165 20.2477
1.6254 7.8437 -18.6241
1.74997 10.5565 -23.3067
1.74843 9.81154 1.90254
1.4983 10.4331 -5.84225
1.50192 10.5236 -1.1531
1.78346 14.2124 -24.5608
1.54292 11.3336 9.50494
1.47926 14.4064 -23.4312
1.62325 5.30127 -25
1.62017 2.87605 -10.7736
1.62842 1.67852 -0.595399
1.68226 -0.528737 25
1.80364 2.12786 -0.228253
1.62712 6.20174 -25
1.61935 7.89644 -8.72556
1.74584 10.4302 -14.1498
1.62038 7.88488 25
1.8586 12.5591 -22.685
1.9342 11.8511 -14.7448
1.54358 11.343 9.22344
1.65402 10.4399 16.7292
1.71353 14.8368 -14.3158
1.68209 5.57734 -25
1.68323 2.93236 -12.9911
1.66183 1.99234 -8.03113
1.88575 -0.253614 25
1.70993 4.07343 -0.20779
1.58943 7.32772 -15.8369
1.35454 7.56366 14.2523
1.48766 10.0942 3.96788
1.61444 12.5573 -9.50667
1.62444 13.0451 -23.8187
1.55771 11.2465 7.93976
1.37375 11.0929 13.8884
1.63904 15 -15.1219
1.71066 12.5135 13.7075
1.60187 6.41904 -25
1.54429 3.71749 -10.8143
1.52137 3.17117 -7.13815
1.65386 2.77401 -5.67445
1.91602 4.60347 0.691145
1.87487 8.01285 -6.61753
1.73763 10.2662 -7.92854
1.80333 11.549 -3.48888
1.97435 12.8938 -25
2.00916 15 -21.5434
1.76039 15 -25
1.84239 12.5213 7.01126
1.73138 15 -11.1535
1.56112 10.6892 23.6743
1.95201 7.68648 -25
1.95444 6.28643 -24.7173
1.923 4.83146 -11.7419
-0.764588 -6.33418 25
-0.476822 -4.6933 24.0037
-0.338458 -0.964811 3.49443
-0.36679 1.3547 -14.7486
-0.310649 3.15736 -25
-0.264682 2.71485 -25
-0.338434 3.20768 -25
-0.126388 3.08653 -22.8541
-0.179925 6.05374 -25
-0.437674 8.75303 -25
-0.248324 10.3092 -25
-0.376583 2.62439 -25
-0.383951 0.45259 -17.9338
-0.364888 -1.28003 -1.76248
-0.185162 -10.7385 25
0.138923 -6.14728 21.6588
0.165049 -1.19724 0.0197077
0.228205 0.957028 -18.2097
0.24899 0.618029 -11.4316
0.249977 2.27693 -25
0.388845 2.03468 -25
0.2037 5.04992 -25
0.510809 4.61564 -25
0.323949 7.65742 -25
0.263617 7.89859 -25
0.306224 1.95217 -25
0.289786 -0.76833 -13.7803
0.313853 -2.46314 3.40514
-0.436246 1.38968 25
-0.247229 5.57439 -10.9859
-0.13113 8.15397 -11.7014
0.0535888 9.40608 8.82184
-0.117232 12.8087 -25
-0.183097 11.2518 23.8622
-0.0889946 11.2135 2.60969
0.127231 12.8971 -4.11453
0.245404 10.3311 24.1757
0.11143 13.2593 4.56604
-0.194513 15 -23.8434
-0.0717094 7.5675 -25
-0.0460911 5.95025 -25
-0.0238946 4.63821 -12.454
0.116379 2.4827 13.6051
0.29327 5.347 7.11867
0.471062 9.08131 -17.071
0.383635 12.8738 -16.1754
0.574119 8.96847 23.3719
0.63502 12.8077 -3.31147
0.434941 11.7966 25
0.527916 15 -16.9964
0.552434 15 -5.2023
0.464129 15 -6.25058
0.404255 15 1.92887
0.835538 6.27765 -25
0.632889 5.46649 -16.8349
0.451023 4.83417 -5.37719
