-0.0249326 0.65966 0.623499 0.563938 0.529208 0.513106 0.449123 0.265799 0.147067 -0.0285662 -0.12656 0.09869 0.415817 
0.371671 0.693475 0.605203 0.545841 0.515375 0.480052 0.421538 0.322084 0.240557 0.155753 -0.0355589 0.267382 0.77811 
0.475642 0.597355 0.529406 0.4809 0.451818 0.445184 0.412049 0.360565 0.255753 0.208694 0.193518 0.50688 1.23813 
0.374846 0.457464 0.436234 0.425996 0.392589 0.389597 0.367354 0.317845 0.339205 0.273663 0.249685 0.652764 1.2212 
0.329537 0.414723 0.409971 0.389356 0.385227 0.41014 0.365154 0.381064 0.364975 0.360218 0.276873 0.686966 1.0015 
-0.0854486 0.183211 0.250303 0.269578 0.27611 0.294108 0.29505 0.316841 0.304901 0.339515 0.34871 0.588893 1.08155 
-0.0615293 0.191396 0.275057 0.304966 0.331983 0.342488 0.3487 0.380177 0.399618 0.452887 0.508162 0.748593 0.888991 
-0.0181312 0.136522 0.254454 0.324903 0.352222 0.383236 0.411562 0.490546 0.538991 0.595157 0.684327 0.77988 0.956834 
0.213882 0.130428 0.268637 0.346746 0.374321 0.411573 0.474756 0.559023 0.692697 0.755676 0.856525 0.971117 1.03051 
0.691572 0.262541 0.328717 0.410668 0.447137 0.489206 0.550569 0.721963 0.865748 0.935015 1.08154 1.04607 1.34549 
0.545379 1.41054 1.48458 1.50141 1.49738 1.47288 1.44449 1.26913 1.1613 1.03769 0.943145 0.796973 0.978317 
0.894142 1.41561 1.43103 1.42767 1.43142 1.42403 1.39081 1.27462 1.20904 1.14035 1.0464 0.964625 0.879449 
1.0088 1.27499 1.27133 1.26472 1.26905 1.25412 1.25156 1.18169 1.1318 1.11942 1.08587 0.919341 1.14396 
1.01952 1.14108 1.124 1.11058 1.12368 1.11258 1.10361 1.09604 1.03848 1.00553 1.01267 0.84742 0.810107 
1.1117 1.09353 1.0784 1.07798 1.08486 1.07087 1.03038 1.04029 1.0457 1.07321 1.08766 0.85002 1.1667 
0.756115 0.931761 0.940521 0.975148 0.970285 0.97346 0.992922 1.01545 0.974055 0.99567 1.00622 0.751891 1.01898 
1.04567 1.02675 1.0329 1.04921 1.04539 1.03675 1.05159 1.08009 1.13709 1.16384 1.13987 0.866023 1.30164 
1.1259 0.931867 0.936082 0.952814 0.963453 0.948087 0.980416 1.0203 1.08776 1.12804 1.10321 0.851461 1.04048 
1.31894 0.856728 0.851294 0.868689 0.868988 0.879974 0.883787 1.00384 1.11208 1.18087 1.34013 0.951168 1.48959 
1.72313 0.908822 0.833348 0.819289 0.839502 0.823216 0.851446 1.00955 1.15271 1.23822 1.36955 1.0086 1.27277 
-0.827402 0.231921 0.34165 0.364479 0.374493 0.359517 0.328741 0.163811 0.028663 -0.070289 -0.152772 -0.116753 0.50712 
-0.280617 0.37434 0.376643 0.374889 0.365787 0.364216 0.324509 0.239235 0.120887 0.0754314 -0.0332437 0.22926 0.743596 
-0.0111169 0.356146 0.354884 0.338256 0.354048 0.349306 0.346085 0.265586 0.208973 0.155529 0.103074 0.443242 0.89482 
0.106098 0.320997 0.328446 0.325134 0.349968 0.349412 0.348837 0.31264 0.258308 0.265562 0.200875 0.561773 1.12441 
0.151461 0.344884 0.365353 0.362109 0.371354 0.36686 0.376176 0.355024 0.355815 0.364968 0.361277 0.701541 0.780326 
-0.143103 0.13497 0.204745 0.236436 0.246683 0.280515 0.266731 0.301769 0.321418 0.299595 0.314647 0.587078 0.762516 
-0.0352658 0.205928 0.279603 0.330591 0.351163 0.356333 0.358421 0.407693 0.450495 0.461239 0.490876 0.767713 1.16031 
0.111483 0.230788 0.327836 0.38596 0.398604 0.411346 0.452844 0.513588 0.584109 0.636454 0.66725 0.847487 0.986346 
0.467238 0.324688 0.399975 0.448165 0.475206 0.494497 0.536938 0.655833 0.764189 0.849393 0.91636 0.976644 1.05544 
1.07175 0.526417 0.525017 0.563267 0.564762 0.575745 0.624571 0.803067 0.92179 1.03576 1.13244 1.14283 1.39605 
1.09319 1.83469 1.76545 1.70964 1.65433 1.6334 1.54513 1.37179 1.23068 1.14506 0.978391 0.937677 1.00571 
1.36922 1.77731 1.66643 1.59602 1.57883 1.53854 1.48092 1.37402 1.27031 1.21206 1.16887 0.924963 1.13152 
1.37716 1.52522 1.44396 1.39 1.35834 1.35061 1.33776 1.24279 1.14474 1.13848 1.10459 0.934241 1.0222 
1.27513 1.28848 1.21576 1.18758 1.17811 1.15273 1.15788 1.07704 1.07244 1.04474 0.98103 0.858684 1.03915 
1.16854 1.1212 1.08652 1.07334 1.09898 1.07148 1.08956 1.08289 1.03203 1.08117 1.05761 0.838164 0.735856 
0.583504 0.777371 0.885703 0.92319 0.962834 0.94467 0.973371 1.00208 0.944314 0.981902 1.02136 0.792745 0.97366 
0.670007 0.782411 0.884435 0.923476 0.953579 0.960294 0.957092 0.995316 1.0655 1.10824 1.10253 0.808159 1.21519 
0.657044 0.617721 0.723656 0.777797 0.821312 0.822617 0.883662 0.944405 0.972781 1.06133 1.17715 0.835483 1.0451 
0.810179 0.457831 0.573523 0.652734 0.685972 0.729026 0.746068 0.870539 0.972499 1.10181 1.17319 0.883967 1.09092 
1.13266 0.424114 0.480982 0.539852 0.585488 0.645387 0.696423 0.860927 1.02652 1.08764 1.22859 0.974451 1.20051 
