0.00627553 0.00359374 0.00266152 0.00184343 0.00167107 0.00158881 0.00150003 0.00145262 0.00143568 0.00144999 0.00137282 0.00145727 0.00248214 
0.00564277 0.00346936 0.00253631 0.00185706 0.00170406 0.00158899 0.00151137 0.00146205 0.00143358 0.00142393 0.00140367 0.00149397 0.00247349 
0.00483775 0.00309698 0.00242835 0.00183219 0.00168618 0.00157861 0.00147935 0.00144307 0.0014019 0.00136594 0.00131146 0.00152501 0.00232423 
0.00442762 0.00301442 0.00199473 0.00187478 0.00171651 0.00157333 0.00148127 0.00140913 0.00135838 0.00130917 0.00123905 0.0014003 0.00274209 
0.0041109 0.00289848 0.00240404 0.00184368 0.00169119 0.0015613 0.00145566 0.00140773 0.00137353 0.00131355 0.0012719 0.00124259 0.00251047 
0.0040943 0.00281672 0.00236778 0.00183296 0.00166722 0.00154778 0.00146613 0.00143643 0.00137886 0.0013335 0.00130305 0.00130228 0.00290974 
0.00549263 0.00290627 0.00238488 0.00182891 0.00168691 0.00155656 0.00145898 0.00139556 0.00136083 0.00131559 0.00124925 0.00128924 0.00264686 
0.00520146 0.00321852 0.00252962 0.00177932 0.00164366 0.00153533 0.00144611 0.00144956 0.00134828 0.00136475 0.00136359 0.00135442 0.00272304 
0.0054302 0.00339549 0.0024854 0.00178469 0.00164946 0.00154394 0.00146682 0.00143225 0.00139112 0.00135808 0.0014106 0.00171158 0.00283453 
0.00543157 0.00347968 0.00264359 0.00182139 0.0016677 0.00155941 0.00148382 0.00142714 0.00138037 0.00136332 0.00134991 0.00141961 0.00273828 
0.00712507 0.00400995 0.00295028 0.00237934 0.00224261 0.00211729 0.00202892 0.00194916 0.00192308 0.00191957 0.0019927 0.00185903 0.00315193 
0.00645413 0.0036021 0.0029254 0.00236694 0.00216705 0.00201708 0.0019544 0.00195902 0.00191109 0.0018559 0.00198281 0.00181274 0.00313914 
0.00511515 0.00337206 0.00269637 0.00231264 0.0021367 0.00200296 0.00189017 0.00183633 0.00180015 0.00180088 0.00179425 0.00169151 0.00360529 
0.0046509 0.00344877 0.00288303 0.00248363 0.00215642 0.00196889 0.00184805 0.00176806 0.00173374 0.00167603 0.00161431 0.00155938 0.00389731 
0.00441425 0.00331901 0.00279108 0.00235606 0.00216987 0.00196635 0.00184138 0.00175858 0.00174376 0.00169198 0.0016336 0.00149125 0.00231046 
0.0045076 0.00343543 0.00284733 0.00261678 0.00225288 0.00202007 0.00191325 0.0018497 0.00179941 0.00175574 0.00173607 0.00165793 0.00221033 
0.00560439 0.00343846 0.00271136 0.00242053 0.00220316 0.00198461 0.00184031 0.00199669 0.00174575 0.00170278 0.00164853 0.00162155 0.0041706 
0.00660322 0.00338105 0.00269591 0.00234129 0.00217692 0.00196806 0.00184537 0.00176489 0.00175102 0.0016956 0.00172477 0.00157715 0.00300896 
0.00813353 0.00349124 0.00270651 0.00229321 0.00212569 0.0019542 0.00183767 0.00176894 0.00174231 0.00174038 0.00172321 0.00159467 0.00287947 
0.00807088 0.0039138 0.00275892 0.00210053 0.0020657 0.00192091 0.00183866 0.00177998 0.00171941 0.00171512 0.00172119 0.00161532 0.00292389 
0.00655315 0.00382363 0.00269433 0.00195651 0.00174795 0.00162864 0.00153647 0.00148452 0.00144498 0.00140258 0.00142365 0.00134055 0.00256662 
0.00597886 0.00351585 0.00265849 0.00191652 0.00173301 0.00160016 0.00155189 0.00147345 0.00145321 0.00143489 0.00143204 0.00132745 0.00258016 
0.00529867 0.00335198 0.00256636 0.00186624 0.00170125 0.00157727 0.0014944 0.00147111 0.00143317 0.00139177 0.00138687 0.00132893 0.00253526 
0.00448629 0.00316039 0.00271284 0.00183227 0.00167981 0.00155627 0.00149236 0.00142384 0.0013853 0.0013489 0.00127959 0.0012368 0.00222834 
0.00415673 0.00309635 0.00251069 0.00182428 0.00167246 0.00155639 0.00150335 0.0014497 0.00141509 0.00136889 0.00134972 0.00127957 0.0026386 
0.00415511 0.00311855 0.00256631 0.00183794 0.00167306 0.0015542 0.00148214 0.00142065 0.00138329 0.00134051 0.00130339 0.00152569 0.00302777 
0.00465436 0.00321095 0.00259023 0.00188951 0.00168771 0.00155993 0.0014617 0.00140568 0.00137803 0.00133441 0.00132543 0.00149193 0.00273828 
0.00593623 0.00322238 0.00253675 0.00185661 0.00169482 0.00155707 0.00149215 0.00143811 0.00140199 0.00135967 0.001328 0.00150477 0.00243161 
0.00609643 0.00345244 0.00265148 0.00188756 0.00169892 0.00159312 0.00149847 0.0014506 0.00143632 0.00142974 0.00138616 0.0012749 0.00267701 
0.00608609 0.00362802 0.00268885 0.00191583 0.00171832 0.00158755 0.00149691 0.00145038 0.00143231 0.00138779 0.00137343 0.00129874 0.00334839 
0.00783671 0.00414027 0.00320256 0.00259973 0.00231864 0.00221479 0.00212527 0.00201964 0.00201036 0.00199375 0.00202759 0.00196126 0.00265455 
0.00640653 0.00400016 0.00305573 0.00237064 0.00216114 0.00203865 0.00195232 0.00188106 0.00182288 0.0018656 0.00186018 0.0017287 0.00281696 
0.00549626 0.00374768 0.00300994 0.00237622 0.00215756 0.00200136 0.00188462 0.00181033 0.0017564 0.00172318 0.00169661 0.00161658 0.00291661 
0.00469735 0.00353711 0.0029386 0.0023024 0.00206932 0.00192744 0.00181176 0.00173159 0.00167416 0.00160778 0.00156161 0.00159171 0.00313196 
0.00419528 0.0034198 0.00290071 0.00222 0.00203019 0.00188508 0.0017922 0.00169822 0.0016715 0.00160304 0.00152881 0.00151343 0.00329085 
0.00552631 0.00348296 0.00293345 0.00223757 0.002106 0.00196911 0.0018537 0.00178301 0.00173642 0.00167878 0.00186521 0.00161018 0.00335903 
0.00588995 0.00342694 0.0028623 0.00215315 0.00202582 0.00190663 0.00180744 0.0017377 0.00169001 0.00161911 0.00162556 0.00163983 0.00308006 
0.0053196 0.0035661 0.00280703 0.00230499 0.00205392 0.00193277 0.00188799 0.00174328 0.00169155 0.0016512 0.00163976 0.00154204 0.00317472 
0.0060116 0.00368085 0.00278579 0.00241287 0.00214382 0.00199576 0.00190377 0.00183227 0.00180178 0.00180044 0.00183128 0.00160533 0.00319653 
0.00693924 0.00390617 0.00295625 0.00244983 0.00221593 0.00203471 0.00189748 0.00183531 0.00180188 0.0017587 0.00175375 0.00160166 0.00232375 
