0.00757969 0.00403289 0.00224158 0.00163675 0.00136131 0.00116519 0.00109216 0.00101585 0.000970253 0.00092131 0.000883541 0.000777661 0.000607144 
0.00437836 0.00235178 0.00146157 0.00114885 0.00101664 0.000937899 0.000925881 0.000894455 0.000892386 0.000871223 0.000879953 0.000756424 -0.000721151 
0.00199374 0.00122059 0.000883341 0.000823341 0.000784638 0.000782029 0.000813268 0.000812119 0.00080442 0.000819738 0.000837632 0.000694717 -0.00173576 
0.000468824 0.000483918 1.16086e-05 0.000724793 0.000727366 0.000769743 0.000793849 0.000807637 0.000833587 0.000862277 0.000861095 0.000761804 -0.0014874 
-0.000444889 0.000107689 0.000330853 0.000622637 0.000658809 0.000697174 0.000738829 0.000760326 0.000785577 0.000808881 0.000846233 0.000826935 -0.00203079 
-0.000502213 5.04809e-05 0.000246218 0.000488996 0.000533472 0.000559871 0.000574892 0.000600036 0.000630647 0.000670196 0.00071019 0.000606166 -0.00243185 
0.000711683 0.000552093 0.000546506 0.000685361 0.000675514 0.000691486 0.000708875 0.000709864 0.000722214 0.000732334 0.000767829 0.000618525 -0.00226419 
0.00263574 0.00151839 0.00103756 0.000990371 0.000931572 0.00091706 0.000891411 0.000877583 0.000878914 0.000874546 0.000868023 0.000759893 -0.0017865 
0.00519017 0.00293585 0.00184875 0.00152858 0.00133878 0.00125213 0.00119419 0.00113785 0.00112954 0.00109712 0.00107894 0.000871852 -0.000301757 
0.00860151 0.00458829 0.00279039 0.00204461 0.00176644 0.00162518 0.00151779 0.00141693 0.00137893 0.0012946 0.00121149 0.00115578 0.00100759 
0.00644669 0.00248084 0.000797963 0.000204536 -0.000181138 -0.000372306 -0.000470353 -0.000544566 -0.000586117 -0.000663702 -0.000720078 -0.000818094 -0.000829363 
0.00427016 0.000671221 -0.00025148 -0.000447853 -0.000668562 -0.000776507 -0.000820751 -0.000889463 -0.000901869 -0.00090005 -0.000876726 -0.000997004 -0.00162227 
0.000492556 -0.000575569 -0.000906075 -0.00106861 -0.00118067 -0.00120801 -0.00118482 -0.00117153 -0.00116229 -0.00114021 -0.00110295 -0.00124668 -0.00233924 
-0.001304 -0.00168025 -0.00151155 -0.00145767 -0.00148427 -0.00144874 -0.00140514 -0.00138188 -0.00135266 -0.00131347 -0.00128563 -0.00137349 -0.00269895 
-0.00243112 -0.00203736 -0.00172347 -0.00148424 -0.0015436 -0.00154921 -0.00150967 -0.0014521 -0.00144809 -0.00141702 -0.00134238 -0.0014679 -0.00395562 
-0.00221733 -0.00195308 -0.00144812 -0.00133235 -0.00135149 -0.00131658 -0.00125654 -0.00123285 -0.00120156 -0.00116366 -0.00105335 -0.00109119 -0.0040267 
-0.00117329 -0.00142306 -0.00108615 -0.00114512 -0.00119019 -0.00118738 -0.00113253 -0.00113569 -0.0011012 -0.00107834 -0.00103385 -0.00104707 -0.00249981 
0.00150039 -0.000540947 -0.000829968 -0.000999066 -0.00113396 -0.00116328 -0.00113936 -0.00116465 -0.00118276 -0.00116825 -0.00111504 -0.00113727 -0.00257314 
0.00382558 0.000358643 -0.000488552 -0.000845766 -0.00107204 -0.00116681 -0.00119981 -0.00124667 -0.00127165 -0.00126874 -0.00125886 -0.00141842 -0.00176366 
0.00719706 0.00180667 0.000174272 -0.000526259 -0.000857867 -0.00102465 -0.00110679 -0.00121829 -0.00126682 -0.00129932 -0.00137877 -0.00146942 -0.00138642 
-0.00592142 -0.00191043 -0.000309194 0.000397368 0.000659012 0.000789643 0.000874842 0.000961016 0.000992398 0.00101794 0.00105964 0.00109928 0.00159884 
-0.00252627 -0.00022658 0.000601293 0.000912429 0.00102578 0.00106517 0.00110504 0.00114147 0.00114763 0.00116201 0.00119067 0.00129477 0.00293339 
-7.71393e-05 0.000960796 0.00129499 0.00129811 0.00131388 0.001381 0.00137515 0.00134989 0.00131695 0.00132589 0.00134371 0.00134915 0.00404732 
0.00178127 0.00177899 0.00172144 0.00160752 0.00155938 0.0015072 0.00147791 0.00146602 0.00145062 0.00142925 0.00140244 0.00145306 0.00433715 
0.00266743 0.00207033 0.00182344 0.00164758 0.00155755 0.00150655 0.00147027 0.00144369 0.00140465 0.00139002 0.00136044 0.00138153 0.00502239 
0.00225768 0.00181886 0.00157272 0.0013243 0.0012867 0.00124748 0.00122383 0.00121576 0.00119529 0.00118694 0.00115544 0.00128591 0.00437386 
0.0010891 0.00134147 0.00135101 0.00123978 0.00122492 0.00121193 0.00118714 0.00119681 0.00119824 0.00118364 0.00125372 0.00131855 0.00403944 
-0.00154024 0.000513464 0.000891775 0.00105485 0.00110341 0.00113823 0.00114777 0.00116258 0.0011601 0.0011676 0.00119187 0.0013587 0.0035989 
-0.00339194 -0.0007774 0.000272505 0.000724877 0.000920327 0.00100959 0.00106823 0.00109626 0.00112557 0.0011584 0.00119004 0.00126241 0.00274244 
-0.0065892 -0.00224689 -0.000494805 0.000392597 0.000701741 0.00083489 0.000944917 0.00102229 0.00107475 0.0011369 0.00116489 0.00123135 0.00115126 
-0.0077238 -0.0037238 -0.00194903 -0.00126791 -0.000925882 -0.000751139 -0.000665817 -0.000574625 -0.000554003 -0.000497604 -0.000485067 -0.000412949 -0.000186014 
-0.00441388 -0.00212442 -0.00114993 -0.000693389 -0.000580024 -0.000511086 -0.000460246 -0.000408782 -0.000374649 -0.000351376 -0.000275659 -0.000251885 0.00128839 
-0.00276317 -0.00126725 -0.000780789 -0.000607187 -0.000573149 -0.000533542 -0.000504929 -0.0004818 -0.000441205 -0.000399769 -0.000283256 -0.00031817 0.00218157 
-0.00102694 -0.000635479 -0.000572287 -0.000561699 -0.000566559 -0.00055033 -0.000549463 -0.000537051 -0.000506971 -0.000465617 -0.000367544 -0.000590287 0.00264718 
0.000167708 -0.00015692 -0.000328357 -0.000359274 -0.000429358 -0.000444987 -0.000457345 -0.00047074 -0.000464092 -0.000428842 -0.000365342 -0.000435395 0.00316332 
0.000524375 6.05175e-05 -0.000134819 -6.28059e-05 -0.00017472 -0.000170592 -0.000176506 -0.000195156 -0.00016023 -0.000145716 -0.000207182 -0.000113371 0.00317075 
-0.000835483 -0.000381849 -0.000348522 -0.000224236 -0.000273537 -0.000258246 -0.000272463 -0.000252955 -0.000243095 -0.000201373 -5.14864e-05 -0.00016461 0.00337199 
-0.00285243 -0.00148216 -0.000944374 -0.000807666 -0.000706451 -0.000628439 -0.000542853 -0.000549455 -0.000511189 -0.000451863 -0.00028475 -0.000308157 0.00231677 
-0.00670042 -0.0027398 -0.00178419 -0.00143121 -0.00123164 -0.00108475 -0.00100823 -0.000950626 -0.00088885 -0.000834787 -0.000766179 -0.000731716 0.000877615 
-0.0084581 -0.00420774 -0.00265162 -0.00201873 -0.00168082 -0.00150836 -0.00139312 -0.00131063 -0.00127582 -0.00121134 -0.00118444 -0.00105189 -0.000626272 
