3.55503 2.40004 2.07104 1.90062 1.84952 1.78982 1.72534 1.86371 1.79756 1.87977 1.77793 1.61334 1.80689 
3.45278 2.40215 2.10606 1.99921 1.92332 1.87021 1.85472 1.84915 1.84563 1.88688 1.93799 1.66875 1.60858 
3.43397 2.39285 2.15845 2.0642 1.94871 1.92141 1.90061 1.91219 1.90731 1.85238 1.92686 1.56493 1.30557 
3.49161 2.40968 2.13679 2.01919 1.9582 1.92069 1.90112 1.84768 1.85585 1.86286 1.94052 1.43707 1.43252 
3.39665 2.34433 2.11358 1.99284 1.94048 1.90627 1.8579 1.84759 1.88539 1.89096 1.83166 1.43365 1.2116 
3.37819 2.306 2.10299 1.96497 1.93999 1.87969 1.88783 1.87422 1.90903 1.81273 1.86657 1.49024 1.32581 
3.43697 2.38933 2.14012 2.02393 1.94457 1.9206 1.89021 1.87806 1.87752 1.83928 1.84614 1.47742 1.49574 
3.43216 2.39065 2.13015 2.04247 1.95111 1.94617 1.91479 1.91439 1.85375 1.83528 1.79251 1.57244 1.55611 
3.45064 2.39361 2.15063 1.98022 1.95925 1.87005 1.80899 1.90322 1.87595 1.82058 1.93525 1.65884 1.83077 
3.60261 2.37704 2.04968 1.93119 1.88197 1.79483 1.79314 1.7668 1.73632 1.81615 1.78562 1.64559 1.88919 
3.70023 2.65964 2.24141 2.05705 1.94301 1.88705 1.84878 1.8365 1.7659 1.67715 1.69017 1.69395 1.69136 
3.64955 2.54718 2.21373 2.05238 1.94017 1.88343 1.9029 1.88668 1.81987 1.86522 1.75787 1.55804 1.94807 
3.6652 2.52645 2.20554 2.00702 2.01188 1.8864 1.89424 1.87492 1.90094 1.75302 1.85052 1.53318 1.90767 
3.64706 2.51806 2.19692 2.06255 1.97356 1.98684 1.90695 1.92331 1.90091 1.8945 1.87702 1.42046 1.21151 
3.59546 2.47695 2.18135 2.05214 1.95134 1.88584 1.93415 1.94177 1.9272 1.8382 1.82326 1.4918 1.11085 
3.50283 2.4144 2.15666 2.01175 1.94774 1.94716 1.92005 1.94437 1.86445 1.84016 1.81076 1.49649 1.52435 
3.60619 2.51261 2.20428 2.04183 1.98916 1.95628 1.85098 1.86285 1.84539 1.85667 1.88805 1.44402 1.86172 
3.65472 2.52993 2.18599 2.03849 1.96487 1.89398 1.85803 1.90073 1.84318 1.86309 1.86128 1.55413 1.76145 
3.7208 2.5119 2.18328 1.99494 1.92971 1.85016 1.82985 1.76469 1.87903 1.81452 1.81867 1.75557 1.81254 
3.92965 2.59381 2.15666 1.97189 1.81521 1.8164 1.75447 1.80919 1.84256 1.76114 1.84393 1.59809 1.30225 
3.72097 2.389 2.07507 1.95534 1.83819 1.8367 1.75306 1.78844 1.64266 1.87981 1.8671 1.71255 1.86877 
3.53372 2.41913 2.15471 2.01128 1.95519 1.92506 1.85175 1.8615 1.83349 1.86977 1.99585 1.5681 1.79417 
3.46076 2.41758 2.18546 2.0388 1.95624 1.94205 1.88533 1.89209 1.92222 1.8877 1.8754 1.54728 1.73633 
3.44832 2.40716 2.14569 2.0305 1.9681 1.94389 1.90061 1.89235 1.86237 1.79919 1.88624 1.42827 1.44042 
3.52091 2.36072 2.11022 2.02696 1.94764 1.89306 1.88276 1.8471 1.86955 1.81262 1.86319 1.51998 1.79308 
3.40234 2.36157 2.10119 1.99567 1.94525 1.90882 1.8813 1.85443 1.84412 1.84665 1.80339 1.45671 1.67885 
3.51733 2.41426 2.16336 2.02787 1.94916 1.93492 1.90522 1.87434 1.8234 1.88347 1.86071 1.52097 1.35721 
3.43027 2.42674 2.17327 2.03081 1.97532 1.92999 1.89122 1.86916 1.92578 1.88682 1.89247 1.59604 1.63976 
3.5148 2.42817 2.15485 2.00614 1.94418 1.91489 1.88904 1.85272 1.87293 1.82058 1.88073 1.68284 1.88166 
3.68913 2.42881 2.0842 1.94027 1.87609 1.83948 1.80815 1.79062 1.77747 1.78417 1.77626 1.58547 1.94967 
3.77057 2.74555 2.32031 2.12312 2.02305 1.94959 1.90774 1.83589 1.76558 1.80339 1.62 1.49553 1.70297 
3.78627 2.66863 2.30925 2.09704 2.01069 1.93888 1.92762 1.88642 1.85419 1.79905 1.73851 1.55719 1.72475 
3.74277 2.60479 2.24469 2.10302 1.9868 1.93414 1.88743 1.90222 1.89895 1.88021 1.8852 1.56189 1.86725 
3.71388 2.59752 2.2514 2.09655 2.013 1.96931 1.94211 1.94952 1.9082 1.87325 1.8541 1.46136 1.78846 
3.6279 2.52871 2.24794 2.07455 1.99177 1.92232 1.94579 1.91026 1.86288 1.92202 2.007 1.54685 1.75311 
3.63376 2.46757 2.19494 2.05899 1.96585 1.96761 1.91689 1.90428 1.92245 1.96988 1.8544 1.43787 1.45959 
3.65259 2.51748 2.21848 2.05396 1.9499 1.94806 1.91608 1.87739 1.85858 1.805 1.90189 1.46541 1.74567 
3.7357 2.49389 2.22411 2.07529 1.99007 1.94828 1.86414 1.89757 1.80686 1.88765 1.78892 1.54054 1.52136 
3.78241 2.53331 2.17694 2.0515 1.92541 1.89516 1.85723 1.87774 1.88626 1.8537 1.78557 1.6998 1.65486 
3.9657 2.5101 2.12532 1.97999 1.87781 1.77422 1.79307 1.78003 1.69485 1.82379 1.87336 1.62396 1.41337 
