2.18571e+06 178987
914584 88241.4
304555 33737.1
54653.5 7715.04
11162.8 1695.88
969.511 170.207
46.6878 10.2345
6.95833 3.15308
2.15067e+06 152689
901284 83365.4
300029 34342.2
55811.5 8557.81
11765.5 1944.31
1036.57 194.954
50.9396 11.6604
7.76008 3.28637
2.20921e+06 159608
920376 87321
304566 34198.7
55566.7 7929.34
11529.4 1837.78
1002.33 189.611
48.6703 11.7034
6.95833 3.33437
2.22465e+06 199332
917252 110566
304295 42262.5
55463.3 9935.62
11573.8 2183.2
1006.95 205.819
47.9928 12.106
7.02768 3.47299
808567 110608
329613 42175.5
112134 16049.8
23654 3871.26
5988.83 1141.12
601.225 125.193
29.5732 8.30806
3.86029 3.08664
821208 109663
330991 39563.6
112915 16029.1
23804.5 3838.8
6026.95 1111.88
614.819 125.457
29.9044 8.10121
4.96324 2.64689
2.17569e+06 182301
903711 87064.4
296263 34154.1
52423.7 8041.58
11008.8 1791.31
969.34 169.458
46.7114 10.549
6.84022 3.34091
2.19819e+06 169517
931664 76340.1
311749 30237
56503.1 7546.23
11706.5 1789.91
1029.05 186.186
49.8025 11.0444
7.56314 3.44084
